time,VIn,AIn,PIn,PWM,VOut,POut,EnProd
09:39:43, 885,  71,  62, 78, 196,  38,     0
09:39:48, 882,  75,  66, 78, 205,  42,     0
09:39:53, 873,   0,   0, 78,   0,   0,     0
09:39:58, 882, 146, 128, 80, 284,  80,     0
09:40:03, 879, 150, 131, 80, 299,  89,     0
09:40:08, 885, 170, 150, 82, 322, 103,     0
09:40:13, 879, 182, 159, 82, 334, 111,     0
09:40:18, 885, 186, 164, 83, 334, 111,     0
09:40:23, 885, 190, 168, 83, 337, 113,     0
09:40:28, 876, 197, 172, 83, 343, 117,     0
09:40:33, 876, 205, 179, 83, 360, 129,     0
09:40:38, 888, 201, 178, 83, 357, 127,     0
09:40:43, 882, 205, 180, 84, 346, 119,     0
09:40:48, 879, 221, 194, 84, 387, 149,     0
09:40:53, 876, 229, 200, 84, 384, 147,     0
09:40:58, 873, 233, 203, 86, 392, 153,     0
09:41:03, 868, 241, 209, 88, 390, 152,     0
09:41:08, 888, 245, 217, 88, 381, 145,     0
09:41:13, 888, 269, 238, 89, 413, 170,     0
09:41:18, 882, 296, 261, 89, 428, 183,     0
09:41:23, 882, 316, 278, 90, 454, 206,     0
09:41:28, 879, 332, 291, 90, 472, 222,     0
09:41:33, 885, 352, 311, 90, 475, 225,     0
09:41:38, 882, 360, 317, 89, 480, 230,     0
09:41:43, 879, 384, 337, 89, 501, 251,     0
09:41:48, 882, 407, 358, 90, 516, 266,     5
09:41:53, 885, 439, 388, 90, 554, 306,     5
09:41:58, 879, 467, 410, 90, 557, 310,     5
09:42:03, 885, 498, 440, 90, 577, 332,     5
09:42:08, 885, 502, 444, 91, 583, 339,     5
09:42:13, 891, 518, 461, 92, 601, 361,     5
09:42:18, 888, 530, 470, 92, 609, 370,     5
09:42:23, 888, 538, 477, 92, 612, 374,     5
09:42:28, 894, 542, 484, 92, 621, 385,     5
09:42:33, 888, 542, 481, 93, 618, 381,     5
09:42:38, 882, 566, 499, 93, 618, 381,     5
09:42:43, 894, 574, 513, 92, 642, 412,    10
09:42:48, 891, 613, 546, 94, 665, 442,    10
09:42:53, 891, 605, 539, 95, 645, 416,    10
09:42:58, 891, 617, 549, 94, 659, 434,    10
09:43:03, 891, 609, 542, 94, 659, 434,    10
09:43:08, 882, 613, 540, 95, 651, 423,    10
09:43:13, 894, 633, 565, 95, 674, 454,    10
09:43:18, 891, 665, 592, 95, 683, 466,    10
09:43:23, 894, 665, 594, 96, 692, 478,    15
09:43:28, 894, 665, 594, 96, 695, 483,    15
09:43:33, 888, 645, 572, 98, 671, 450,    15
09:43:38, 885, 680, 601, 96, 703, 494,    15
09:43:43, 894, 756, 675, 96, 756, 571,    15
09:43:48, 891, 771, 686, 99, 756, 571,    15
09:43:53, 891, 791, 704, 98, 765, 585,    15
09:43:58, 897, 835, 748, 99, 791, 625,    20
09:44:03, 894, 835, 746, 99, 785, 616,    20
09:44:08, 888, 859, 762, 99, 803, 644,    20
09:44:13, 882, 902, 795, 99, 835, 697,    20
09:44:18, 950, 950, 902, 97, 894, 799,    20
09:44:23, 970, 965, 936, 98, 909, 826,    25
09:44:28, 982, 981, 963, 98, 929, 863,    25
09:44:33,1000, 989, 989, 98, 938, 879,    25
09:44:38,1002,1001,1003, 98, 947, 896,    25
09:44:43,1026,1025,1051, 98, 973, 946,    30
09:44:48,1058,1025,1084, 97, 982, 964,    30
09:44:53,1038,1037,1076, 98, 982, 964,    30
09:44:58,1049,1045,1096, 98, 988, 976,    30
09:45:03,1046,1045,1093, 98, 985, 970,    35
09:45:08, 997, 989, 986, 98, 941, 885,    35
09:45:13, 991, 985, 976, 98, 932, 868,    35
09:45:18,1008,1001,1009, 98, 950, 902,    35
09:45:23,1014,1009,1023, 98, 953, 908,    40
09:45:28,1029, 993,1021, 97, 950, 902,    40
09:45:33,1043,1009,1052, 98, 967, 935,    40
09:45:38,1014,1005,1019, 98, 953, 908,    40
09:45:43,1043,1013,1056, 98, 964, 929,    45
09:45:48,1058,1021,1080, 97, 982, 964,    45
09:45:53,1038,1001,1039, 97, 961, 923,    45
09:45:58,1041,1005,1046, 97, 961, 923,    45
09:46:03,1026, 989,1014, 96, 950, 902,    50
09:46:08,1005, 969, 973, 97, 929, 863,    50
09:46:13,1064,1005,1069, 96, 979, 958,    50
09:46:18,1102,1041,1147, 95,1014,1028,    50
09:46:23,1108,1041,1153, 96,1017,1034,    55
09:46:28,1079,1045,1127, 96,1000,1000,    55
09:46:33,1067,1037,1106, 96, 994, 988,    55
09:46:38,1076,1041,1120, 97,1000,1000,    60
09:46:43,1067,1033,1102, 96, 988, 976,    60
09:46:48,1064,1029,1094, 96, 985, 970,    60
09:46:53,1076,1041,1120, 96, 997, 994,    60
09:46:58,1129,1060,1196, 96,1035,1071,    65
09:47:03,1093,1060,1158, 96,1014,1028,    65
09:47:08,1123,1057,1187, 96,1029,1058,    65
09:47:13,1105,1072,1184, 97,1029,1058,    70
09:47:18,1126,1092,1229, 96,1049,1100,    70
09:47:23,1140,1108,1263, 97,1064,1132,    70
09:47:28,1129,1128,1273, 97,1067,1138,    75
09:47:33,1131,1124,1271, 98,1067,1138,    75
09:47:38,1155,1124,1298, 97,1076,1157,    75
09:47:43,1114,1112,1238, 98,1049,1100,    75
09:47:48,1131,1096,1239, 98,1055,1113,    80
09:47:53,1090,1084,1181, 98,1026,1052,    80
09:47:58,1087,1084,1178, 98,1029,1058,    80
09:48:03,1087,1080,1173, 98,1023,1046,    85
09:48:08,1049,1072,1124, 99,1002,1004,    85
09:48:13,1111,1076,1195, 98,1035,1071,    85
09:48:18,1108,1076,1192, 97,1029,1058,    90
09:48:23,1146,1084,1242, 96,1049,1100,    90
09:48:28,1123,1092,1226, 97,1046,1094,    90
09:48:33,1137,1104,1255, 97,1061,1125,    90
09:48:38,1140,1112,1267, 97,1064,1132,    95
09:48:43,1108,1108,1227, 98,1052,1106,    95
09:48:48,1099,1096,1204, 98,1035,1071,    95
09:48:53,1079,1072,1156, 98,1017,1034,   100
09:48:58,1099,1068,1173, 98,1020,1040,   100
09:49:03,1070,1037,1109, 98, 997, 994,   100
09:49:08,1114,1080,1203, 96,1035,1071,   105
09:49:13,1170,1140,1333, 96,1093,1194,   105
09:49:18,1181,1148,1355, 97,1105,1221,   105
09:49:23,1178,1140,1342, 96,1096,1201,   105
09:49:28,1158,1088,1259, 95,1061,1125,   110
09:49:33,1114,1049,1168, 95,1020,1040,   110
09:49:38,1061,1029,1091, 96, 985, 970,   110
09:49:43,1099,1064,1169, 96,1020,1040,   115
09:49:48,1055,1025,1081, 96, 982, 964,   115
09:49:53,1052,1025,1078, 96, 976, 952,   115
09:49:58,1076,1013,1089, 95, 985, 970,   115
09:50:03,1079,1021,1101, 95, 988, 976,   120
09:50:08,1038,1005,1043, 97, 964, 929,   120
09:50:13,1061,1025,1087, 96, 985, 970,   120
09:50:18,1096,1064,1166, 96,1023,1046,   125
09:50:23,1164,1068,1243, 95,1058,1119,   125
09:50:28,1111,1080,1199, 96,1041,1083,   125
09:50:33,1143,1108,1266, 96,1061,1125,   125
09:50:38,1152,1116,1285, 96,1073,1151,   130
09:50:43,1123,1088,1221, 96,1043,1087,   130
09:50:48,1111,1076,1195, 97,1035,1071,   130
09:50:53,1070,1037,1109, 97, 991, 982,   135
09:50:58,1082,1045,1130, 96,1002,1004,   135
09:51:03,1073,1045,1121, 97, 997, 994,   135
09:51:08,1064,1033,1099, 96, 991, 982,   140
09:51:13,1055,1021,1077, 96, 979, 958,   140
09:51:18,1079,1045,1127, 97,1000,1000,   140
09:51:23,1111,1076,1195, 96,1035,1071,   140
09:51:28,1134,1104,1251, 96,1061,1125,   145
09:51:33,1155,1124,1298, 97,1076,1157,   145
09:51:38,1117,1116,1246, 98,1055,1113,   145
09:51:43,1105,1104,1219, 98,1043,1087,   150
09:51:48,1096,1096,1201, 98,1038,1077,   150
09:51:53,1140,1104,1258, 98,1064,1132,   150
09:51:58,1158,1124,1301, 97,1076,1157,   155
09:52:03,1170,1132,1324, 97,1087,1181,   155
09:52:08,1143,1112,1271, 97,1064,1132,   155
09:52:13,1143,1076,1229, 96,1049,1100,   155
09:52:18,1070,1037,1109, 96, 991, 982,   160
09:52:23,1046, 985,1030, 96, 958, 917,   160
09:52:28,1005, 973, 977, 96, 929, 863,   160
09:52:33, 988, 954, 942, 97, 917, 840,   165
09:52:38, 920, 890, 818, 97, 847, 717,   165
09:52:43, 853, 827, 705, 97, 780, 608,   165
09:53:32,1958, 498, 975, 49, 932, 868,   165
09:53:37,1947, 518,1008, 50, 950, 902,   165
09:53:42,1964, 522,1025, 50, 956, 913,   170
09:53:47,1973, 526,1037, 50, 964, 929,   170
09:53:52,1967, 522,1026, 51, 964, 929,   170
09:53:57,1958, 514,1006, 50, 953, 908,   170
09:54:02,1958, 514,1006, 50, 950, 902,   175
09:54:07,1944, 546,1061, 51, 970, 940,   175
09:54:12,1926, 570,1097, 53, 988, 976,   175
09:54:17,1926, 574,1105, 52, 991, 982,   175
09:54:22,1929, 570,1099, 52, 988, 976,   180
09:54:27,1938, 578,1120, 52, 994, 988,   180
09:54:32,1929, 574,1107, 53, 991, 982,   180
09:54:37,1917, 593,1136, 54,1008,1016,   185
09:54:42,1906, 621,1183, 55,1026,1052,   185
09:54:47,1903, 621,1181, 56,1020,1040,   185
09:54:52,1900, 649,1233, 57,1043,1087,   185
09:54:57,1876, 676,1268, 57,1055,1113,   190
09:55:02,1882, 641,1206, 57,1032,1065,   190
09:55:07,1873, 676,1266, 58,1055,1113,   190
09:55:12,1865, 673,1255, 57,1046,1094,   195
09:55:17,1832, 688,1260, 59,1052,1106,   195
09:55:22,1838, 688,1264, 60,1055,1113,   195
09:55:27,1821, 716,1303, 60,1070,1144,   200
09:55:32,1785, 736,1313, 61,1067,1138,   200
09:55:37,1797, 736,1322, 61,1076,1157,   200
09:55:42,1803, 803,1447, 63,1129,1274,   205
09:55:47,1821, 815,1484, 64,1134,1285,   205
09:55:52,1841, 823,1515, 64,1149,1320,   205
09:55:57,1821, 843,1535, 65,1161,1347,   210
09:56:02,1803, 839,1512, 65,1146,1313,   210
09:56:07,1815, 843,1530, 66,1155,1334,   210
09:56:12,1821, 851,1549, 65,1161,1347,   215
09:56:17,1800, 870,1566, 66,1173,1375,   215
09:56:22,1806, 839,1515, 66,1149,1320,   220
09:56:27,1771, 863,1528, 66,1155,1334,   220
09:56:32,1753, 851,1491, 67,1140,1299,   220
09:56:37,1727, 867,1497, 68,1140,1299,   225
09:56:42,1706, 863,1472, 68,1129,1274,   225
09:56:47,1668, 870,1451, 69,1120,1254,   225
09:56:52,1642, 851,1397, 69,1102,1214,   230
09:56:57,1589, 855,1358, 70,1079,1164,   230
09:57:02,1574, 878,1381, 72,1096,1201,   230
09:57:07,1598, 894,1428, 71,1108,1227,   235
09:57:12,1583, 918,1453, 72,1120,1254,   235
09:57:17,1571, 946,1486, 74,1134,1285,   235
09:57:22,1586, 950,1506, 74,1143,1306,   240
09:57:27,1563, 969,1514, 75,1146,1313,   240
09:57:32,1568, 969,1519, 76,1149,1320,   240
09:57:37,1592, 989,1574, 76,1167,1361,   245
09:57:42,1527,1009,1540, 78,1155,1334,   245
09:57:47,1442, 977,1408, 79,1108,1227,   250
09:57:52,1410, 954,1345, 79,1079,1164,   250
09:57:57,1442, 977,1408, 79,1105,1221,   250
09:58:02,1489,1013,1508, 79,1140,1299,   255
09:58:07,1524,1037,1580, 79,1170,1368,   255
09:58:12,1472,1033,1520, 80,1149,1320,   255
09:58:17,1478,1037,1532, 80,1155,1334,   260
09:58:22,1486,1041,1546, 80,1158,1340,   260
09:58:27,1457,1053,1534, 81,1152,1327,   260
09:58:32,1434,1064,1525, 83,1155,1334,   265
09:58:37,1425,1060,1510, 83,1149,1320,   265
09:58:42,1448,1080,1563, 82,1173,1375,   270
09:58:47,1439,1068,1536, 83,1158,1340,   270
09:58:52,1384,1029,1424, 83,1108,1227,   270
09:58:57,1425,1057,1506, 83,1143,1306,   275
09:59:02,1422,1057,1503, 83,1140,1299,   275
09:59:07,1407,1049,1475, 83,1134,1285,   275
09:59:12,1387,1060,1470, 84,1134,1285,   280
09:59:17,1346,1021,1374, 84,1096,1201,   280
09:59:22,1304, 993,1294, 84,1064,1132,   280
09:59:27,1322,1029,1360, 85,1090,1188,   285
09:59:32,1369,1045,1430, 84,1120,1254,   285
09:59:37,1272, 965,1227, 84,1038,1077,   285
09:59:42,1114, 803, 894, 84, 888, 788,   290
09:59:47, 903, 641, 578, 83, 706, 498,   290
09:59:52, 920, 637, 586, 82, 715, 511,   290
09:59:57, 976, 673, 656, 82, 756, 571,   290
10:00:02, 859, 609, 523, 82, 674, 454,   290
10:00:07, 888, 530, 470, 85, 612, 374,   290
10:00:12, 894, 522, 466, 84, 609, 370,   290
10:00:17, 888, 633, 562, 83, 703, 494,   295
10:00:22,1173, 795, 932, 81, 903, 815,   295
10:00:27,1392, 910,1266, 78,1049,1100,   295
10:00:32,1501, 958,1437, 77,1120,1254,   295
10:00:37,1501, 981,1472, 78,1131,1279,   300
10:00:42,1521,1001,1522, 78,1152,1327,   300
10:00:47,1545,1017,1571, 78,1170,1368,   300
10:00:52,1539,1049,1614, 79,1184,1401,   305
10:00:57,1516,1064,1613, 80,1181,1394,   305
10:01:02,1495,1045,1562, 80,1167,1361,   310
10:01:07,1504,1053,1583, 80,1175,1380,   310
10:01:12,1463,1060,1550, 81,1158,1340,   310
10:01:17,1501,1088,1633, 82,1193,1423,   315
10:01:22,1436,1029,1477, 81,1134,1285,   315
10:01:27,1369, 981,1342, 81,1079,1164,   315
10:01:32,1319, 946,1247, 82,1038,1077,   320
10:01:37,1281, 910,1165, 82,1008,1016,   320
10:01:42,1351, 942,1272, 80,1055,1113,   320
10:01:47,1392, 969,1348, 80,1082,1170,   325
10:01:52,1483,1009,1496, 79,1137,1292,   325
10:01:57,1425, 958,1365, 79,1090,1188,   325
10:02:02,1480,1005,1487, 79,1137,1292,   330
10:02:07,1419, 958,1359, 79,1087,1181,   330
10:02:12,1436, 973,1397, 79,1102,1214,   330
10:02:17,1448,1009,1461, 80,1129,1274,   335
10:02:22,1472,1029,1514, 80,1149,1320,   335
10:02:27,1472,1029,1514, 81,1146,1313,   335
10:02:32,1419,1025,1454, 81,1129,1274,   340
10:02:37,1384, 993,1374, 81,1090,1188,   340
10:02:42,1307, 934,1220, 82,1032,1065,   345
10:02:47,1322, 946,1250, 81,1046,1094,   345
10:02:52,1304, 958,1249, 82,1046,1094,   345
10:02:57,1258, 902,1134, 82,1000,1000,   345
10:03:02,1313, 934,1226, 82,1035,1071,   350
10:03:07,1296, 950,1231, 83,1038,1077,   350
10:03:12,1155, 831, 959, 82, 917, 840,   350
10:03:17,1108, 795, 880, 82, 876, 767,   350
10:03:22,1167, 819, 955, 82, 909, 826,   355
10:03:27,1143, 831, 949, 83, 914, 835,   355
10:03:32,1299, 894,1161, 81,1005,1010,   355
10:03:37,1278, 906,1157, 82,1005,1010,   355
10:03:42,1310, 934,1223, 81,1035,1071,   360
10:03:47,1328, 946,1256, 81,1046,1094,   360
10:03:52,1275, 906,1155, 81,1005,1010,   360
10:03:57,1252, 886,1109, 81, 988, 976,   365
10:04:02,1137, 795, 903, 81, 894, 799,   365
10:04:07,1076, 724, 779, 80, 824, 678,   365
10:04:12,1093, 736, 804, 81, 841, 707,   365
10:04:17,1041, 700, 728, 81, 806, 649,   365
10:04:22, 994, 688, 683, 82, 777, 603,   370
10:04:27,1055, 704, 742, 81, 806, 649,   370
10:04:32,1269, 819,1039, 78, 953, 908,   370
10:04:37,1442, 882,1271, 76,1052,1106,   370
10:04:42,1319, 799,1053, 75, 958, 917,   375
10:04:47,1129, 645, 728, 75, 803, 644,   375
10:04:52,1140, 676, 770, 76, 818, 669,   375
10:04:57,1337, 779,1041, 74, 956, 913,   375
10:05:02,1592, 922,1467, 72,1126,1267,   380
10:05:07,1639, 946,1550, 73,1161,1347,   380
10:05:12,1692, 981,1659, 72,1199,1437,   380
10:05:17,1692, 981,1659, 73,1196,1430,   385
10:05:22,1686,1005,1694, 74,1214,1473,   385
10:05:27,1686,1021,1721, 74,1222,1493,   390
10:05:32,1671,1037,1732, 75,1225,1500,   390
10:05:37,1618,1037,1677, 77,1205,1452,   390
10:05:42,1554,1060,1647, 79,1196,1430,   395
10:05:47,1527,1037,1583, 79,1170,1368,   395
10:05:52,1401, 981,1374, 80,1093,1194,   395
10:05:57,1319, 882,1163, 80,1005,1010,   400
10:06:02,1129, 764, 862, 80, 868, 753,   400
10:06:07,1184, 756, 895, 78, 885, 783,   400
10:06:12,1366, 863,1178, 76,1008,1016,   400
10:06:17,1527, 942,1438, 75,1117,1247,   405
10:06:22,1475, 902,1330, 75,1070,1144,   405
10:06:27,1407, 859,1208, 75,1023,1046,   405
10:06:32,1416, 863,1222, 75,1032,1065,   410
10:06:37,1662, 962,1598, 74,1181,1394,   410
10:06:42,1697,1017,1725, 74,1225,1500,   415
10:06:47,1700,1021,1735, 75,1225,1500,   415
10:06:52,1677,1037,1739, 75,1225,1500,   415
10:06:57,1671,1037,1732, 75,1225,1500,   420
10:07:02,1680,1045,1755, 75,1231,1515,   420
10:07:07,1689,1049,1771, 75,1234,1522,   425
10:07:12,1648,1057,1741, 77,1231,1515,   425
10:07:17,1642,1013,1663, 76,1199,1437,   425
10:07:22,1627,1005,1635, 76,1190,1416,   430
10:07:27,1580,1009,1594, 77,1173,1375,   430
10:07:32,1580,1045,1651, 78,1196,1430,   435
10:07:37,1516, 997,1511, 77,1143,1306,   435
10:07:42,1469, 962,1413, 77,1105,1221,   435
10:07:47,1445, 950,1372, 78,1087,1181,   440
10:07:52,1457, 954,1389, 78,1102,1214,   440
10:07:57,1524, 969,1476, 77,1129,1274,   440
10:08:02,1489, 977,1454, 78,1126,1267,   445
10:08:07,1586,1045,1657, 77,1196,1430,   445
10:08:12,1577,1041,1641, 78,1193,1423,   450
10:08:17,1571,1072,1684, 79,1211,1466,   450
10:08:22,1536,1080,1658, 80,1199,1437,   450
10:08:27,1501,1021,1532, 80,1152,1327,   455
10:08:32,1407, 985,1385, 81,1096,1201,   455
10:08:37,1351, 934,1261, 80,1046,1094,   455
10:08:42,1260, 894,1126, 81, 991, 982,   460
10:08:47,1258, 894,1124, 81, 988, 976,   460
10:08:52,1208, 851,1028, 81, 947, 896,   460
10:08:57,1208, 847,1023, 81, 950, 902,   460
10:09:02,1316, 882,1160, 80,1014,1028,   465
10:09:07,1307, 874,1142, 79, 997, 994,   465
10:09:12,1284, 855,1097, 80, 976, 952,   465
10:09:17,1196, 819, 979, 80, 929, 863,   470
10:09:22,1140, 771, 878, 80, 876, 767,   470
10:09:27,1085, 752, 815, 82, 850, 722,   470
10:09:32,1131, 740, 836, 80, 859, 737,   470
10:09:37,1008, 669, 674, 80, 774, 599,   470
10:09:42, 988, 637, 629, 79, 741, 549,   470
10:09:47,1005, 625, 628, 78, 739, 546,   475
10:09:52,1046, 657, 687, 77, 785, 616,   475
10:09:57,1032, 625, 645, 77, 756, 571,   475
10:10:02,1058, 621, 657, 76, 762, 580,   475
10:10:07,1181, 696, 821, 75, 850, 722,   475
10:10:12,1099, 645, 708, 75, 794, 630,   480
10:10:17,1020, 589, 600, 75, 730, 532,   480
10:10:22,1120, 589, 659, 72, 762, 580,   480
10:10:27,1096, 601, 658, 73, 762, 580,   480
10:10:32,1137, 605, 687, 71, 780, 608,   480
10:10:37,1211, 601, 727, 70, 797, 635,   480
10:10:42,1243, 625, 776, 69, 826, 682,   480
10:10:47,1266, 637, 806, 69, 838, 702,   485
10:10:52,1237, 593, 733, 69, 797, 635,   485
10:10:57,1222, 585, 714, 68, 788, 620,   485
10:11:02,1178, 562, 662, 67, 759, 576,   485
10:11:07,1243, 574, 713, 67, 785, 616,   485
10:11:12,1214, 578, 701, 68, 785, 616,   490
10:11:17,1299, 605, 785, 67, 824, 678,   490
10:11:22,1278, 578, 738, 66, 803, 644,   490
10:11:27,1234, 550, 678, 65, 774, 599,   490
10:11:32,1231, 546, 672, 65, 762, 580,   490
10:11:37,1287, 554, 712, 65, 788, 620,   490
10:11:42,1381, 625, 863, 65, 862, 743,   495
10:11:47,1439, 657, 945, 65, 906, 820,   495
10:11:52,1413, 645, 911, 65, 888, 788,   495
10:11:57,1348, 613, 826, 65, 847, 717,   495
10:12:02,1475, 645, 951, 64, 906, 820,   495
10:12:07,1466, 645, 945, 64, 906, 820,   500
10:12:12,1419, 649, 920, 65, 891, 793,   500
10:12:17,1422, 673, 957, 66, 909, 826,   500
10:12:22,1363, 669, 911, 68, 888, 788,   500
10:12:27,1372, 673, 923, 68, 894, 799,   505
10:12:32,1442, 684, 986, 67, 920, 846,   505
10:12:37,1387, 657, 911, 67, 891, 793,   505
10:12:42,1419, 669, 949, 66, 906, 820,   505
10:12:47,1425, 680, 969, 67, 917, 840,   510
10:12:52,1463, 692,1012, 66, 938, 879,   510
10:12:57,1445, 688, 994, 66, 923, 851,   510
10:13:02,1407, 692, 973, 68, 920, 846,   510
10:13:07,1504, 744,1118, 68, 982, 964,   515
10:13:12,1598, 768,1227, 67,1029,1058,   515
10:13:17,1615, 807,1303, 68,1061,1125,   515
10:13:22,1651, 827,1365, 67,1090,1188,   515
10:13:27,1665, 835,1390, 67,1096,1201,   520
10:13:32,1645, 827,1360, 68,1085,1177,   520
10:13:37,1548, 799,1236, 69,1038,1077,   520
10:13:42,1533, 795,1218, 68,1026,1052,   525
10:13:47,1475, 756,1115, 69, 982, 964,   525
10:13:52,1442, 744,1072, 70, 964, 929,   525
10:13:57,1392, 736,1024, 70, 941, 885,   525
10:14:02,1313, 688, 903, 70, 885, 783,   530
10:14:07,1252, 653, 817, 70, 841, 707,   530
10:14:12,1202, 625, 751, 70, 812, 659,   530
10:14:17,1187, 617, 732, 70, 797, 635,   530
10:14:22,1137, 609, 692, 71, 777, 603,   530
10:14:27,1090, 554, 603, 71, 727, 528,   535
10:14:32,1061, 518, 549, 70, 695, 483,   535
10:14:37,1052, 514, 540, 69, 692, 478,   535
10:14:42,1035, 506, 523, 68, 683, 466,   535
10:14:47,1102, 542, 597, 69, 727, 528,   535
10:14:52,1155, 550, 635, 67, 744, 553,   535
10:14:57,1114, 526, 585, 67, 715, 511,   535
10:15:02,1079, 486, 524, 67, 674, 454,   540
10:15:07,1038, 451, 468, 65, 645, 416,   540
10:15:12,1105, 486, 537, 65, 689, 474,   540
10:15:17,1313, 550, 722, 63, 791, 625,   540
10:15:22,1428, 609, 869, 62, 865, 748,   540
10:15:27,1504, 641, 964, 62, 912, 831,   540
10:15:32,1439, 609, 876, 62, 873, 762,   545
10:15:37,1369, 578, 791, 63, 826, 682,   545
10:15:42,1351, 546, 737, 62, 803, 644,   545
10:15:47,1363, 550, 749, 62, 803, 644,   545
10:15:52,1351, 546, 737, 61, 797, 635,   545
10:15:57,1425, 554, 789, 60, 824, 678,   550
10:16:02,1442, 562, 810, 60, 832, 692,   550
10:16:07,1387, 534, 740, 60, 800, 640,   550
10:16:12,1307, 482, 629, 60, 739, 546,   550
10:16:17,1366, 506, 691, 60, 780, 608,   550
10:16:22,1436, 534, 766, 58, 812, 659,   550
10:16:27,1454, 546, 793, 59, 826, 682,   555
10:16:32,1460, 542, 791, 59, 829, 687,   555
10:16:37,1601, 574, 918, 59, 894, 799,   555
10:16:42,1589, 593, 942, 60, 906, 820,   555
10:16:47,1580, 621, 981, 60, 920, 846,   555
10:16:52,1624, 641,1040, 60, 947, 896,   560
10:16:57,1595, 625, 996, 60, 926, 857,   560
10:17:02,1451, 562, 815, 60, 838, 702,   560
10:17:07,1516, 589, 892, 60, 882, 777,   560
10:17:12,1495, 609, 910, 62, 885, 783,   565
10:17:17,1486, 609, 904, 61, 882, 777,   565
10:17:22,1384, 538, 744, 61, 800, 640,   565
10:17:27,1284, 514, 659, 61, 759, 576,   565
10:17:32,1202, 471, 566, 61, 700, 490,   565
10:17:37,1096, 423, 463, 61, 639, 408,   565
10:17:42,1158, 451, 522, 62, 677, 458,   570
10:17:47,1134, 423, 479, 60, 651, 423,   570
10:17:52,1237, 447, 552, 60, 695, 483,   570
10:17:57,1190, 443, 527, 61, 680, 462,   570
10:18:02,1175, 439, 515, 61, 671, 450,   570
10:18:07,1222, 443, 541, 60, 686, 470,   570
10:18:13,1219, 459, 559, 61, 700, 490,   570
10:18:18,1214, 479, 581, 62, 709, 502,   570
10:18:23,1202, 467, 561, 61, 700, 490,   575
10:18:28,1190, 463, 550, 61, 695, 483,   575
10:18:33,1211, 455, 551, 61, 697, 485,   575
10:18:38,1269, 482, 611, 60, 730, 532,   575
10:18:43,1225, 459, 562, 60, 700, 490,   575
10:18:48,1228, 443, 544, 59, 686, 470,   575
10:18:53,1252, 455, 569, 59, 700, 490,   575
10:18:58,1281, 447, 572, 58, 700, 490,   580
10:19:03,1193, 411, 490, 57, 653, 426,   580
10:19:08,1351, 455, 614, 56, 730, 532,   580
10:19:13,1416, 482, 682, 56, 765, 585,   580
10:19:18,1390, 471, 654, 56, 750, 562,   580
10:19:23,1413, 455, 642, 55, 747, 558,   580
10:19:28,1322, 423, 559, 55, 697, 485,   580
10:19:33,1266, 403, 510, 55, 668, 446,   585
10:19:38,1225, 387, 474, 55, 645, 416,   585
10:19:43,1214, 384, 466, 55, 639, 408,   585
10:19:48,1258, 380, 478, 55, 645, 416,   585
10:19:53,1231, 387, 476, 55, 648, 419,   585
10:19:58,1269, 399, 506, 55, 662, 438,   585
10:20:03,1310, 419, 548, 56, 692, 478,   585
10:20:08,1363, 435, 592, 55, 715, 511,   585
10:20:13,1351, 435, 587, 55, 709, 502,   590
10:20:18,1246, 395, 492, 55, 651, 423,   590
10:20:23,1199, 356, 426, 54, 612, 374,   590
10:20:28,1214, 360, 437, 53, 618, 381,   590
10:20:33,1243, 356, 442, 53, 618, 381,   590
10:20:38,1234, 356, 439, 53, 615, 378,   590
10:20:43,1302, 372, 484, 53, 651, 423,   590
10:20:48,1316, 360, 473, 52, 642, 412,   590
10:20:53,1328, 364, 483, 51, 642, 412,   590
10:20:58,1284, 352, 451, 52, 621, 385,   595
10:21:03,1392, 387, 538, 51, 680, 462,   595
10:21:08,1319, 380, 501, 52, 659, 434,   595
10:21:13,1334, 364, 485, 52, 645, 416,   595
10:21:18,1354, 376, 509, 52, 662, 438,   595
10:21:23,1304, 356, 464, 51, 636, 404,   595
10:21:28,1231, 332, 408, 52, 604, 364,   595
10:21:33,1181, 312, 368, 52, 568, 322,   595
10:21:38,1231, 316, 388, 50, 583, 339,   600
10:21:43,1255, 324, 406, 50, 598, 357,   600
10:21:48,1243, 320, 397, 51, 589, 346,   600
10:21:53,1181, 316, 373, 52, 574, 329,   600
10:21:58,1134, 300, 340, 51, 548, 300,   600
10:22:03,1105, 289, 319, 51, 530, 280,   600
10:22:08,1102, 289, 318, 51, 527, 277,   600
10:22:13,1073, 277, 297, 51, 513, 263,   600
10:22:18,1129, 296, 334, 52, 545, 297,   600
10:22:23,1272, 328, 417, 50, 598, 357,   600
10:22:28,1260, 324, 408, 51, 601, 361,   600
10:22:33,1164, 273, 317, 49, 533, 284,   600
10:22:38,1140, 269, 306, 49, 524, 274,   605
10:22:43,1076, 265, 285, 50, 504, 254,   605
10:22:48,1067, 261, 278, 50, 498, 248,   605
10:22:53,1070, 261, 279, 50, 501, 251,   605
10:22:58,1184, 285, 337, 49, 548, 300,   605
10:23:03,1246, 304, 378, 49, 574, 329,   605
10:23:08,1240, 300, 372, 49, 568, 322,   605
10:23:13,1269, 308, 390, 49, 586, 343,   605
10:23:18,1243, 304, 377, 49, 571, 326,   605
10:23:23,1143, 269, 307, 49, 524, 274,   605
10:23:28,1126, 265, 298, 49, 516, 266,   605
10:23:33,1120, 261, 292, 49, 510, 260,   605
10:23:38,1126, 265, 298, 49, 516, 266,   610
10:23:43,1123, 277, 311, 50, 530, 280,   610
10:23:48,1137, 285, 324, 50, 533, 284,   610
10:23:53,1222, 308, 376, 50, 574, 329,   610
10:23:58,1287, 328, 422, 50, 609, 370,   610
10:24:03,1310, 340, 445, 50, 621, 385,   610
10:24:08,1363, 360, 490, 50, 651, 423,   610
10:24:13,1445, 364, 525, 50, 671, 450,   610
10:24:18,1304, 340, 443, 50, 621, 385,   610
10:24:23,1319, 340, 448, 50, 624, 389,   610
10:24:28,1334, 352, 469, 50, 636, 404,   615
10:24:33,1343, 352, 472, 50, 645, 416,   615
10:24:38,1463, 391, 572, 51, 697, 485,   615
10:24:43,1492, 395, 589, 50, 715, 511,   615
10:24:48,1510, 399, 602, 50, 721, 519,   615
10:24:53,1571, 419, 658, 50, 753, 567,   615
10:24:58,1601, 427, 683, 50, 774, 599,   615
10:25:03,1504, 403, 606, 50, 718, 515,   620
10:25:08,1492, 380, 566, 50, 703, 494,   620
10:25:13,1375, 387, 532, 51, 674, 454,   620
10:25:18,1369, 384, 525, 51, 671, 450,   620
10:25:23,1390, 391, 543, 51, 683, 466,   620
10:25:28,1366, 376, 513, 52, 665, 442,   620
10:25:33,1173, 316, 370, 51, 571, 326,   620
10:25:38,1111, 273, 303, 50, 519, 269,   620
10:25:43,1140, 289, 329, 50, 536, 287,   620
10:25:48,1175, 277, 325, 49, 536, 287,   625
10:25:53,1149, 273, 313, 49, 524, 274,   625
10:25:58,1073, 261, 280, 50, 504, 254,   625
10:26:03,1076, 265, 285, 50, 504, 254,   625
10:26:08, 988, 237, 234, 50, 460, 211,   625
10:26:13, 923, 225, 207, 50, 425, 180,   625
10:26:18, 920, 225, 207, 50, 428, 183,   625
10:26:23, 909, 221, 200, 50, 419, 175,   625
10:26:28, 967, 217, 209, 49, 439, 192,   625
10:26:33, 991, 237, 234, 50, 457, 208,   625
10:26:38,1096, 257, 281, 49, 501, 251,   625
10:26:43,1225, 296, 362, 49, 560, 313,   625
10:26:48,1316, 324, 426, 49, 615, 378,   625
10:26:53,1384, 352, 487, 49, 648, 419,   625
10:26:58,1372, 340, 466, 49, 639, 408,   630
10:27:03,1331, 328, 436, 49, 612, 374,   630
10:27:08,1304, 320, 417, 49, 607, 368,   630
10:27:13,1164, 273, 317, 49, 527, 277,   630
10:27:18,1052, 245, 257, 49, 475, 225,   630
10:27:23, 976, 225, 219, 49, 439, 192,   630
10:27:28, 865, 201, 173, 49, 384, 147,   630
10:27:33, 847, 193, 163, 49, 378, 142,   630
10:27:38, 862, 197, 169, 49, 381, 145,   630
10:27:43, 879, 201, 176, 50, 390, 152,   630
10:27:48, 888, 205, 182, 49, 395, 156,   630
10:27:53, 868, 197, 170, 49, 387, 149,   630
10:27:58, 879, 201, 176, 49, 390, 152,   630
10:28:03, 897, 201, 180, 49, 404, 163,   630
10:28:08, 947, 213, 201, 49, 428, 183,   630
10:28:13,1041, 241, 250, 49, 478, 228,   630
10:28:18,1032, 237, 244, 49, 472, 222,   635
10:28:23,1079, 249, 268, 49, 489, 239,   635
10:28:28,1041, 237, 246, 49, 472, 222,   635
10:28:33,1014, 233, 236, 49, 457, 208,   635
10:28:38,1023, 233, 238, 50, 457, 208,   635
10:28:43,1029, 253, 260, 50, 480, 230,   635
10:28:48,1064, 245, 260, 49, 483, 233,   635
10:28:53,1117, 261, 291, 49, 507, 257,   635
10:28:58,1175, 277, 325, 49, 539, 290,   635
10:29:03,1205, 289, 348, 49, 554, 306,   635
10:29:08,1137, 285, 324, 50, 536, 287,   635
10:29:13,1143, 289, 330, 50, 536, 287,   635
10:29:18,1161, 292, 339, 50, 545, 297,   635
10:29:23,1129, 296, 334, 51, 545, 297,   635
10:29:28,1263, 308, 389, 50, 586, 343,   640
10:29:33,1225, 312, 382, 51, 580, 336,   640
10:29:38,1249, 324, 404, 50, 592, 350,   640
10:29:43,1331, 352, 468, 51, 639, 408,   640
10:29:48,1337, 368, 492, 52, 651, 423,   640
10:29:53,1346, 372, 500, 51, 656, 430,   640
10:29:58,1416, 395, 559, 51, 695, 483,   640
10:30:03,1422, 395, 561, 52, 697, 485,   640
10:30:08,1489, 419, 623, 52, 733, 537,   645
10:30:13,1445, 427, 617, 52, 736, 541,   645
10:30:18,1439, 423, 608, 53, 724, 524,   645
10:30:23,1451, 427, 619, 52, 727, 528,   645
10:30:28,1524, 451, 687, 53, 768, 589,   645
10:30:33,1589, 451, 716, 52, 791, 625,   645
10:30:38,1498, 447, 669, 53, 759, 576,   645
10:30:43,1460, 479, 699, 55, 777, 603,   650
10:30:48,1586, 522, 827, 55, 841, 707,   650
10:30:53,1633, 542, 885, 55, 876, 767,   650
10:30:58,1592, 522, 831, 55, 850, 722,   650
10:31:03,1612, 526, 847, 55, 862, 743,   650
10:31:08,1615, 530, 855, 56, 862, 743,   655
10:31:13,1404, 479, 672, 56, 762, 580,   655
10:31:18,1495, 514, 768, 56, 809, 654,   655
10:31:23,1592, 546, 869, 56, 868, 753,   655
10:31:28,1703, 585, 996, 56, 932, 868,   655
10:31:33,1565, 562, 879, 57, 870, 756,   660
10:31:38,1348, 482, 649, 58, 744, 553,   660
10:31:43,1193, 391, 466, 57, 639, 408,   660
10:31:48,1263, 395, 498, 56, 659, 434,   660
10:31:53,1155, 340, 392, 54, 586, 343,   660
10:31:58, 909, 261, 237, 54, 454, 206,   660
10:32:03, 859, 233, 200, 53, 416, 173,   660
10:32:08, 882, 205, 180, 53, 378, 142,   660
10:32:13, 879, 186, 163, 54, 351, 123,   660
10:32:18, 882, 182, 160, 54, 360, 129,   660
10:32:23, 882, 166, 146, 54, 328, 107,   660
10:32:28, 879, 158, 138, 54, 348, 121,   660
10:32:33, 879, 162, 142, 57, 337, 113,   660
10:32:38, 879, 162, 142, 57, 351, 123,   665
10:32:43, 885, 162, 143, 57, 328, 107,   665
10:32:48, 885, 174, 153, 59, 331, 109,   665
10:32:53, 888, 178, 158, 59, 351, 123,   665
10:32:58, 879, 174, 152, 60, 340, 115,   665
10:33:03, 876, 186, 162, 61, 363, 131,   665
10:33:08, 882, 197, 173, 62, 369, 136,   665
10:33:13, 882, 217, 191, 62, 390, 152,   665
10:33:18, 882, 217, 191, 62, 390, 152,   665
10:33:23, 882, 193, 170, 63, 366, 133,   665
10:33:28, 882, 174, 153, 64, 334, 111,   665
10:33:33, 879, 166, 145, 65, 328, 107,   665
10:33:38, 885, 162, 143, 65, 334, 111,   665
10:33:43, 876, 154, 134, 66, 316,  99,   665
10:33:48, 885, 150, 132, 68, 296,  87,   665
10:33:53, 879, 150, 131, 70, 304,  92,   665
10:33:58, 882, 150, 132, 68, 307,  94,   665
10:34:03, 870, 150, 130, 69, 290,  84,   665
10:34:08, 879, 154, 135, 70, 313,  97,   665
10:34:13, 882, 158, 139, 70, 328, 107,   665
10:34:18, 879, 150, 131, 71, 299,  89,   665
10:34:23, 882, 142, 125, 72, 313,  97,   665
10:34:28, 879, 142, 124, 73, 278,  77,   665
10:34:33, 876, 142, 124, 72, 304,  92,   665
10:34:38, 885, 138, 122, 72, 302,  91,   665
10:34:43, 882, 138, 121, 74, 304,  92,   665
10:34:48, 885, 142, 125, 75, 313,  97,   665
10:34:53, 885, 138, 122, 77, 275,  75,   665
10:34:58, 876, 138, 120, 77, 272,  73,   665
10:35:03, 882, 138, 121, 79, 284,  80,   665
10:35:08, 885, 138, 122, 79, 278,  77,   665
10:35:13, 876, 138, 120, 80, 266,  70,   665
10:35:18, 885, 142, 125, 80, 284,  80,   665
10:35:23, 885, 134, 118, 80, 302,  91,   665
10:35:28, 885, 142, 125, 80, 284,  80,   665
10:35:33, 885, 150, 132, 79, 304,  92,   670
10:35:38, 882, 154, 135, 79, 299,  89,   670
10:35:43, 879, 158, 138, 78, 307,  94,   670
10:35:48, 882, 166, 146, 79, 316,  99,   670
10:35:53, 882, 182, 160, 79, 328, 107,   670
10:35:58, 879, 170, 149, 79, 322, 103,   670
10:36:03, 879, 162, 142, 80, 316,  99,   670
10:36:08, 879, 162, 142, 80, 319, 101,   670
10:36:13, 882, 166, 146, 80, 316,  99,   670
10:36:18, 879, 166, 145, 80, 322, 103,   670
10:36:23, 882, 174, 153, 81, 331, 109,   670
10:36:28, 882, 170, 149, 82, 325, 105,   670
10:36:33, 879, 170, 149, 84, 316,  99,   670
10:36:38, 882, 170, 149, 84, 322, 103,   670
10:36:43, 882, 170, 149, 85, 325, 105,   670
10:36:48, 876, 170, 148, 84, 322, 103,   670
10:36:53, 873, 174, 151, 84, 316,  99,   670
10:36:58, 882, 182, 160, 84, 346, 119,   670
10:37:03, 882, 170, 149, 83, 313,  97,   670
10:37:08, 882, 166, 146, 83, 316,  99,   670
10:37:13, 879, 158, 138, 83, 310,  96,   670
10:37:18, 882, 150, 132, 85, 302,  91,   670
10:37:23, 885, 150, 132, 85, 296,  87,   670
10:37:28, 882, 154, 135, 86, 304,  92,   670
10:37:33, 879, 158, 138, 86, 304,  92,   670
10:37:38, 879, 162, 142, 87, 310,  96,   670
10:37:43, 879, 170, 149, 88, 322, 103,   670
10:37:48, 888, 174, 154, 87, 328, 107,   670
10:37:53, 885, 174, 153, 89, 319, 101,   670
10:37:58, 876, 170, 148, 90, 322, 103,   670
10:38:03, 879, 162, 142, 91, 316,  99,   670
10:38:08, 882, 150, 132, 92, 290,  84,   670
10:38:13, 882, 142, 125, 92, 284,  80,   670
10:38:18, 879, 146, 128, 92, 290,  84,   670
10:38:23, 882, 138, 121, 92, 296,  87,   670
10:38:28, 873, 138, 120, 93, 266,  70,   670
10:38:33, 876, 142, 124, 94, 278,  77,   670
10:38:38, 879, 142, 124, 95, 281,  78,   675
10:38:43, 876, 142, 124, 95, 281,  78,   675
10:38:48, 879, 142, 124, 96, 278,  77,   675
10:38:53, 879, 150, 131, 96, 290,  84,   675
10:38:58, 882, 142, 125, 98, 284,  80,   675
10:39:03, 879, 142, 124, 97, 287,  82,   675
10:39:08, 879, 146, 128, 98, 287,  82,   675
10:39:13, 885, 138, 122, 99, 284,  80,   675
10:39:18, 882, 138, 121, 99, 287,  82,   675
10:39:23, 873, 138, 120,100, 287,  82,   675
10:39:28, 876, 142, 124, 99, 287,  82,   675
10:39:33, 876, 142, 124, 98, 269,  72,   675
10:39:38, 885, 146, 129, 98, 278,  77,   675
10:39:43, 879, 150, 131, 98, 287,  82,   675
10:39:48, 882, 158, 139, 98, 296,  87,   675
10:39:53, 882, 162, 142, 97, 310,  96,   675
10:39:58, 885, 178, 157, 97, 322, 103,   675
10:40:03, 876, 170, 148, 98, 319, 101,   675
10:40:08, 885, 166, 146, 98, 307,  94,   675
10:40:13, 882, 166, 146, 99, 313,  97,   675
10:40:18, 885, 166, 146, 99, 322, 103,   675
10:40:23, 882, 158, 139, 99, 310,  96,   675
10:40:28, 882, 162, 142, 99, 302,  91,   675
10:40:33, 879, 166, 145, 99, 313,  97,   675
10:40:38, 876, 162, 141, 97, 313,  97,   675
10:40:43, 879, 170, 149, 97, 307,  94,   675
10:40:48, 882, 190, 167, 97, 343, 117,   675
10:40:53, 876, 190, 166, 96, 340, 115,   675
10:40:58, 879, 174, 152, 98, 331, 109,   675
10:41:03, 882, 174, 153, 97, 325, 105,   675
10:41:08, 876, 174, 152, 98, 325, 105,   675
10:41:13, 876, 170, 148, 96, 325, 105,   675
10:41:18, 885, 170, 150, 96, 310,  96,   675
10:41:23, 879, 162, 142, 95, 299,  89,   675
10:41:28, 885, 158, 139, 96, 299,  89,   675
10:41:33, 882, 158, 139, 96, 299,  89,   675
10:41:38, 879, 154, 135, 96, 296,  87,   675
10:41:43, 879, 154, 135, 97, 287,  82,   675
10:41:48, 879, 154, 135, 98, 296,  87,   675
10:41:53, 876, 162, 141, 99, 304,  92,   680
10:41:58, 879, 162, 142, 99, 302,  91,   680
10:42:03, 882, 158, 139,100, 307,  94,   680
10:42:08, 879, 162, 142, 99, 310,  96,   680
10:42:13, 882, 162, 142,100, 307,  94,   680
10:42:18, 882, 150, 132, 98, 293,  85,   680
10:42:23, 882, 158, 139, 99, 296,  87,   680
10:42:28, 879, 150, 131,100, 290,  84,   680
10:42:33, 879, 142, 124, 99, 278,  77,   680
10:42:38, 876, 138, 120, 99, 281,  78,   680
10:42:43, 885, 138, 122,100, 296,  87,   680
10:42:48, 876, 134, 117, 99, 266,  70,   680
10:42:53, 885, 130, 115, 99, 293,  85,   680
10:42:58, 879, 134, 117, 99, 284,  80,   680
10:43:03, 879, 138, 121, 99, 287,  82,   680
10:43:08, 885, 130, 115,100, 266,  70,   680
10:43:13, 870, 134, 116, 99, 281,  78,   680
10:43:18, 876, 130, 113,100, 266,  70,   680
10:43:23, 888, 126, 111, 99, 263,  69,   680
10:43:28, 876, 130, 113, 98, 284,  80,   680
10:43:33, 888, 134, 118, 99, 284,  80,   680
10:43:38, 888, 130, 115,100, 287,  82,   680
10:43:43, 882, 130, 114,100, 269,  72,   680
10:43:48, 885, 134, 118, 99, 260,  67,   680
10:43:53, 879, 134, 117,100, 278,  77,   680
10:43:58, 879, 126, 110, 99, 255,  65,   680
10:44:03, 876, 130, 113, 99, 281,  78,   680
10:44:08, 879, 126, 110,100, 252,  63,   680
10:44:13, 879, 118, 103, 99, 272,  73,   680
10:44:18, 876, 122, 106,100, 278,  77,   680
10:44:23, 885, 122, 107, 98, 249,  62,   680
10:44:28, 879, 114, 100, 97, 260,  67,   680
10:44:33, 876, 118, 103, 98, 243,  59,   680
10:44:38, 876, 114,  99, 99, 228,  51,   680
10:44:43, 879, 110,  96, 99, 249,  62,   680
10:44:48, 885, 110,  97,100, 231,  53,   680
10:44:53, 885, 114, 100, 99, 240,  57,   680
10:44:58, 879, 114, 100,100, 240,  57,   680
10:45:03, 882, 114, 100, 99, 243,  59,   680
10:45:08, 885, 114, 100, 99, 243,  59,   680
10:45:13, 879, 110,  96, 97, 249,  62,   680
10:45:18, 879, 110,  96, 96, 252,  63,   680
10:45:23, 882, 110,  97, 97, 228,  51,   680
10:45:28, 882, 114, 100, 97, 243,  59,   680
10:45:33, 885, 110,  97, 98, 231,  53,   680
10:45:38, 885, 110,  97, 98, 228,  51,   680
10:45:43, 885, 114, 100, 99, 231,  53,   680
10:45:48, 876, 106,  92, 97, 231,  53,   680
10:45:53, 882, 106,  93, 97, 237,  56,   680
10:45:58, 879, 110,  96, 99, 237,  56,   680
10:46:03, 879, 110,  96, 99, 234,  54,   685
10:46:08, 885, 106,  93,100, 237,  56,   685
10:46:13, 888, 110,  97, 99, 240,  57,   685
10:46:18, 879, 110,  96, 99, 237,  56,   685
10:46:23, 885, 110,  97, 99, 231,  53,   685
10:46:28, 876, 106,  92,100, 225,  50,   685
10:46:33, 879, 110,  96,100, 252,  63,   685
10:46:38, 882, 110,  97,100, 237,  56,   685
10:46:43, 879, 110,  96,100, 231,  53,   685
10:46:48, 882, 114, 100,100, 240,  57,   685
10:46:53, 879, 114, 100,100, 246,  60,   685
10:46:58, 876, 110,  96, 99, 246,  60,   685
10:47:03, 882, 114, 100, 99, 237,  56,   685
10:47:08, 876, 114,  99, 99, 243,  59,   685
10:47:13, 879, 110,  96, 99, 240,  57,   685
10:47:18, 882, 110,  97,100, 234,  54,   685
10:47:23, 873, 114,  99,100, 260,  67,   685
10:47:28, 879, 114, 100, 99, 240,  57,   685
10:47:33, 885, 114, 100,100, 240,  57,   685
10:47:38, 873, 118, 103,100, 266,  70,   685
10:47:43, 876, 118, 103, 99, 240,  57,   685
10:47:48, 873, 110,  96, 99, 249,  62,   685
10:47:53, 873, 114,  99,100, 260,  67,   685
10:47:58, 882, 118, 104, 99, 234,  54,   685
10:48:03, 879, 118, 103, 99, 252,  63,   685
10:48:08, 870, 118, 102, 99, 246,  60,   685
10:48:13, 885, 122, 107, 98, 260,  67,   685
10:48:18, 876, 118, 103, 98, 252,  63,   685
10:48:23, 879, 118, 103, 98, 252,  63,   685
10:48:28, 882, 122, 107, 99, 266,  70,   685
10:48:33, 873, 118, 103, 99, 249,  62,   685
10:48:38, 873, 118, 103, 99, 240,  57,   685
10:48:43, 870, 122, 106, 99, 260,  67,   685
10:48:48, 873, 122, 106, 98, 246,  60,   685
10:48:53, 891, 118, 105, 97, 258,  66,   685
10:48:58, 882, 122, 107, 96, 258,  66,   685
10:49:03, 879, 122, 107, 96, 272,  73,   685
10:49:08, 876, 122, 106, 97, 260,  67,   685
10:49:13, 888, 122, 108, 98, 255,  65,   685
10:49:18, 882, 126, 111, 97, 249,  62,   685
10:49:23, 879, 126, 110, 99, 252,  63,   685
10:49:28, 876, 122, 106, 99, 263,  69,   685
10:49:33, 888, 126, 111,100, 263,  69,   685
10:49:38, 888, 126, 111,100, 290,  84,   685
10:49:43, 885, 126, 111, 99, 255,  65,   685
10:49:48, 868, 130, 112,100, 237,  56,   685
10:49:53, 882, 130, 114, 99, 281,  78,   685
10:49:58, 885, 126, 111, 98, 240,  57,   685
10:50:03, 888, 126, 111,100, 249,  62,   685
10:50:08, 885, 130, 115, 99, 275,  75,   685
10:50:13, 876, 126, 110, 99, 240,  57,   685
10:50:18, 870, 126, 109, 99, 266,  70,   685
10:50:23, 873, 130, 113, 99, 263,  69,   685
10:50:28, 876, 126, 110,100, 266,  70,   685
10:50:33, 873, 126, 109, 99, 246,  60,   685
10:50:38, 879, 134, 117, 98, 287,  82,   685
10:50:43, 882, 134, 118, 98, 284,  80,   690
10:50:48, 882, 126, 111, 99, 252,  63,   690
10:50:53, 870, 130, 113, 99, 240,  57,   690
10:50:58, 882, 130, 114,100, 281,  78,   690
10:51:03, 888, 126, 111, 99, 252,  63,   690
10:51:08, 882, 126, 111,100, 234,  54,   690
10:51:13, 868, 130, 112,100, 249,  62,   690
10:51:18, 876, 122, 106, 99, 255,  65,   690
10:51:23, 885, 126, 111, 98, 234,  54,   690
10:51:28, 873, 126, 109, 99, 243,  59,   690
10:51:33, 879, 130, 114,100, 255,  65,   690
10:51:38, 868, 122, 105, 99, 263,  69,   690
10:51:43, 876, 126, 110,100, 255,  65,   690
10:51:48, 876, 130, 113,100, 266,  70,   690
10:51:53, 888, 126, 111,100, 252,  63,   690
10:51:58, 885, 126, 111,100, 263,  69,   690
10:52:03, 885, 130, 115,100, 249,  62,   690
10:52:08, 879, 130, 114, 99, 272,  73,   690
10:52:13, 888, 134, 118, 99, 249,  62,   690
10:52:18, 876, 138, 120,100, 269,  72,   690
10:52:23, 876, 138, 120,100, 275,  75,   690
10:52:28, 879, 142, 124, 99, 278,  77,   690
10:52:33, 882, 150, 132, 99, 290,  84,   690
10:52:38, 879, 154, 135, 98, 290,  84,   690
10:52:43, 882, 146, 128, 99, 281,  78,   690
10:52:48, 879, 150, 131, 98, 293,  85,   690
10:52:53, 879, 154, 135, 98, 290,  84,   690
10:52:58, 885, 154, 136, 99, 290,  84,   690
10:53:03, 879, 158, 138, 99, 299,  89,   690
10:53:08, 882, 170, 149, 99, 325, 105,   690
10:53:13, 885, 178, 157, 99, 328, 107,   690
10:53:18, 885, 182, 161,100, 337, 113,   690
10:53:23, 876, 190, 166, 99, 334, 111,   690
10:53:28, 879, 190, 167,100, 346, 119,   690
10:53:33, 885, 193, 170, 99, 343, 117,   690
10:53:38, 888, 201, 178, 98, 372, 138,   690
10:53:43, 885, 201, 177, 99, 372, 138,   690
10:53:48, 873, 205, 178,100, 357, 127,   690
10:53:53, 885, 201, 177, 99, 351, 123,   690
10:53:58, 873, 209, 182, 99, 354, 125,   690
10:54:03, 885, 205, 181, 99, 369, 136,   690
10:54:08, 873, 205, 178, 99, 348, 121,   695
10:54:13, 879, 201, 176, 99, 354, 125,   695
10:54:18, 873, 201, 175, 99, 346, 119,   695
10:54:23, 879, 201, 176, 98, 331, 109,   695
10:54:28, 882, 205, 180, 97, 337, 113,   695
10:54:33, 885, 201, 177, 97, 348, 121,   695
10:54:38, 882, 193, 170, 96, 348, 121,   695
10:54:43, 879, 190, 167, 97, 346, 119,   695
10:54:48, 885, 193, 170, 95, 348, 121,   695
10:54:53, 885, 193, 170, 96, 340, 115,   695
10:54:58, 882, 201, 177, 97, 343, 117,   695
10:55:03, 885, 205, 181, 98, 372, 138,   695
10:55:08, 882, 201, 177, 99, 366, 133,   695
10:55:13, 879, 201, 176, 99, 363, 131,   695
10:55:18, 873, 209, 182, 99, 369, 136,   695
10:55:23, 891, 221, 196, 99, 343, 117,   695
10:55:28, 876, 217, 190, 98, 378, 142,   695
10:55:33, 882, 229, 201, 99, 398, 158,   695
10:55:38, 882, 237, 209, 99, 363, 131,   695
10:55:43, 882, 233, 205, 99, 401, 160,   695
10:55:48, 894, 237, 211, 99, 381, 145,   695
10:55:53, 885, 245, 216, 99, 401, 160,   695
10:55:58, 882, 245, 216,100, 407, 165,   695
10:56:03, 882, 245, 216, 99, 392, 153,   695
10:56:08, 885, 253, 223, 99, 407, 165,   695
10:56:13, 888, 249, 221, 99, 410, 168,   695
10:56:18, 885, 245, 216,100, 407, 165,   700
10:56:23, 885, 249, 220, 99, 410, 168,   700
10:56:28, 885, 257, 227, 99, 395, 156,   700
10:56:33, 873, 261, 227, 98, 419, 175,   700
10:56:38, 879, 269, 236, 99, 419, 175,   700
10:56:43, 882, 281, 247, 99, 431, 185,   700
10:56:48, 876, 292, 255, 99, 422, 178,   700
10:56:53, 879, 304, 267, 99, 442, 195,   700
10:56:58, 882, 328, 289, 99, 460, 211,   700
10:57:03, 885, 344, 304, 99, 469, 219,   700
10:57:08, 885, 360, 318,100, 478, 228,   700
10:57:13, 891, 364, 324, 99, 478, 228,   700
10:57:18, 885, 364, 322, 99, 486, 236,   700
10:57:23, 888, 372, 330, 99, 480, 230,   700
10:57:28, 882, 376, 331, 99, 480, 230,   700
10:57:33, 876, 376, 329, 99, 492, 242,   700
10:57:38, 882, 376, 331, 99, 483, 233,   700
10:57:43, 873, 387, 337, 99, 489, 239,   700
10:57:48, 888, 380, 337, 99, 495, 245,   705
10:57:53, 876, 376, 329, 99, 483, 233,   705
10:57:58, 882, 387, 341,100, 495, 245,   705
10:58:03, 882, 391, 344, 99, 507, 257,   705
10:58:08, 879, 384, 337, 98, 492, 242,   705
10:58:13, 879, 376, 330, 98, 489, 239,   705
10:58:18, 882, 384, 338, 97, 498, 248,   705
10:58:23, 879, 376, 330, 98, 492, 242,   705
10:58:28, 882, 336, 296,100, 457, 208,   705
10:58:33, 879, 312, 274, 99, 448, 200,   705
10:58:38, 879, 312, 274, 99, 445, 198,   705
10:58:43, 885, 304, 269,100, 428, 183,   705
10:58:48, 882, 292, 257, 99, 428, 183,   705
10:58:53, 885, 289, 255, 99, 425, 180,   705
10:58:58, 876, 273, 239, 99, 413, 170,   705
10:59:03, 882, 265, 233,100, 410, 168,   705
10:59:08, 885, 265, 234, 99, 392, 153,   710
10:59:13, 885, 257, 227, 98, 387, 149,   710
10:59:18, 876, 253, 221, 99, 404, 163,   710
10:59:23, 885, 257, 227, 99, 390, 152,   710
10:59:28, 879, 257, 225, 99, 413, 170,   710
10:59:33, 888, 253, 224,100, 384, 147,   710
10:59:38, 876, 257, 225, 99, 410, 168,   710
10:59:43, 879, 261, 229, 99, 413, 170,   710
10:59:48, 873, 253, 220, 98, 404, 163,   710
10:59:53, 876, 249, 218, 99, 401, 160,   710
10:59:58, 879, 257, 225, 98, 398, 158,   710
11:00:03, 879, 253, 222, 97, 398, 158,   710
11:00:08, 879, 257, 225, 97, 404, 163,   710
11:00:13, 879, 265, 232, 99, 404, 163,   710
11:00:18, 885, 269, 238, 99, 413, 170,   710
11:00:23, 876, 269, 235, 99, 407, 165,   710
11:00:28, 882, 285, 251, 99, 431, 185,   710
11:00:33, 879, 289, 254,100, 422, 178,   710
11:00:38, 885, 300, 265, 99, 425, 180,   710
11:00:43, 879, 308, 270, 99, 439, 192,   710
11:00:48, 879, 320, 281, 97, 451, 203,   710
11:00:53, 885, 312, 276, 98, 442, 195,   715
11:00:58, 885, 320, 283, 98, 451, 203,   715
11:01:03, 882, 340, 299, 99, 460, 211,   715
11:01:08, 882, 344, 303, 98, 466, 217,   715
11:01:13, 879, 348, 305, 98, 472, 222,   715
11:01:18, 882, 360, 317, 99, 478, 228,   715
11:01:23, 885, 372, 329, 98, 478, 228,   715
11:01:28, 882, 384, 338,100, 507, 257,   715
11:01:33, 885, 376, 332, 99, 498, 248,   715
11:01:38, 885, 376, 332, 99, 492, 242,   715
11:01:43, 891, 376, 335,100, 492, 242,   715
11:01:48, 882, 380, 335, 99, 483, 233,   715
11:01:53, 888, 399, 354, 98, 519, 269,   715
11:01:58, 885, 411, 363, 99, 524, 274,   715
11:02:03, 885, 423, 374,100, 524, 274,   715
11:02:08, 882, 423, 373, 98, 533, 284,   720
11:02:13, 882, 427, 376,100, 524, 274,   720
11:02:18, 888, 431, 382, 99, 530, 280,   720
11:02:23, 885, 443, 392, 99, 539, 290,   720
11:02:28, 885, 431, 381, 99, 530, 280,   720
11:02:33, 888, 427, 379, 99, 521, 271,   720
11:02:38, 885, 423, 374, 99, 521, 271,   720
11:02:43, 882, 407, 358,100, 521, 271,   720
11:02:48, 882, 387, 341, 99, 501, 251,   720
11:02:53, 882, 391, 344, 99, 504, 254,   720
11:02:58, 885, 391, 346, 98, 498, 248,   720
11:03:03, 882, 380, 335, 97, 486, 236,   720
11:03:08, 879, 364, 319, 98, 480, 230,   720
11:03:13, 885, 352, 311, 98, 466, 217,   720
11:03:18, 879, 336, 295, 97, 460, 211,   725
11:03:23, 885, 324, 286, 97, 451, 203,   725
11:03:28, 882, 304, 268, 99, 442, 195,   725
11:03:33, 876, 285, 249, 99, 422, 178,   725
11:03:38, 876, 265, 232, 99, 404, 163,   725
11:03:43, 885, 241, 213,100, 375, 140,   725
11:03:48, 879, 229, 201, 99, 369, 136,   725
11:03:53, 870, 217, 188,100, 384, 147,   725
11:03:58, 885, 209, 184,100, 363, 131,   725
11:04:03, 873, 209, 182, 99, 348, 121,   725
11:04:08, 876, 205, 179, 99, 351, 123,   725
11:04:13, 885, 205, 181, 99, 337, 113,   725
11:04:18, 876, 201, 176, 99, 351, 123,   725
11:04:23, 882, 205, 180, 99, 340, 115,   725
11:04:28, 876, 205, 179,100, 351, 123,   725
11:04:33, 879, 197, 173,100, 343, 117,   725
11:04:38, 876, 205, 179, 99, 340, 115,   725
11:04:43, 876, 201, 176, 98, 334, 111,   725
11:04:48, 870, 209, 181, 98, 360, 129,   725
11:04:53, 879, 229, 201, 99, 366, 133,   725
11:04:58, 879, 233, 204, 99, 401, 160,   725
11:05:03, 879, 237, 208,100, 395, 156,   725
11:05:08, 870, 249, 216, 99, 381, 145,   725
11:05:13, 888, 249, 221, 99, 401, 160,   725
11:05:18, 879, 233, 204, 99, 392, 153,   725
11:05:23, 885, 225, 199,100, 375, 140,   730
11:05:28, 879, 221, 194,100, 348, 121,   730
11:05:33, 876, 217, 190, 98, 369, 136,   730
11:05:38, 873, 217, 189, 99, 378, 142,   730
11:05:43, 891, 221, 196, 98, 346, 119,   730
11:05:48, 882, 217, 191, 98, 346, 119,   730
11:05:53, 870, 209, 181, 99, 354, 125,   730
11:05:58, 891, 217, 193, 99, 363, 131,   730
11:06:03, 879, 221, 194, 99, 395, 156,   730
11:06:08, 885, 217, 192, 99, 346, 119,   730
11:06:13, 885, 217, 192, 99, 392, 153,   730
11:06:18, 879, 233, 204, 99, 401, 160,   730
11:06:23, 894, 237, 211, 99, 366, 133,   730
11:06:28, 870, 245, 213, 98, 381, 145,   730
11:06:33, 873, 245, 213, 99, 375, 140,   730
11:06:38, 888, 237, 210, 99, 366, 133,   730
11:06:43, 870, 237, 206, 99, 401, 160,   730
11:06:48, 868, 241, 209, 99, 387, 149,   730
11:06:53, 891, 245, 218, 98, 407, 165,   730
11:06:58, 888, 237, 210, 99, 369, 136,   730
11:07:03, 870, 245, 213, 99, 378, 142,   730
11:07:08, 873, 245, 213,100, 378, 142,   730
11:07:13, 891, 245, 218,100, 404, 163,   730
11:07:18, 891, 245, 218,100, 407, 165,   730
11:07:23, 882, 261, 230,100, 407, 165,   730
11:07:28, 882, 269, 237, 99, 416, 173,   735
11:07:33, 879, 273, 239, 99, 422, 178,   735
11:07:38, 885, 289, 255, 98, 434, 188,   735
11:07:43, 873, 281, 245,100, 422, 178,   735
11:07:48, 879, 277, 243, 99, 410, 168,   735
11:07:53, 885, 285, 252, 99, 422, 178,   735
11:07:58, 879, 289, 254,100, 416, 173,   735
11:08:03, 885, 289, 255,100, 428, 183,   735
11:08:08, 879, 281, 246, 99, 413, 170,   735
11:08:13, 876, 285, 249,100, 422, 178,   735
11:08:18, 876, 273, 239, 99, 407, 165,   735
11:08:23, 879, 273, 239, 99, 410, 168,   735
11:08:28, 882, 277, 244, 99, 425, 180,   735
11:08:33, 876, 269, 235, 99, 422, 178,   735
11:08:38, 879, 261, 229, 98, 404, 163,   735
11:08:43, 882, 261, 230, 98, 404, 163,   735
11:08:48, 873, 257, 224, 98, 413, 170,   735
11:08:53, 885, 245, 216, 99, 392, 153,   735
11:08:58, 870, 245, 213, 99, 378, 142,   735
11:09:03, 876, 241, 211, 98, 387, 149,   735
11:09:08, 882, 229, 201, 97, 384, 147,   735
11:09:13, 885, 225, 199, 98, 381, 145,   740
11:09:18, 870, 221, 192, 98, 384, 147,   740
11:09:23, 885, 213, 188, 97, 384, 147,   740
11:09:28, 873, 205, 178, 98, 337, 113,   740
11:09:33, 888, 205, 182, 98, 375, 140,   740
11:09:38, 888, 201, 178, 96, 357, 127,   740
11:09:43, 876, 193, 169, 95, 340, 115,   740
11:09:48, 876, 193, 169, 97, 334, 111,   740
11:09:53, 879, 197, 173, 98, 354, 125,   740
11:09:58, 879, 186, 163, 98, 340, 115,   740
11:10:03, 882, 182, 160, 98, 331, 109,   740
11:10:08, 882, 182, 160, 97, 325, 105,   740
11:10:13, 873, 170, 148, 97, 313,  97,   740
11:10:18, 876, 174, 152, 97, 310,  96,   740
11:10:23, 876, 178, 155, 98, 334, 111,   740
11:10:28, 882, 170, 149, 99, 325, 105,   740
11:10:33, 879, 174, 152,100, 316,  99,   740
11:10:38, 882, 178, 156, 99, 319, 101,   740
11:10:43, 879, 178, 156,100, 322, 103,   740
11:10:48, 885, 178, 157,100, 322, 103,   740
11:10:53, 873, 178, 155,100, 334, 111,   740
11:10:58, 879, 178, 156, 98, 319, 101,   740
11:11:03, 882, 174, 153,100, 325, 105,   740
11:11:08, 879, 174, 152, 99, 328, 107,   740
11:11:13, 882, 182, 160, 98, 334, 111,   740
11:11:18, 879, 174, 152, 97, 325, 105,   740
11:11:23, 879, 182, 159, 98, 325, 105,   740
11:11:28, 876, 182, 159, 99, 340, 115,   740
11:11:33, 885, 190, 168, 99, 343, 117,   740
11:11:38, 885, 190, 168, 97, 343, 117,   740
11:11:43, 882, 190, 167, 97, 334, 111,   740
11:11:48, 885, 190, 168, 98, 346, 119,   745
11:11:53, 882, 186, 164, 99, 331, 109,   745
11:11:58, 879, 186, 163, 99, 340, 115,   745
11:12:03, 873, 186, 162,100, 340, 115,   745
11:12:08, 885, 178, 157,100, 316,  99,   745
11:12:13, 885, 174, 153,100, 316,  99,   745
11:12:18, 882, 182, 160, 99, 322, 103,   745
11:12:23, 885, 186, 164, 99, 328, 107,   745
11:12:28, 879, 182, 159,100, 331, 109,   745
11:12:33, 879, 190, 167,100, 346, 119,   745
11:12:38, 882, 186, 164,100, 328, 107,   745
11:12:43, 885, 186, 164, 99, 328, 107,   745
11:12:48, 876, 186, 162,100, 331, 109,   745
11:12:53, 879, 190, 167, 99, 337, 113,   745
11:12:58, 882, 190, 167,100, 331, 109,   745
11:13:03, 879, 190, 167, 98, 346, 119,   745
11:13:08, 879, 201, 176, 97, 354, 125,   745
11:13:13, 882, 193, 170, 97, 357, 127,   745
11:13:18, 879, 197, 173, 97, 357, 127,   745
11:13:23, 876, 205, 179, 98, 357, 127,   745
11:13:28, 870, 209, 181, 99, 346, 119,   745
11:13:33, 882, 205, 180, 98, 369, 136,   745
11:13:38, 870, 217, 188, 96, 392, 153,   745
11:13:43, 879, 225, 197, 96, 369, 136,   745
11:13:48, 885, 221, 195, 96, 384, 147,   745
11:13:53, 882, 221, 194, 95, 360, 129,   745
11:13:58, 891, 237, 211, 96, 378, 142,   745
11:14:03, 888, 233, 206, 97, 390, 152,   745
11:14:08, 894, 237, 211, 98, 366, 133,   745
11:14:13, 873, 245, 213, 98, 392, 153,   750
11:14:18, 891, 241, 214, 99, 378, 142,   750
11:14:23, 879, 237, 208, 98, 366, 133,   750
11:14:28, 888, 229, 203, 99, 375, 140,   750
11:14:33, 891, 229, 204, 99, 395, 156,   750
11:14:38, 885, 221, 195,100, 381, 145,   750
11:14:43, 879, 217, 190, 99, 351, 123,   750
11:14:48, 894, 225, 201, 99, 392, 153,   750
11:14:53, 885, 213, 188, 99, 378, 142,   750
11:14:58, 870, 209, 181, 98, 354, 125,   750
11:15:03, 873, 209, 182, 98, 348, 121,   750
11:15:08, 879, 209, 183, 99, 348, 121,   750
11:15:13, 885, 209, 184, 99, 384, 147,   750
11:15:18, 876, 213, 186,100, 369, 136,   750
11:15:23, 873, 217, 189, 98, 390, 152,   750
11:15:28, 891, 213, 189, 99, 351, 123,   750
11:15:33, 873, 213, 185, 99, 369, 136,   750
11:15:39, 882, 213, 187, 98, 381, 145,   750
11:15:44, 891, 209, 186,100, 372, 138,   750
11:15:49, 891, 213, 189,100, 378, 142,   750
11:15:54, 876, 217, 190, 99, 392, 153,   750
11:15:59, 885, 217, 192,100, 378, 142,   750
11:16:04, 882, 213, 187,100, 375, 140,   750
11:16:09, 882, 221, 194, 99, 392, 153,   750
11:16:14, 891, 225, 200, 99, 395, 156,   750
11:16:19, 888, 217, 192, 99, 343, 117,   750
11:16:24, 891, 225, 200, 99, 375, 140,   750
11:16:29, 879, 221, 194, 99, 348, 121,   755
11:16:34, 891, 213, 189,100, 340, 115,   755
11:16:39, 894, 213, 190,100, 354, 125,   755
11:16:44, 873, 209, 182,100, 381, 145,   755
11:16:49, 885, 197, 174, 99, 348, 121,   755
11:16:54, 882, 193, 170, 99, 340, 115,   755
11:16:59, 882, 193, 170, 99, 343, 117,   755
11:17:04, 882, 186, 164,100, 343, 117,   755
11:17:09, 885, 190, 168, 99, 334, 111,   755
11:17:14, 876, 186, 162, 99, 328, 107,   755
11:17:19, 882, 186, 164, 99, 337, 113,   755
11:17:24, 885, 186, 164,100, 325, 105,   755
11:17:29, 876, 186, 162,100, 331, 109,   755
11:17:34, 876, 186, 162, 99, 328, 107,   755
11:17:39, 882, 182, 160,100, 325, 105,   755
11:17:44, 879, 186, 163, 99, 328, 107,   755
11:17:49, 879, 190, 167, 99, 337, 113,   755
11:17:54, 876, 186, 162, 98, 331, 109,   755
11:17:59, 879, 186, 163, 99, 340, 115,   755
11:18:04, 879, 190, 167,100, 334, 111,   755
11:18:09, 882, 193, 170,100, 334, 111,   755
11:18:14, 876, 193, 169, 99, 337, 113,   755
11:18:19, 885, 201, 177, 99, 348, 121,   755
11:18:24, 876, 197, 172,100, 346, 119,   755
11:18:29, 882, 201, 177, 99, 354, 125,   755
11:18:34, 876, 197, 172, 99, 346, 119,   755
11:18:39, 870, 205, 178, 99, 354, 125,   755
11:18:44, 876, 205, 179, 99, 343, 117,   755
11:18:49, 879, 209, 183, 98, 343, 117,   755
11:18:54, 885, 213, 188, 99, 343, 117,   755
11:18:59, 879, 217, 190,100, 372, 138,   760
11:19:04, 885, 213, 188, 99, 369, 136,   760
11:19:09, 879, 217, 190, 98, 354, 125,   760
11:19:14, 876, 221, 193, 97, 372, 138,   760
11:19:19, 876, 217, 190, 98, 378, 142,   760
11:19:24, 894, 225, 201, 98, 387, 149,   760
11:19:29, 891, 233, 207, 99, 366, 133,   760
11:19:34, 888, 233, 206, 99, 401, 160,   760
11:19:39, 868, 229, 198, 99, 351, 123,   760
11:19:44, 873, 233, 203,100, 384, 147,   760
11:19:49, 885, 237, 209,100, 395, 156,   760
11:19:54, 891, 237, 211, 99, 372, 138,   760
11:19:59, 876, 241, 211,100, 372, 138,   760
11:20:04, 885, 249, 220, 99, 384, 147,   760
11:20:09, 873, 249, 217, 99, 390, 152,   760
11:20:14, 876, 253, 221, 99, 404, 163,   760
11:20:19, 879, 257, 225,100, 401, 160,   760
11:20:24, 882, 249, 219, 99, 384, 147,   760
11:20:29, 885, 249, 220,100, 401, 160,   760
11:20:34, 873, 257, 224, 99, 413, 170,   760
11:20:39, 885, 257, 227,100, 392, 153,   760
11:20:44, 876, 257, 225, 99, 398, 158,   760
11:20:49, 876, 261, 228,100, 392, 153,   760
11:20:54, 879, 265, 232, 99, 407, 165,   760
11:20:59, 876, 265, 232, 99, 395, 156,   765
11:21:04, 882, 261, 230, 98, 395, 156,   765
11:21:09, 885, 269, 238, 99, 410, 168,   765
11:21:14, 885, 277, 245, 98, 425, 180,   765
11:21:19, 876, 289, 253,100, 419, 175,   765
11:21:24, 885, 281, 248, 99, 434, 188,   765
11:21:29, 879, 265, 232, 99, 407, 165,   765
11:21:34, 891, 249, 221, 97, 407, 165,   765
11:21:39, 879, 245, 215, 98, 404, 163,   765
11:21:44, 879, 237, 208,100, 384, 147,   765
11:21:49, 891, 225, 200,100, 398, 158,   765
11:21:54, 870, 225, 195,100, 348, 121,   765
11:21:59, 897, 225, 201, 99, 401, 160,   765
11:22:04, 870, 217, 188, 99, 384, 147,   765
11:22:09, 888, 221, 196, 99, 381, 145,   765
11:22:14, 891, 217, 193, 99, 348, 121,   765
11:22:19, 888, 213, 189, 99, 348, 121,   765
11:22:24, 879, 209, 183, 98, 354, 125,   765
11:22:29, 879, 209, 183, 99, 381, 145,   765
11:22:34, 879, 209, 183, 99, 360, 129,   765
11:22:39, 891, 209, 186,100, 372, 138,   765
11:22:44, 868, 217, 188, 99, 392, 153,   765
11:22:49, 882, 217, 191, 99, 348, 121,   765
11:22:54, 870, 221, 192, 99, 357, 127,   765
11:22:59, 873, 237, 206, 99, 398, 158,   770
11:23:04, 885, 249, 220, 99, 407, 165,   770
11:23:09, 870, 245, 213, 99, 369, 136,   770
11:23:14, 876, 257, 225,100, 407, 165,   770
11:23:19, 879, 257, 225, 98, 410, 168,   770
11:23:24, 876, 257, 225, 98, 413, 170,   770
11:23:29, 885, 257, 227, 98, 395, 156,   770
11:23:34, 876, 257, 225, 99, 404, 163,   770
11:23:39, 870, 245, 213, 97, 390, 152,   770
11:23:44, 882, 233, 205, 98, 395, 156,   770
11:23:49, 882, 237, 209, 99, 381, 145,   770
11:23:54, 885, 237, 209,100, 369, 136,   770
11:23:59, 888, 225, 199,100, 363, 131,   770
11:24:04, 885, 221, 195, 99, 346, 119,   770
11:24:09, 882, 221, 194, 99, 346, 119,   770
11:24:14, 868, 217, 188, 99, 387, 149,   770
11:24:19, 870, 217, 188, 99, 392, 153,   770
11:24:24, 894, 229, 204, 99, 375, 140,   770
11:24:29, 891, 229, 204, 99, 378, 142,   770
11:24:34, 876, 233, 204,100, 407, 165,   770
11:24:39, 870, 245, 213,100, 378, 142,   770
11:24:44, 882, 261, 230, 99, 392, 153,   770
11:24:49, 873, 261, 227, 99, 401, 160,   770
11:24:54, 879, 273, 239,100, 416, 173,   775
11:24:59, 885, 273, 241, 99, 413, 170,   775
11:25:04, 879, 281, 246, 98, 416, 173,   775
11:25:09, 882, 292, 257, 98, 425, 180,   775
11:25:14, 879, 300, 263, 99, 436, 190,   775
11:25:19, 882, 324, 285, 99, 457, 208,   775
11:25:24, 882, 352, 310, 99, 469, 219,   775
11:25:29, 882, 368, 324, 99, 492, 242,   775
11:25:34, 882, 380, 335, 99, 486, 236,   775
11:25:39, 888, 391, 347, 99, 507, 257,   775
11:25:44, 882, 407, 358, 99, 510, 260,   775
11:25:49, 888, 419, 372, 96, 530, 280,   775
11:25:54, 888, 427, 379, 97, 536, 287,   775
11:25:59, 888, 475, 421, 98, 563, 316,   775
11:26:04, 882, 494, 435, 98, 580, 336,   775
11:26:09, 888, 518, 459, 98, 592, 350,   780
11:26:14, 885, 530, 469, 99, 601, 361,   780
11:26:19, 885, 538, 476, 98, 607, 368,   780
11:26:24, 879, 538, 472, 97, 604, 364,   780
11:26:29, 882, 550, 485, 96, 615, 378,   780
11:26:34, 882, 562, 495, 98, 621, 385,   780
11:26:39, 885, 574, 507, 98, 627, 393,   780
11:26:44, 885, 578, 511, 99, 630, 396,   780
11:26:49, 885, 589, 521,100, 639, 408,   780
11:26:54, 885, 601, 531, 99, 648, 419,   780
11:26:59, 888, 601, 533,100, 648, 419,   785
11:27:04, 888, 601, 533, 99, 648, 419,   785
11:27:09, 885, 605, 535, 99, 648, 419,   785
11:27:14, 888, 597, 530, 99, 648, 419,   785
11:27:19, 888, 601, 533,100, 645, 416,   785
11:27:24, 885, 613, 542,100, 656, 430,   785
11:27:29, 882, 605, 533, 99, 648, 419,   785
11:27:34, 888, 609, 540, 99, 651, 423,   785
11:27:39, 891, 601, 535, 99, 648, 419,   790
11:27:44, 885, 601, 531,100, 648, 419,   790
11:27:49, 885, 601, 531, 99, 645, 416,   790
11:27:54, 891, 593, 528, 99, 642, 412,   790
11:27:59, 885, 597, 528, 99, 645, 416,   790
11:28:04, 885, 597, 528,100, 648, 419,   790
11:28:09, 888, 601, 533,100, 648, 419,   790
11:28:14, 888, 613, 544, 99, 656, 430,   790
11:28:19, 885, 601, 531, 99, 648, 419,   790
11:28:24, 888, 601, 533,100, 648, 419,   795
11:28:29, 891, 597, 531, 99, 648, 419,   795
11:28:34, 885, 585, 517,100, 636, 404,   795
11:28:39, 891, 570, 507,100, 630, 396,   795
11:28:44, 885, 558, 493, 99, 618, 381,   795
11:28:49, 888, 550, 488, 98, 615, 378,   795
11:28:54, 879, 522, 458, 98, 595, 354,   795
11:28:59, 879, 502, 441, 99, 580, 336,   795
11:29:04, 888, 482, 428,100, 568, 322,   795
11:29:09, 882, 463, 408, 99, 554, 306,   800
11:29:14, 882, 439, 387, 99, 539, 290,   800
11:29:19, 879, 395, 347,100, 498, 248,   800
11:29:24, 882, 348, 306,100, 463, 214,   800
11:29:29, 879, 316, 277, 99, 448, 200,   800
11:29:34, 876, 296, 259, 99, 436, 190,   800
11:29:39, 885, 289, 255, 98, 436, 190,   800
11:29:44, 879, 285, 250, 98, 422, 178,   800
11:29:49, 882, 285, 251, 99, 431, 185,   800
11:29:54, 876, 269, 235,100, 401, 160,   800
11:29:59, 888, 245, 217,100, 401, 160,   800
11:30:04, 888, 233, 206,100, 378, 142,   800
11:30:09, 870, 237, 206,100, 401, 160,   800
11:30:14, 894, 233, 208,100, 360, 129,   800
11:30:19, 888, 229, 203,100, 392, 153,   800
11:30:24, 891, 229, 204, 99, 398, 158,   800
11:30:29, 888, 225, 199, 99, 398, 158,   800
11:30:34, 873, 225, 196, 99, 381, 145,   800
11:30:39, 891, 229, 204, 99, 378, 142,   800
11:30:44, 870, 237, 206, 99, 407, 165,   800
11:30:49, 882, 241, 212, 99, 375, 140,   805
11:30:54, 873, 249, 217,100, 401, 160,   805
11:30:59, 885, 265, 234,100, 407, 165,   805
11:31:04, 882, 273, 240, 98, 416, 173,   805
11:31:09, 882, 285, 251, 99, 422, 178,   805
11:31:14, 876, 292, 255,100, 419, 175,   805
11:31:19, 882, 296, 261,100, 431, 185,   805
11:31:24, 885, 304, 269, 99, 436, 190,   805
11:31:29, 882, 308, 271, 99, 442, 195,   805
11:31:34, 885, 308, 272, 99, 439, 192,   805
11:31:39, 882, 308, 271, 99, 445, 198,   805
11:31:44, 882, 312, 275, 98, 436, 190,   805
11:31:49, 882, 316, 278, 99, 445, 198,   805
11:31:54, 879, 308, 270, 99, 445, 198,   805
11:31:59, 876, 304, 266, 98, 445, 198,   805
11:32:04, 879, 308, 270, 99, 445, 198,   805
11:32:09, 876, 292, 255,100, 419, 175,   805
11:32:14, 882, 289, 254,100, 428, 183,   805
11:32:19, 882, 296, 261, 99, 431, 185,   805
11:32:24, 879, 300, 263, 99, 436, 190,   805
11:32:29, 882, 285, 251, 97, 428, 183,   810
11:32:34, 882, 281, 247, 95, 413, 170,   810
11:32:39, 879, 273, 239, 95, 422, 178,   810
11:32:44, 876, 261, 228, 97, 398, 158,   810
11:32:49, 879, 257, 225, 97, 392, 153,   810
11:32:54, 876, 249, 218, 97, 392, 153,   810
11:32:59, 873, 253, 220, 96, 384, 147,   810
11:33:04, 885, 265, 234, 97, 398, 158,   810
11:33:09, 885, 285, 252, 96, 419, 175,   810
11:33:14, 882, 289, 254, 96, 428, 183,   810
11:33:19, 879, 292, 256, 97, 436, 190,   810
11:33:24, 882, 296, 261, 98, 448, 200,   810
11:33:29, 879, 300, 263, 98, 436, 190,   810
11:33:34, 885, 304, 269, 98, 439, 192,   810
11:33:39, 879, 308, 270, 98, 445, 198,   810
11:33:44, 882, 312, 275, 99, 448, 200,   810
11:33:49, 879, 296, 260, 98, 436, 190,   810
11:33:54, 882, 285, 251, 98, 431, 185,   810
11:33:59, 882, 273, 240, 99, 425, 180,   810
11:34:04, 879, 265, 232,100, 410, 168,   810
11:34:09, 879, 273, 239,100, 407, 165,   815
11:34:14, 882, 285, 251, 99, 425, 180,   815
11:34:19, 885, 292, 258,100, 428, 183,   815
11:34:24, 879, 300, 263,100, 431, 185,   815
11:34:29, 879, 312, 274, 99, 445, 198,   815
11:34:34, 879, 324, 284, 99, 457, 208,   815
11:34:39, 879, 328, 288, 98, 454, 206,   815
11:34:44, 882, 324, 285, 99, 457, 208,   815
11:34:49, 879, 332, 291, 99, 460, 211,   815
11:34:54, 882, 328, 289,100, 457, 208,   815
11:34:59, 879, 336, 295,100, 463, 214,   815
11:35:04, 882, 340, 299, 99, 460, 211,   815
11:35:09, 885, 332, 293, 98, 460, 211,   815
11:35:14, 879, 336, 295, 98, 457, 208,   815
11:35:19, 882, 332, 292, 98, 460, 211,   815
11:35:24, 885, 324, 286, 99, 454, 206,   815
11:35:29, 882, 312, 275, 99, 448, 200,   815
11:35:34, 879, 328, 288, 99, 463, 214,   815
11:35:39, 882, 332, 292,100, 463, 214,   820
11:35:44, 879, 324, 284, 99, 454, 206,   820
11:35:49, 885, 320, 283, 98, 451, 203,   820
11:35:54, 882, 324, 285, 99, 454, 206,   820
11:35:59, 882, 312, 275,100, 442, 195,   820
11:36:04, 882, 320, 282,100, 451, 203,   820
11:36:09, 879, 328, 288,100, 457, 208,   820
11:36:14, 882, 324, 285, 99, 454, 206,   820
11:36:19, 882, 324, 285, 99, 448, 200,   820
11:36:24, 879, 324, 284, 99, 451, 203,   820
11:36:29, 882, 320, 282,100, 451, 203,   820
11:36:34, 882, 312, 275,100, 448, 200,   820
11:36:39, 879, 312, 274, 98, 445, 198,   820
11:36:44, 882, 316, 278, 99, 451, 203,   820
11:36:49, 879, 312, 274, 99, 445, 198,   820
11:36:54, 882, 304, 268,100, 434, 188,   820
11:36:59, 879, 308, 270, 99, 445, 198,   820
11:37:04, 882, 308, 271, 99, 439, 192,   825
11:37:09, 882, 308, 271,100, 445, 198,   825
11:37:14, 879, 312, 274, 99, 442, 195,   825
11:37:19, 882, 308, 271, 99, 439, 192,   825
11:37:24, 882, 308, 271,100, 434, 188,   825
11:37:29, 882, 308, 271,100, 442, 195,   825
11:37:34, 873, 304, 265, 98, 442, 195,   825
11:37:39, 882, 296, 261,100, 434, 188,   825
11:37:44, 882, 296, 261, 99, 434, 188,   825
11:37:49, 876, 300, 262,100, 431, 185,   825
11:37:54, 879, 292, 256, 99, 422, 178,   825
11:37:59, 879, 292, 256, 99, 422, 178,   825
11:38:04, 882, 292, 257, 99, 428, 183,   825
11:38:09, 885, 296, 261, 99, 431, 185,   825
11:38:14, 885, 289, 255, 97, 425, 180,   825
11:38:19, 879, 292, 256, 98, 422, 178,   825
11:38:24, 885, 289, 255, 98, 428, 183,   825
11:38:29, 882, 289, 254, 99, 434, 188,   825
11:38:34, 882, 289, 254,100, 431, 185,   825
11:38:39, 879, 289, 254,100, 428, 183,   830
11:38:44, 876, 289, 253, 99, 419, 175,   830
11:38:49, 882, 285, 251, 99, 422, 178,   830
11:38:54, 882, 289, 254, 99, 425, 180,   830
11:38:59, 879, 285, 250, 99, 416, 173,   830
11:39:04, 882, 277, 244, 98, 416, 173,   830
11:39:09, 885, 285, 252, 96, 434, 188,   830
11:39:14, 885, 285, 252, 96, 428, 183,   830
11:39:19, 876, 273, 239, 97, 407, 165,   830
11:39:24, 885, 277, 245, 98, 413, 170,   830
11:39:29, 879, 277, 243, 99, 413, 170,   830
11:39:34, 882, 273, 240, 99, 407, 165,   830
11:39:39, 885, 273, 241,100, 407, 165,   830
11:39:44, 882, 273, 240,100, 419, 175,   830
11:39:49, 882, 273, 240, 99, 419, 175,   830
11:39:54, 885, 269, 238, 98, 410, 168,   830
11:39:59, 882, 273, 240, 97, 419, 175,   830
11:40:04, 882, 273, 240, 99, 407, 165,   830
11:40:09, 879, 269, 236, 98, 404, 163,   830
11:40:14, 882, 273, 240, 99, 416, 173,   830
11:40:19, 885, 273, 241, 99, 425, 180,   830
11:40:24, 882, 269, 237, 99, 413, 170,   835
11:40:29, 876, 265, 232, 98, 404, 163,   835
11:40:34, 882, 269, 237,100, 401, 160,   835
11:40:39, 879, 261, 229, 99, 413, 170,   835
11:40:44, 882, 257, 226,100, 401, 160,   835
11:40:49, 882, 261, 230, 99, 392, 153,   835
11:40:54, 882, 265, 233, 99, 413, 170,   835
11:40:59, 879, 257, 225, 99, 404, 163,   835
11:41:04, 882, 257, 226,100, 398, 158,   835
11:41:09, 882, 257, 226, 99, 395, 156,   835
11:41:14, 873, 249, 217, 99, 375, 140,   835
11:41:19, 879, 245, 215, 99, 390, 152,   835
11:41:24, 882, 249, 219, 98, 401, 160,   835
11:41:29, 876, 245, 214, 97, 401, 160,   835
11:41:34, 868, 241, 209, 96, 395, 156,   835
11:41:39, 888, 245, 217, 96, 392, 153,   835
11:41:44, 870, 237, 206, 96, 384, 147,   835
11:41:49, 885, 233, 206, 98, 378, 142,   835
11:41:54, 873, 241, 210, 97, 401, 160,   835
11:41:59, 888, 237, 210, 99, 392, 153,   835
11:42:04, 870, 237, 206, 99, 407, 165,   835
11:42:09, 888, 241, 214, 99, 378, 142,   835
11:42:14, 873, 241, 210, 99, 398, 158,   835
11:42:19, 888, 233, 206, 99, 372, 138,   840
11:42:24, 868, 233, 202, 99, 395, 156,   840
11:42:29, 894, 237, 211, 98, 363, 131,   840
11:42:34, 862, 233, 200, 98, 357, 127,   840
11:42:39, 885, 229, 202,100, 375, 140,   840
11:42:44, 891, 233, 207,100, 360, 129,   840
11:42:49, 870, 233, 202,100, 401, 160,   840
11:42:54, 885, 229, 202,100, 398, 158,   840
11:42:59, 873, 233, 203, 99, 398, 158,   840
11:43:04, 891, 233, 207, 98, 366, 133,   840
11:43:09, 876, 225, 197, 98, 369, 136,   840
11:43:14, 870, 225, 195, 99, 346, 119,   840
11:43:19, 894, 225, 201, 99, 392, 153,   840
11:43:24, 894, 221, 197,100, 392, 153,   840
11:43:29, 876, 221, 193,100, 369, 136,   840
11:43:34, 876, 225, 197, 99, 348, 121,   840
11:43:39, 888, 217, 192,100, 343, 117,   840
11:43:44, 876, 213, 186, 99, 375, 140,   840
11:43:49, 876, 217, 190, 98, 369, 136,   840
11:43:54, 876, 213, 186, 98, 387, 149,   840
11:43:59, 876, 205, 179, 98, 346, 119,   840
11:44:04, 888, 213, 189, 98, 346, 119,   840
11:44:09, 879, 209, 183, 98, 381, 145,   840
11:44:14, 879, 205, 180, 99, 366, 133,   840
11:44:19, 879, 205, 180, 99, 354, 125,   840
11:44:24, 885, 209, 184, 99, 372, 138,   840
11:44:29, 885, 205, 181, 98, 375, 140,   845
11:44:34, 873, 205, 178, 98, 357, 127,   845
11:44:39, 888, 209, 185, 99, 366, 133,   845
11:44:44, 870, 209, 181, 99, 360, 129,   845
11:44:49, 873, 205, 178, 99, 337, 113,   845
11:44:54, 882, 209, 184, 99, 346, 119,   845
11:44:59, 879, 209, 183, 99, 343, 117,   845
11:45:04, 876, 205, 179, 98, 337, 113,   845
11:45:09, 882, 209, 184,100, 378, 142,   845
11:45:14, 882, 213, 187, 99, 348, 121,   845
11:45:19, 868, 213, 184, 99, 384, 147,   845
11:45:24, 879, 217, 190, 99, 360, 129,   845
11:45:29, 888, 225, 199,100, 375, 140,   845
11:45:34, 870, 225, 195, 99, 348, 121,   845
11:45:39, 868, 229, 198, 99, 354, 125,   845
11:45:44, 870, 237, 206,100, 407, 165,   845
11:45:49, 885, 241, 213, 99, 404, 163,   845
11:45:54, 876, 241, 211, 99, 369, 136,   845
11:45:59, 873, 249, 217, 98, 378, 142,   845
11:46:04, 882, 253, 223, 99, 384, 147,   845
11:46:09, 882, 253, 223, 99, 398, 158,   845
11:46:14, 888, 257, 228,100, 387, 149,   845
11:46:19, 879, 265, 232, 99, 413, 170,   845
11:46:24, 882, 261, 230, 99, 404, 163,   845
11:46:29, 882, 265, 233, 99, 398, 158,   845
11:46:34, 885, 269, 238,100, 404, 163,   850
11:46:39, 876, 273, 239, 99, 413, 170,   850
11:46:44, 879, 265, 232, 99, 398, 158,   850
11:46:49, 876, 273, 239,100, 410, 168,   850
11:46:54, 879, 273, 239, 99, 410, 168,   850
11:46:59, 882, 273, 240, 99, 404, 163,   850
11:47:04, 882, 273, 240,100, 425, 180,   850
11:47:09, 879, 281, 246, 98, 422, 178,   850
11:47:14, 882, 277, 244, 99, 419, 175,   850
11:47:19, 882, 269, 237,100, 407, 165,   850
11:47:24, 879, 277, 243, 98, 425, 180,   850
11:47:29, 882, 281, 247, 98, 425, 180,   850
11:47:34, 879, 273, 239, 97, 407, 165,   850
11:47:39, 885, 277, 245, 98, 425, 180,   850
11:47:44, 882, 277, 244, 99, 416, 173,   850
11:47:49, 876, 277, 242, 99, 413, 170,   850
11:47:54, 885, 277, 245,100, 422, 178,   850
11:47:59, 879, 277, 243,100, 416, 173,   850
11:48:04, 882, 273, 240, 99, 410, 168,   850
11:48:09, 885, 273, 241, 99, 407, 165,   850
11:48:14, 879, 277, 243, 98, 413, 170,   855
11:48:19, 882, 269, 237, 98, 404, 163,   855
11:48:24, 885, 273, 241,100, 410, 168,   855
11:48:29, 879, 277, 243, 99, 416, 173,   855
11:48:34, 882, 277, 244,100, 422, 178,   855
11:48:39, 885, 277, 245,100, 425, 180,   855
11:48:44, 879, 277, 243,100, 410, 168,   855
11:48:49, 882, 277, 244, 99, 410, 168,   855
11:48:54, 879, 269, 236, 97, 413, 170,   855
11:48:59, 879, 269, 236, 97, 419, 175,   855
11:49:04, 879, 269, 236, 97, 419, 175,   855
11:49:09, 879, 265, 232, 98, 410, 168,   855
11:49:14, 885, 265, 234, 99, 401, 160,   855
11:49:19, 885, 265, 234, 99, 407, 165,   855
11:49:24, 888, 257, 228, 99, 392, 153,   855
11:49:29, 873, 249, 217, 99, 401, 160,   855
11:49:34, 876, 257, 225, 98, 416, 173,   855
11:49:39, 885, 253, 223, 99, 395, 156,   855
11:49:44, 882, 249, 219,100, 390, 152,   855
11:49:49, 891, 249, 221, 99, 384, 147,   855
11:49:54, 879, 245, 215, 99, 390, 152,   855
11:49:59, 879, 241, 211,100, 407, 165,   855
11:50:04, 876, 245, 214, 98, 413, 170,   860
11:50:09, 876, 245, 214, 99, 378, 142,   860
11:50:14, 876, 237, 207, 99, 407, 165,   860
11:50:19, 873, 237, 206,100, 395, 156,   860
11:50:24, 876, 237, 207,100, 375, 140,   860
11:50:29, 876, 233, 204, 99, 407, 165,   860
11:50:34, 876, 217, 190, 99, 390, 152,   860
11:50:39, 885, 217, 192, 99, 346, 119,   860
11:50:44, 870, 213, 185, 99, 387, 149,   860
11:50:49, 888, 201, 178,100, 366, 133,   860
11:50:54, 882, 197, 173,100, 331, 109,   860
11:50:59, 882, 201, 177, 97, 363, 131,   860
11:51:04, 879, 190, 167, 95, 343, 117,   860
11:51:09, 885, 190, 168, 95, 328, 107,   860
11:51:14, 879, 190, 167, 96, 334, 111,   860
11:51:19, 879, 193, 169, 96, 348, 121,   860
11:51:24, 885, 186, 164, 98, 346, 119,   860
11:51:29, 879, 193, 169, 98, 343, 117,   860
11:51:34, 879, 193, 169, 99, 340, 115,   860
11:51:39, 879, 182, 159,100, 334, 111,   860
11:51:44, 882, 182, 160,100, 325, 105,   860
11:51:49, 882, 186, 164, 99, 331, 109,   860
11:51:54, 873, 182, 158, 99, 334, 111,   860
11:51:59, 882, 186, 164, 99, 340, 115,   860
11:52:04, 876, 186, 162, 99, 340, 115,   860
11:52:09, 885, 182, 161,100, 325, 105,   860
11:52:14, 879, 182, 159, 99, 328, 107,   860
11:52:19, 885, 186, 164, 99, 337, 113,   860
11:52:24, 876, 186, 162, 99, 343, 117,   860
11:52:29, 882, 186, 164,100, 340, 115,   865
11:52:34, 882, 190, 167,100, 340, 115,   865
11:52:39, 879, 193, 169, 98, 354, 125,   865
11:52:44, 882, 193, 170, 97, 343, 117,   865
11:52:49, 882, 197, 173, 98, 340, 115,   865
11:52:54, 876, 197, 172, 99, 351, 123,   865
11:52:59, 882, 193, 170,100, 331, 109,   865
11:53:04, 882, 193, 170,100, 360, 129,   865
11:53:09, 876, 201, 176, 99, 346, 119,   865
11:53:14, 876, 205, 179, 98, 334, 111,   865
11:53:19, 879, 205, 180, 99, 360, 129,   865
11:53:24, 879, 205, 180,100, 348, 121,   865
11:53:29, 876, 209, 183, 99, 337, 113,   865
11:53:34, 879, 197, 173,100, 357, 127,   865
11:53:39, 873, 201, 175, 98, 354, 125,   865
11:53:44, 879, 205, 180, 98, 337, 113,   865
11:53:49, 885, 197, 174, 98, 346, 119,   865
11:53:54, 882, 193, 170, 99, 328, 107,   865
11:53:59, 879, 197, 173, 98, 334, 111,   865
11:54:04, 879, 186, 163, 98, 340, 115,   865
11:54:09, 885, 186, 164, 98, 328, 107,   865
11:54:14, 885, 186, 164, 98, 328, 107,   865
11:54:19, 879, 186, 163,100, 328, 107,   865
11:54:24, 882, 178, 156, 98, 325, 105,   865
11:54:29, 879, 182, 159,100, 328, 107,   865
11:54:34, 876, 186, 162,100, 334, 111,   865
11:54:39, 879, 182, 159, 99, 334, 111,   865
11:54:44, 882, 178, 156, 99, 316,  99,   865
11:54:49, 882, 186, 164, 99, 337, 113,   865
11:54:54, 882, 182, 160,100, 325, 105,   865
11:54:59, 885, 182, 161,100, 334, 111,   865
11:55:04, 882, 186, 164, 99, 331, 109,   870
11:55:09, 876, 186, 162, 99, 331, 109,   870
11:55:14, 876, 186, 162, 98, 340, 115,   870
11:55:19, 879, 186, 163,100, 328, 107,   870
11:55:24, 882, 190, 167, 99, 337, 113,   870
11:55:29, 882, 182, 160, 99, 322, 103,   870
11:55:34, 882, 182, 160,100, 328, 107,   870
11:55:39, 879, 186, 163,100, 343, 117,   870
11:55:44, 885, 186, 164, 99, 337, 113,   870
11:55:49, 876, 182, 159, 99, 337, 113,   870
11:55:54, 879, 186, 163,100, 331, 109,   870
11:55:59, 882, 182, 160, 99, 322, 103,   870
11:56:04, 879, 182, 159, 99, 328, 107,   870
11:56:09, 879, 182, 159, 98, 337, 113,   870
11:56:14, 879, 182, 159, 99, 337, 113,   870
11:56:19, 882, 186, 164,100, 328, 107,   870
11:56:24, 882, 182, 160, 98, 328, 107,   870
11:56:29, 879, 190, 167,100, 343, 117,   870
11:56:34, 879, 182, 159, 98, 328, 107,   870
11:56:39, 885, 182, 161,100, 319, 101,   870
11:56:44, 885, 182, 161, 99, 337, 113,   870
11:56:49, 879, 178, 156, 98, 325, 105,   870
11:56:54, 879, 174, 152, 99, 322, 103,   870
11:56:59, 876, 182, 159,100, 337, 113,   870
11:57:04, 879, 182, 159,100, 328, 107,   870
11:57:09, 885, 174, 153, 99, 313,  97,   870
11:57:14, 876, 182, 159, 98, 337, 113,   870
11:57:19, 876, 182, 159,100, 337, 113,   870
11:57:24, 885, 178, 157, 99, 325, 105,   870
11:57:29, 882, 174, 153,100, 310,  96,   870
11:57:34, 876, 178, 155, 99, 334, 111,   870
11:57:39, 879, 174, 152, 99, 319, 101,   870
11:57:44, 879, 174, 152,100, 316,  99,   875
11:57:49, 882, 178, 156, 99, 322, 103,   875
11:57:54, 873, 174, 151, 99, 334, 111,   875
11:57:59, 876, 178, 155, 99, 334, 111,   875
11:58:04, 882, 186, 164, 98, 343, 117,   875
11:58:09, 879, 186, 163, 99, 340, 115,   875
11:58:14, 879, 182, 159, 99, 334, 111,   875
11:58:19, 879, 186, 163,100, 325, 105,   875
11:58:24, 876, 186, 162, 99, 340, 115,   875
11:58:29, 885, 182, 161, 98, 319, 101,   875
11:58:34, 876, 182, 159, 98, 340, 115,   875
11:58:39, 879, 186, 163, 99, 334, 111,   875
11:58:44, 879, 178, 156, 99, 325, 105,   875
11:58:49, 882, 182, 160,100, 319, 101,   875
11:58:54, 876, 186, 162, 98, 331, 109,   875
11:58:59, 885, 186, 164, 99, 328, 107,   875
11:59:04, 885, 182, 161, 97, 331, 109,   875
11:59:09, 876, 190, 166, 99, 331, 109,   875
11:59:14, 882, 193, 170, 99, 343, 117,   875
11:59:19, 879, 190, 167, 99, 343, 117,   875
11:59:24, 879, 186, 163, 99, 337, 113,   875
11:59:29, 885, 186, 164, 99, 334, 111,   875
11:59:34, 876, 186, 162, 99, 337, 113,   875
11:59:39, 885, 186, 164, 99, 343, 117,   875
11:59:44, 879, 190, 167, 99, 331, 109,   875
11:59:49, 876, 186, 162, 99, 328, 107,   875
11:59:54, 876, 186, 162, 99, 325, 105,   875
11:59:59, 882, 190, 167, 99, 343, 117,   875
12:00:04, 879, 190, 167, 99, 334, 111,   875
12:00:09, 879, 186, 163, 99, 331, 109,   875
12:00:14, 885, 190, 168, 99, 337, 113,   875
12:00:19, 885, 190, 168, 99, 337, 113,   875
12:00:24, 879, 186, 163, 98, 328, 107,   880
12:00:29, 876, 182, 159, 99, 337, 113,   880
12:00:34, 879, 190, 167, 99, 325, 105,   880
12:00:39, 882, 186, 164, 99, 325, 105,   880
12:00:44, 879, 186, 163, 99, 325, 105,   880
12:00:49, 885, 190, 168, 99, 346, 119,   880
12:00:54, 885, 190, 168, 99, 340, 115,   880
12:00:59, 882, 182, 160,100, 325, 105,   880
12:01:04, 882, 182, 160, 99, 328, 107,   880
12:01:09, 882, 190, 167, 98, 331, 109,   880
12:01:14, 882, 182, 160,100, 334, 111,   880
12:01:19, 876, 182, 159, 99, 337, 113,   880
12:01:24, 879, 182, 159,100, 325, 105,   880
12:01:29, 876, 178, 155, 99, 328, 107,   880
12:01:34, 879, 178, 156, 99, 322, 103,   880
12:01:39, 879, 182, 159, 98, 334, 111,   880
12:01:44, 882, 178, 156, 99, 322, 103,   880
12:01:49, 879, 178, 156, 99, 316,  99,   880
12:01:54, 882, 182, 160, 99, 328, 107,   880
12:01:59, 882, 178, 156, 98, 322, 103,   880
12:02:04, 873, 174, 151, 96, 325, 105,   880
12:02:09, 879, 182, 159, 98, 334, 111,   880
12:02:14, 879, 178, 156, 98, 319, 101,   880
12:02:19, 879, 174, 152, 97, 316,  99,   880
12:02:24, 885, 174, 153, 96, 322, 103,   880
12:02:29, 885, 178, 157, 97, 322, 103,   880
12:02:34, 876, 174, 152, 98, 313,  97,   880
12:02:39, 882, 170, 149, 98, 322, 103,   880
12:02:44, 879, 178, 156, 99, 331, 109,   880
12:02:49, 876, 178, 155,100, 337, 113,   880
12:02:54, 879, 174, 152,100, 331, 109,   880
12:02:59, 885, 182, 161, 97, 319, 101,   880
12:03:04, 885, 178, 157, 98, 316,  99,   880
12:03:09, 879, 178, 156, 98, 334, 111,   885
12:03:14, 879, 174, 152, 97, 331, 109,   885
12:03:19, 879, 182, 159, 97, 325, 105,   885
12:03:24, 882, 174, 153, 98, 313,  97,   885
12:03:29, 885, 174, 153, 99, 322, 103,   885
12:03:34, 879, 182, 159,100, 325, 105,   885
12:03:39, 885, 186, 164, 99, 331, 109,   885
12:03:44, 882, 178, 156, 99, 325, 105,   885
12:03:49, 885, 182, 161, 99, 322, 103,   885
12:03:54, 879, 186, 163, 98, 337, 113,   885
12:03:59, 882, 178, 156, 98, 322, 103,   885
12:04:04, 876, 182, 159, 99, 334, 111,   885
12:04:09, 882, 182, 160,100, 328, 107,   885
12:04:14, 879, 182, 159, 99, 337, 113,   885
12:04:19, 882, 182, 160, 99, 319, 101,   885
12:04:24, 876, 186, 162,100, 328, 107,   885
12:04:29, 876, 182, 159, 99, 337, 113,   885
12:04:34, 876, 186, 162, 98, 340, 115,   885
12:04:39, 879, 190, 167, 99, 334, 111,   885
12:04:44, 882, 193, 170, 99, 351, 123,   885
12:04:49, 882, 190, 167, 99, 346, 119,   885
12:04:54, 876, 193, 169,100, 340, 115,   885
12:04:59, 879, 197, 173, 99, 357, 127,   885
12:05:04, 882, 190, 167, 99, 340, 115,   885
12:05:09, 879, 193, 169, 99, 348, 121,   885
12:05:14, 885, 197, 174, 99, 340, 115,   885
12:05:19, 873, 190, 165, 99, 343, 117,   885
12:05:24, 882, 193, 170,100, 348, 121,   885
12:05:29, 876, 201, 176,100, 346, 119,   885
12:05:34, 882, 201, 177, 99, 348, 121,   885
12:05:39, 876, 197, 172, 98, 348, 121,   885
12:05:44, 882, 197, 173, 98, 340, 115,   885
12:05:49, 882, 197, 173, 96, 334, 111,   890
12:05:54, 885, 193, 170, 98, 340, 115,   890
12:05:59, 882, 197, 173, 99, 343, 117,   890
12:06:04, 879, 197, 173,100, 357, 127,   890
12:06:09, 879, 190, 167, 98, 348, 121,   890
12:06:14, 882, 190, 167, 98, 343, 117,   890
12:06:19, 876, 197, 172, 98, 348, 121,   890
12:06:24, 888, 193, 171, 99, 340, 115,   890
12:06:29, 879, 193, 169,100, 343, 117,   890
12:06:34, 882, 197, 173,100, 351, 123,   890
12:06:39, 873, 197, 171, 99, 348, 121,   890
12:06:44, 882, 193, 170, 99, 351, 123,   890
12:06:49, 879, 193, 169, 99, 328, 107,   890
12:06:54, 885, 197, 174, 98, 343, 117,   890
12:06:59, 885, 190, 168, 99, 337, 113,   890
12:07:04, 876, 190, 166, 99, 337, 113,   890
12:07:09, 888, 193, 171, 99, 340, 115,   890
12:07:14, 879, 193, 169, 99, 331, 109,   890
12:07:19, 882, 190, 167,100, 337, 113,   890
12:07:24, 876, 193, 169,100, 343, 117,   890
12:07:29, 879, 197, 173,100, 334, 111,   890
12:07:34, 879, 190, 167, 99, 331, 109,   890
12:07:39, 885, 193, 170, 99, 340, 115,   890
12:07:44, 882, 190, 167, 98, 343, 117,   890
12:07:49, 882, 186, 164, 99, 343, 117,   890
12:07:54, 882, 193, 170, 99, 348, 121,   890
12:07:59, 885, 193, 170, 98, 337, 113,   890
12:08:04, 879, 186, 163,100, 328, 107,   890
12:08:09, 882, 186, 164,100, 328, 107,   890
12:08:14, 885, 190, 168, 99, 337, 113,   890
12:08:19, 882, 186, 164,100, 325, 105,   895
12:08:24, 882, 182, 160, 99, 322, 103,   895
12:08:29, 876, 190, 166,100, 328, 107,   895
12:08:34, 882, 186, 164, 99, 328, 107,   895
12:08:39, 882, 182, 160,100, 322, 103,   895
12:08:44, 876, 186, 162, 99, 340, 115,   895
12:08:49, 876, 186, 162,100, 337, 113,   895
12:08:54, 882, 178, 156, 98, 319, 101,   895
12:08:59, 885, 182, 161, 99, 322, 103,   895
12:09:04, 885, 182, 161, 99, 334, 111,   895
12:09:09, 876, 178, 155,100, 337, 113,   895
12:09:14, 879, 178, 156,100, 334, 111,   895
12:09:19, 882, 182, 160, 99, 325, 105,   895
12:09:24, 882, 182, 160, 99, 337, 113,   895
12:09:29, 873, 182, 158, 98, 337, 113,   895
12:09:34, 876, 182, 159, 99, 340, 115,   895
12:09:39, 879, 186, 163,100, 325, 105,   895
12:09:44, 876, 178, 155,100, 331, 109,   895
12:09:49, 879, 186, 163, 98, 340, 115,   895
12:09:54, 876, 186, 162, 98, 343, 117,   895
12:09:59, 879, 182, 159, 98, 331, 109,   895
12:10:04, 882, 182, 160,100, 322, 103,   895
12:10:09, 882, 186, 164,100, 334, 111,   895
12:10:14, 882, 186, 164,100, 322, 103,   895
12:10:19, 876, 186, 162, 99, 340, 115,   895
