time,VIn,AIn,PIn,PWM,VOut,POut,EnProd,CNT1,CNT2,CNT3,CNT4
10:15:35, 882, 229, 201, 59, 375, 140,    10, 172,  72,   1,1669
10:15:55,1,0,0,0,0,0,0
10:16:00, 882, 249, 219, 59, 395, 156,    15, 172,  72,   1,1672
10:16:21,1,0,0,0,0,0,0
10:16:26, 882, 281, 247, 60, 431, 185,    15, 172,  72,   1,1679
10:16:46,1,0,0,0,0,0,0
10:16:51, 859, 332, 285, 60, 478, 228,    15, 172,  72,   1,1691
10:17:12,1,0,0,0,0,0,0
10:17:17,1217, 399, 485, 55, 633, 400,    15, 172,  72,   1,1703
10:17:37,1,0,0,0,0,0,0
10:17:42,1085, 368, 399, 56, 574, 329,    15, 172,  72,   1,1715
10:18:03,1,0,0,0,0,0,0
10:18:08,1161, 407, 472, 57, 630, 396,    15, 172,  73,   1,1726
10:18:28,1,0,0,0,0,0,0
10:18:33,1067, 391, 417, 59, 589, 346,    15, 172,  73,   1,1738
10:18:54,1,0,0,0,0,0,0
10:18:59,1237, 411, 508, 56, 648, 419,    15, 172,  73,   1,1749
10:19:19,1,0,0,0,0,0,0
10:19:24,1284, 463, 594, 57, 706, 498,    15, 172,  73,   1,1760
10:19:45,1,0,0,0,0,0,0
10:19:50,1222, 423, 516, 57, 656, 430,    20, 172,  73,   1,1772
10:20:11,1,0,0,0,0,0,0
10:20:16,1014, 376, 381, 59, 560, 313,    20, 172,  73,   1,1783
10:20:37,1,0,0,0,0,0,0
10:20:42, 897, 344, 308, 60, 504, 254,    20, 172,  73,   1,1795
10:21:02,1,0,0,0,0,0,0
10:21:07, 873, 336, 293, 60, 489, 239,    20, 172,  73,   1,1807
10:21:28,1,0,0,0,0,0,0
10:21:33, 894, 344, 307, 60, 501, 251,    20, 175,  73,   1,1816
10:21:53,1,0,0,0,0,0,0
10:21:58, 909, 348, 316, 60, 510, 260,    20, 175,  73,   1,1825
10:22:19,1,0,0,0,0,0,0
10:22:24, 967, 352, 340, 60, 530, 280,    20, 175,  73,   1,1837
10:22:44,1,0,0,0,0,0,0
10:22:49, 956, 364, 347, 60, 536, 287,    20, 175,  73,   1,1849
10:23:10,1,0,0,0,0,0,0
10:23:15,1017, 376, 382, 59, 560, 313,    20, 176,  73,   1,1858
10:23:35,1,0,0,0,0,0,0
10:23:40,1020, 395, 402, 60, 577, 332,    20, 177,  73,   1,1868
10:24:01,1,0,0,0,0,0,0
10:24:06, 985, 376, 370, 60, 557, 310,    20, 177,  73,   1,1880
10:24:26,1,0,0,0,0,0,0
10:24:31, 958, 372, 356, 60, 539, 290,    20, 177,  73,   1,1891
10:24:52,1,0,0,0,0,0,0
10:24:57,1117, 415, 463, 59, 621, 385,    25, 177,  73,   1,1901
10:25:17,1,0,0,0,0,0,0
10:25:22,1460, 514, 750, 56, 794, 630,    25, 177,  73,   1,1913
10:25:43,1,0,0,0,0,0,0
10:25:48,1662, 589, 978, 57, 909, 826,    25, 177,  73,   1,1924
10:26:11,1,0,0,0,0,0,0
10:26:16,1478, 546, 806, 57, 821, 674,    25, 177,  73,   1,1942
10:26:37,1,0,0,0,0,0,0
10:26:42,1410, 514, 724, 57, 780, 608,    30, 177,  73,   1,1954
10:27:02,1,0,0,0,0,0,0
10:27:07,1815, 645,1170, 56, 994, 988,    30, 177,  73,   1,1964
10:27:12,1856, 657,1219, 56,1017,1034,    30, 177,  73,   1,1973
10:27:17,1932, 653,1261, 55,1041,1083,    30, 177,  73,   1,1983
10:27:22,1900, 673,1278, 56,1043,1087,    35, 177,  73,   1,1993
10:27:27,1832, 625,1145, 56, 985, 970,    35, 177,  73,   1,2003
10:27:32,1800, 609,1096, 56, 961, 923,    35, 177,  73,   1,2013
10:27:37,1803, 641,1155, 56, 988, 976,    40, 177,  73,   1,2023
10:27:42,1920, 680,1305, 56,1058,1119,    40, 177,  73,   1,2033
10:27:47,1976, 665,1314, 55,1064,1132,    40, 177,  73,   1,2043
10:27:52,1956, 657,1285, 56,1052,1106,    40, 177,  73,   1,2053
10:27:57,1956, 661,1292, 56,1052,1106,    45, 178,  73,   1,2062
10:28:02,1932, 680,1313, 57,1064,1132,    45, 178,  73,   1,2070
10:28:07,1926, 649,1249, 56,1038,1077,    45, 178,  73,   1,2080
10:28:12,1727, 645,1113, 57, 967, 935,    50, 178,  73,   1,2090
10:28:17,1419, 479, 679, 56, 747, 558,    50, 178,  73,   1,2100
10:28:38,1,0,0,0,0,0,0
10:28:43, 982, 360, 353, 60, 542, 293,    50, 179,  73,   1,2112
10:29:04,1,0,0,0,0,0,0
10:29:09, 850, 328, 278, 60, 475, 225,    50, 179,  73,   1,2124
10:29:29,1,0,0,0,0,0,0
10:29:34, 876, 300, 262, 61, 457, 208,    50, 179,  73,   1,2135
10:29:55,1,0,0,0,0,0,0
10:30:00, 882, 273, 240, 60, 419, 175,    50, 181,  75,   1,2141
10:30:20,1,0,0,0,0,0,0
10:30:25, 879, 261, 229, 60, 422, 178,    50, 184,  77,   1,2146
10:30:46,1,0,0,0,0,0,0
10:30:51, 882, 253, 223, 61, 413, 170,    50, 187,  79,   1,2152
10:31:11,1,0,0,0,0,0,0
10:31:16, 882, 245, 216, 61, 401, 160,    50, 189,  85,   1,2156
10:31:37,1,0,0,0,0,0,0
10:31:42, 882, 241, 212, 61, 395, 156,    50, 190,  91,   1,2161
10:32:02,1,0,0,0,0,0,0
10:32:07, 879, 237, 208, 60, 395, 156,    50, 191,  94,   1,2169
10:32:28,1,0,0,0,0,0,0
10:32:33, 882, 237, 209, 62, 395, 156,    50, 191,  96,   1,2179
10:32:53,1,0,0,0,0,0,0
10:32:58, 879, 237, 208, 61, 398, 158,    55, 194,  96,   1,2187
10:33:19,1,0,0,0,0,0,0
10:33:24, 882, 237, 209, 61, 398, 158,    55, 194,  97,   1,2198
10:33:44,1,0,0,0,0,0,0
10:33:49, 882, 237, 209, 60, 398, 158,    55, 195,  99,   1,2204
10:34:10,1,0,0,0,0,0,0
10:34:15, 879, 249, 218, 61, 401, 160,    55, 197,  99,   1,2211
10:34:35,1,0,0,0,0,0,0
10:34:40, 868, 308, 267, 60, 442, 195,    55, 198,  99,   1,2220
10:35:01,1,0,0,0,0,0,0
10:35:06, 947, 360, 340, 60, 533, 284,    55, 198,  99,   1,2231
10:35:26,1,0,0,0,0,0,0
10:35:32, 856, 304, 260, 60, 445, 198,    55, 198, 100,   1,2242
10:35:53,1,0,0,0,0,0,0
10:35:58, 882, 269, 237, 61, 422, 178,    55, 199, 102,   1,2251
10:36:18,1,0,0,0,0,0,0
10:36:23, 882, 249, 219, 60, 407, 165,    55, 204, 103,   1,2256
10:36:44,1,0,0,0,0,0,0
10:36:49, 882, 249, 219, 61, 398, 158,    55, 207, 106,   1,2262
10:37:09,1,0,0,0,0,0,0
10:37:14, 876, 249, 218, 60, 407, 165,    55, 209, 106,   1,2269
10:37:35,1,0,0,0,0,0,0
10:37:40, 882, 253, 223, 60, 410, 168,    55, 210, 107,   1,2276
10:38:00,1,0,0,0,0,0,0
10:38:05, 882, 273, 240, 59, 439, 192,    55, 211, 107,   1,2282
10:38:26,1,0,0,0,0,0,0
10:38:31, 847, 324, 274, 61, 469, 219,    55, 211, 107,   1,2294
10:38:51,1,0,0,0,0,0,0
10:38:56,1178, 443, 521, 59, 659, 434,    55, 211, 107,   1,2306
10:39:17,1,0,0,0,0,0,0
10:39:22,2082, 661,1376, 55,1099,1207,    60, 211, 107,   1,2318
10:39:27,2076, 661,1372, 55,1093,1194,    60, 211, 107,   1,2328
10:39:32,2055, 661,1358, 54,1087,1181,    60, 211, 107,   1,2338
10:39:37,2046, 625,1278, 54,1052,1106,    65, 211, 107,   1,2348
10:39:42,2023, 649,1312, 54,1067,1138,    65, 211, 109,   1,2356
10:39:47,2002, 641,1283, 54,1055,1113,    65, 211, 109,   1,2366
10:39:52,2017, 676,1363, 55,1087,1181,    70, 212, 113,   1,2371
10:39:57,2005, 704,1411, 56,1108,1227,    70, 212, 113,   1,2380
10:40:02,1923, 708,1361, 57,1082,1170,    70, 212, 113,   1,2390
10:40:07,1826, 680,1241, 58,1029,1058,    75, 212, 114,   1,2399
10:40:12,1551, 550, 853, 57, 844, 712,    75, 212, 114,   1,2409
10:40:35,1,0,0,0,0,0,0
10:40:40, 873, 340, 296, 60, 489, 239,    75, 212, 116,   1,2425
10:41:01,1,0,0,0,0,0,0
10:41:06, 847, 308, 260, 60, 457, 208,    75, 212, 116,   1,2437
10:41:26,1,0,0,0,0,0,0
10:41:31, 868, 332, 288, 60, 483, 233,    75, 212, 116,   1,2448
10:41:52,1,0,0,0,0,0,0
10:41:57,1645, 633,1041, 58, 938, 879,    75, 212, 116,   1,2460
10:42:02,1785, 665,1187, 57,1000,1000,    80, 212, 116,   1,2470
10:42:07,1727, 669,1155, 59, 988, 976,    80, 212, 116,   1,2479
10:42:12,1727, 669,1155, 59, 988, 976,    80, 213, 116,   1,2488
10:42:17,1700, 661,1123, 59, 973, 946,    80, 213, 116,   1,2498
10:42:22,1516, 585, 886, 59, 862, 743,    85, 213, 116,   1,2508
10:42:42,1,0,0,0,0,0,0
10:42:47,1269, 498, 631, 60, 730, 532,    85, 213, 116,   1,2519
10:43:07,1,0,0,0,0,0,0
10:43:12, 859, 312, 268, 61, 431, 185,    85, 213, 117,   1,2530
10:43:33,1,0,0,0,0,0,0
10:43:38, 868, 316, 274, 61, 445, 198,    85, 215, 117,   1,2540
10:43:58,1,0,0,0,0,0,0
10:44:03, 973, 372, 361, 60, 548, 300,    85, 216, 117,   1,2551
10:44:24,1,0,0,0,0,0,0
10:44:29, 970, 356, 345, 59, 533, 284,    85, 216, 117,   1,2563
10:44:49,1,0,0,0,0,0,0
10:44:54,1560, 601, 937, 59, 885, 783,    85, 216, 117,   1,2574
10:44:59,1824, 676,1233, 57,1023,1046,    90, 216, 117,   1,2584
10:45:04,1891, 665,1257, 57,1041,1083,    90, 216, 117,   1,2593
10:45:09,1888, 696,1314, 57,1058,1119,    90, 216, 117,   1,2601
10:45:14,1885, 728,1372, 59,1085,1177,    90, 216, 117,   1,2611
10:45:19,1929, 779,1502, 60,1134,1285,    95, 216, 117,   1,2621
10:45:24,1988, 803,1596, 60,1170,1368,    95, 216, 117,   1,2631
10:45:29,1970, 791,1558, 61,1161,1347,   100, 216, 117,   1,2640
10:45:34,1929, 851,1641, 63,1184,1401,   100, 216, 117,   1,2650
10:45:39,1903, 870,1655, 64,1190,1416,   100, 217, 119,   1,2657
10:45:44,1912, 843,1611, 63,1173,1375,   105, 217, 119,   1,2667
10:45:49,1917, 843,1616, 63,1175,1380,   105, 217, 119,   1,2677
10:45:54,1941, 851,1651, 63,1190,1416,   105, 217, 119,   1,2686
10:45:59,1876, 823,1543, 63,1149,1320,   110, 217, 119,   1,2696
10:46:04,1791, 756,1353, 61,1073,1151,   110, 217, 119,   1,2706
10:46:09,1706, 720,1228, 62,1017,1034,   115, 217, 119,   1,2716
10:46:14,1759, 744,1308, 62,1052,1106,   115, 217, 121,   1,2724
10:46:19,1744, 740,1290, 62,1043,1087,   115, 217, 121,   1,2734
10:46:24,1601, 673,1077, 61, 950, 902,   115, 217, 121,   1,2744
10:46:29,1607, 676,1086, 61, 956, 913,   120, 217, 121,   1,2752
10:46:34,1683, 680,1144, 60, 985, 970,   120, 217, 121,   1,2760
10:46:39,1841, 712,1310, 59,1055,1113,   120, 217, 121,   1,2769
10:46:44,1935, 712,1377, 58,1087,1181,   125, 217, 121,   1,2778
10:46:49,1961, 756,1482, 59,1129,1274,   125, 217, 121,   1,2788
10:46:54,2000, 768,1536, 59,1152,1327,   125, 217, 121,   1,2797
10:46:59,2017, 744,1500, 58,1137,1292,   130, 217, 121,   1,2807
10:47:04,2014, 740,1490, 58,1134,1285,   130, 217, 121,   1,2817
10:47:09,2005, 740,1483, 58,1131,1279,   130, 217, 121,   1,2824
10:47:14,1988, 799,1588, 60,1173,1375,   135, 217, 121,   1,2834
10:47:19,1973, 859,1694, 62,1211,1466,   135, 217, 121,   1,2844
10:47:24,1970, 863,1700, 62,1208,1459,   140, 217, 121,   1,2852
10:47:29,1935, 851,1646, 63,1187,1408,   140, 217, 123,   1,2860
10:47:34,1912, 803,1535, 62,1146,1313,   140, 217, 125,   1,2868
10:47:39,1888, 795,1500, 61,1131,1279,   145, 217, 125,   1,2878
10:47:44,1744, 736,1283, 62,1041,1083,   145, 217, 125,   1,2888
10:48:08,1,0,0,0,0,0,0
10:48:13,1002, 387, 387, 60, 565, 319,   145, 217, 125,   1,2907
10:48:34,1,0,0,0,0,0,0
10:48:39,1225, 479, 586, 60, 700, 490,   145, 217, 126,   1,2918
10:48:59,1,0,0,0,0,0,0
10:49:04,1563, 605, 945, 59, 888, 788,   150, 217, 126,   1,2930
10:49:25,1,0,0,0,0,0,0
10:49:30,1809, 669,1210, 58,1014,1028,   150, 218, 126,   1,2941
10:49:35,1906, 740,1410, 58,1099,1207,   150, 218, 126,   1,2948
10:49:40,2000, 768,1536, 58,1152,1327,   155, 218, 126,   1,2958
10:49:45,2000, 768,1536, 58,1152,1327,   155, 218, 126,   1,2968
10:49:50,1997, 771,1539, 58,1149,1320,   155, 218, 126,   1,2976
10:49:55,1994, 764,1523, 58,1149,1320,   160, 218, 126,   1,2984
10:50:00,1994, 768,1531, 58,1149,1320,   160, 218, 126,   1,2993
10:50:05,1994, 768,1531, 58,1149,1320,   165, 218, 126,   1,3001
10:50:10,1991, 768,1529, 59,1152,1327,   165, 219, 126,   1,3008
10:50:15,1988, 764,1518, 59,1143,1306,   165, 221, 126,   1,3016
10:50:20,1985, 760,1508, 59,1143,1306,   170, 221, 126,   1,3026
10:50:25,1976, 795,1570, 60,1167,1361,   170, 221, 126,   1,3036
10:50:30,1964, 823,1616, 62,1181,1394,   170, 221, 126,   1,3045
10:50:35,1953, 855,1669, 63,1196,1430,   175, 221, 126,   1,3054
10:50:40,1941, 882,1711, 64,1214,1473,   175, 222, 126,   1,3063
10:50:45,1926, 910,1752, 65,1228,1507,   180, 222, 127,   1,3072
10:50:50,1912, 946,1808, 66,1246,1552,   180, 222, 127,   1,3082
10:50:55,1909, 942,1798, 66,1240,1537,   180, 223, 130,   1,3088
10:51:00,1900, 973,1848, 68,1258,1582,   185, 223, 132,   1,3096
10:51:05,1870,1037,1939, 70,1287,1656,   185, 223, 132,   1,3106
10:51:10,1853,1064,1971, 72,1299,1687,   190, 224, 134,   1,3113
10:51:15,1841,1088,2003, 72,1310,1716,   190, 224, 134,   1,3121
10:51:20,1844,1092,2013, 72,1310,1716,   195, 224, 134,   1,3129
10:51:25,1841,1092,2010, 72,1310,1716,   195, 224, 134,   1,3138
10:51:30,1838,1088,1999, 72,1307,1708,   200, 224, 134,   1,3145
10:51:35,1838,1088,1999, 73,1310,1716,   200, 228, 134,   1,3149
10:51:40,1841,1088,2003, 73,1307,1708,   205, 233, 134,   1,3153
10:51:45,1818,1116,2028, 75,1319,1739,   205, 236, 135,   1,3159
10:51:50,1809,1144,2069, 76,1331,1771,   210, 236, 137,   1,3167
10:51:56,1762,1195,2105, 78,1343,1803,   210, 236, 138,   1,3176
10:52:01,1765,1199,2116, 78,1340,1795,   215, 237, 139,   1,3184
10:52:06,1762,1195,2105, 78,1343,1803,   215, 240, 139,   1,3189
10:52:11,1741,1219,2122, 79,1348,1817,   220, 244, 139,   1,3195
10:52:16,1721,1239,2132, 81,1348,1817,   220, 244, 139,   1,3205
10:52:21,1718,1239,2128, 81,1348,1817,   225, 244, 140,   1,3214
10:52:26,1718,1243,2135, 81,1351,1825,   225, 244, 140,   1,3224
10:52:31,1695,1258,2132, 81,1348,1817,   230, 244, 140,   1,3232
10:52:36,1695,1262,2139, 82,1354,1833,   230, 244, 140,   1,3241
10:52:41,1718,1239,2128, 81,1348,1817,   235, 244, 140,   1,3245
10:52:46,1668,1274,2125, 83,1348,1817,   235, 244, 140,   1,3255
10:52:51,1639,1290,2114, 84,1346,1811,   240, 244, 140,   1,3262
10:52:56,1609,1306,2101, 85,1343,1803,   240, 244, 141,   1,3271
10:53:01,1609,1302,2094, 85,1340,1795,   245, 244, 141,   1,3281
10:53:06,1609,1302,2094, 85,1340,1795,   245, 244, 145,   1,3287
10:53:11,1609,1306,2101, 85,1343,1803,   250, 244, 146,   1,3296
10:53:16,1609,1306,2101, 85,1343,1803,   250, 244, 147,   1,3305
10:53:21,1642,1294,2124, 85,1346,1811,   255, 244, 147,   1,3315
10:53:26,1612,1306,2105, 85,1346,1811,   255, 244, 152,   1,3320
10:53:31,1609,1306,2101, 86,1343,1803,   260, 245, 152,   1,3329
10:53:36,1583,1318,2086, 87,1337,1787,   260, 245, 154,   1,3337
10:53:41,1551,1322,2050, 88,1328,1763,   265, 245, 154,   1,3345
10:53:46,1580,1314,2076, 86,1337,1787,   265, 245, 154,   1,3351
10:53:51,1580,1318,2082, 86,1337,1787,   270, 245, 154,   1,3361
10:53:56,1586,1318,2090, 86,1337,1787,   270, 245, 154,   1,3369
10:54:01,1586,1322,2096, 86,1343,1803,   275, 245, 154,   1,3376
10:54:06,1589,1322,2100, 86,1343,1803,   275, 245, 154,   1,3382
10:54:11,1592,1322,2104, 86,1343,1803,   280, 245, 154,   1,3389
10:54:16,1589,1322,2100, 86,1343,1803,   280, 245, 154,   1,3396
10:54:21,1533,1274,1953, 86,1296,1679,   285, 245, 155,   1,3402
10:54:26,1442,1187,1711, 86,1214,1473,   285, 245, 156,   1,3411
10:54:31,1439,1183,1702, 86,1214,1473,   285, 245, 157,   1,3420
10:54:36,1472,1183,1741, 86,1219,1485,   290, 246, 159,   1,3427
10:54:41,1439,1183,1702, 87,1211,1466,   290, 246, 159,   1,3437
10:54:46,1407,1187,1670, 88,1205,1452,   295, 247, 160,   1,3445
10:54:51,1404,1183,1660, 88,1199,1437,   295, 249, 161,   1,3452
10:54:56,1404,1179,1655, 87,1199,1437,   295, 249, 161,   1,3462
10:55:01,1401,1179,1651, 87,1196,1430,   300, 249, 161,   1,3472
10:55:06,1407,1179,1658, 87,1199,1437,   300, 249, 161,   1,3482
10:55:11,1410,1183,1668, 87,1205,1452,   305, 249, 161,   1,3492
10:55:16,1410,1183,1668, 87,1202,1444,   305, 249, 161,   1,3502
10:55:21,1413,1175,1660, 87,1205,1452,   305, 249, 161,   1,3512
10:55:26,1442,1175,1694, 87,1214,1473,   310, 249, 162,   1,3521
10:55:31,1410,1175,1656, 87,1199,1437,   310, 249, 163,   1,3530
10:55:36,1407,1175,1653, 87,1202,1444,   315, 249, 163,   1,3540
10:55:41,1413,1175,1660, 87,1202,1444,   315, 249, 163,   1,3550
10:55:46,1407,1175,1653, 87,1202,1444,   320, 249, 164,   1,3559
10:55:51,1395,1163,1622, 88,1190,1416,   320, 249, 164,   1,3569
10:55:56,1428,1159,1655, 86,1202,1444,   320, 249, 164,   1,3579
10:56:01,1398,1136,1588, 86,1175,1380,   325, 249, 164,   1,3589
10:56:06,1369,1108,1516, 86,1146,1313,   325, 249, 164,   1,3599
10:56:11,1422,1124,1598, 85,1175,1380,   325, 249, 164,   1,3609
10:56:16,1401,1104,1546, 86,1158,1340,   330, 249, 164,   1,3617
10:56:21,1457,1124,1637, 85,1190,1416,   330, 249, 164,   1,3626
10:56:26,1475,1136,1675, 84,1205,1452,   335, 249, 164,   1,3636
10:56:31,1475,1140,1681, 85,1208,1459,   335, 249, 164,   1,3646
10:56:36,1428,1096,1565, 85,1164,1354,   335, 249, 164,   1,3655
10:56:41,1299, 985,1279, 85,1055,1113,   340, 249, 164,   1,3665
10:56:46,1105, 819, 904, 85, 888, 788,   340, 249, 164,   1,3675
10:57:10,1,0,0,0,0,0,0
10:57:15,1865, 771,1437, 61,1117,1247,   345, 250, 165,   1,3692
10:57:20,1862, 768,1430, 62,1117,1247,   345, 255, 165,   1,3697
10:57:25,1859, 771,1433, 62,1114,1240,   345, 257, 165,   1,3705
10:57:30,1847, 799,1475, 63,1129,1274,   350, 257, 165,   1,3715
10:57:35,1835, 827,1517, 64,1143,1306,   350, 257, 165,   1,3725
10:57:40,1821, 859,1564, 66,1161,1347,   350, 258, 166,   1,3733
10:57:45,1803, 882,1590, 66,1173,1375,   355, 259, 166,   1,3740
10:57:50,1803, 878,1583, 66,1167,1361,   355, 262, 166,   1,3746
10:57:55,1782, 902,1607, 68,1175,1380,   355, 263, 166,   1,3755
10:58:00,1782, 902,1607, 69,1175,1380,   360, 263, 166,   1,3765
10:58:05,1750, 954,1669, 70,1202,1444,   360, 264, 166,   1,3774
10:58:10,1756, 954,1675, 70,1202,1444,   365, 268, 167,   1,3779
10:58:15,1753, 954,1672, 71,1202,1444,   365, 270, 167,   1,3787
10:58:20,1733, 981,1700, 72,1208,1459,   365, 274, 167,   1,3793
10:58:25,1709,1001,1710, 73,1211,1466,   370, 274, 167,   1,3803
10:58:30,1689,1021,1724, 75,1219,1485,   370, 274, 168,   1,3812
10:58:35,1636,1057,1729, 76,1222,1493,   375, 275, 168,   1,3821
10:58:40,1639,1060,1737, 77,1225,1500,   375, 279, 168,   1,3827
10:58:45,1624,1080,1753, 79,1231,1515,   375, 280, 168,   1,3836
10:58:50,1595,1092,1741, 79,1228,1507,   380, 280, 169,   1,3845
10:58:55,1595,1096,1748, 79,1225,1500,   380, 285, 169,   1,3850
10:59:00,1563,1108,1731, 80,1219,1485,   385, 287, 169,   1,3858
10:59:05,1554,1100,1709, 81,1217,1481,   385, 287, 169,   1,3867
10:59:10,1521,1108,1685, 81,1205,1452,   390, 288, 169,   1,3875
10:59:15,1516,1104,1673, 81,1202,1444,   390, 288, 169,   1,3882
10:59:20,1513,1104,1670, 81,1202,1444,   390, 288, 169,   1,3888
10:59:25,1475,1104,1628, 83,1187,1408,   395, 288, 169,   1,3896
10:59:30,1472,1104,1625, 83,1184,1401,   395, 288, 169,   1,3904
10:59:35,1422,1092,1552, 85,1161,1347,   395, 288, 169,   1,3913
10:59:40,1360,1013,1377, 83,1087,1181,   400, 288, 170,   1,3922
10:59:45,1290, 950,1225, 82,1029,1058,   400, 288, 170,   1,3932
10:59:50,1404,1013,1422, 81,1111,1234,   400, 288, 170,   1,3942
10:59:55,1425,1033,1472, 81,1129,1274,   405, 288, 170,   1,3952
11:00:00,1486,1049,1558, 80,1158,1340,   405, 288, 170,   1,3961
11:00:05,1478,1045,1544, 80,1155,1334,   410, 288, 170,   1,3969
11:00:10,1442,1017,1466, 80,1129,1274,   410, 288, 171,   1,3977
11:00:15,1519,1037,1575, 79,1167,1361,   410, 288, 171,   1,3987
11:00:20,1571,1045,1641, 77,1187,1408,   415, 288, 171,   1,3997
11:00:25,1609,1033,1662, 76,1199,1437,   415, 288, 171,   1,4007
11:00:30,1618,1041,1684, 76,1202,1444,   415, 288, 171,   1,4015
11:00:35,1624,1049,1703, 77,1211,1466,   420, 288, 171,   1,4025
11:00:40,1621,1045,1693, 77,1208,1459,   420, 288, 171,   1,4035
11:00:45,1595,1060,1690, 79,1208,1459,   425, 288, 171,   1,4045
11:00:50,1571,1045,1641, 79,1190,1416,   425, 288, 171,   1,4053
11:00:55,1536,1053,1617, 80,1178,1387,   425, 288, 171,   1,4063
11:01:00,1513,1064,1609, 81,1178,1387,   430, 289, 171,   1,4072
11:01:05,1516,1068,1619, 80,1184,1401,   430, 289, 171,   1,4078
11:01:10,1521,1072,1630, 80,1187,1408,   435, 289, 171,   1,4086
11:01:15,1560,1072,1672, 79,1199,1437,   435, 289, 171,   1,4093
11:01:20,1545,1057,1633, 79,1187,1408,   435, 290, 171,   1,4102
11:01:25,1510,1029,1553, 79,1161,1347,   440, 290, 171,   1,4112
11:01:30,1472, 969,1426, 79,1111,1234,   440, 290, 171,   1,4122
11:01:35,1390, 910,1264, 77,1043,1087,   440, 290, 171,   1,4132
11:01:40,1390, 914,1270, 78,1046,1094,   445, 291, 171,   1,4141
11:01:45,1407, 930,1308, 77,1064,1132,   445, 291, 171,   1,4151
11:01:50,1557,1001,1558, 76,1161,1347,   445, 291, 171,   1,4161
11:01:55,1618,1013,1639, 76,1187,1408,   450, 291, 171,   1,4170
11:02:00,1624,1013,1645, 75,1190,1416,   450, 291, 171,   1,4178
11:02:05,1639,1021,1673, 75,1199,1437,   455, 291, 171,   1,4186
11:02:10,1571,1013,1591, 76,1173,1375,   455, 291, 172,   1,4195
11:02:15,1621,1013,1642, 76,1190,1416,   455, 291, 172,   1,4205
11:02:20,1680,1013,1701, 74,1208,1459,   460, 291, 172,   1,4214
11:02:25,1648,1025,1689, 75,1208,1459,   460, 291, 172,   1,4222
11:02:30,1680,1013,1701, 75,1208,1459,   465, 291, 172,   1,4229
11:02:35,1689,1021,1724, 75,1219,1485,   465, 291, 172,   1,4239
11:02:40,1668,1037,1729, 76,1222,1493,   465, 294, 173,   1,4245
11:02:45,1642,1057,1735, 76,1222,1493,   470, 294, 174,   1,4251
11:02:50,1609,1068,1718, 78,1219,1485,   470, 295, 174,   1,4259
11:02:55,1609,1068,1718, 79,1219,1485,   475, 296, 174,   1,4267
11:03:00,1586,1084,1719, 79,1219,1485,   475, 296, 174,   1,4276
11:03:05,1612,1072,1728, 78,1225,1500,   475, 296, 174,   1,4281
11:03:10,1609,1072,1724, 79,1219,1485,   480, 296, 174,   1,4289
11:03:15,1586,1088,1725, 79,1219,1485,   480, 296, 174,   1,4299
11:03:20,1589,1092,1735, 79,1225,1500,   485, 296, 174,   1,4308
11:03:25,1645,1060,1743, 77,1225,1500,   485, 296, 174,   1,4312
11:03:30,1618,1080,1747, 78,1228,1507,   490, 296, 174,   1,4320
11:03:35,1621,1076,1744, 78,1225,1500,   490, 296, 174,   1,4327
11:03:40,1589,1092,1735, 79,1222,1493,   490, 296, 174,   1,4336
11:03:45,1586,1092,1731, 80,1222,1493,   495, 296, 174,   1,4342
11:03:50,1560,1104,1722, 80,1217,1481,   495, 296, 174,   1,4350
11:03:55,1560,1104,1722, 80,1217,1481,   500, 296, 174,   1,4358
11:04:00,1554,1100,1709, 81,1217,1481,   500, 299, 174,   1,4364
11:04:05,1527,1112,1698, 81,1211,1466,   500, 299, 174,   1,4371
11:04:10,1571,1108,1740, 80,1225,1500,   505, 299, 174,   1,4380
11:04:15,1557,1100,1712, 80,1217,1481,   505, 299, 174,   1,4390
11:04:20,1560,1104,1722, 80,1219,1485,   510, 299, 174,   1,4397
11:04:25,1563,1108,1731, 80,1219,1485,   510, 299, 174,   1,4404
11:04:30,1560,1104,1722, 80,1219,1485,   515, 299, 174,   1,4411
11:04:35,1554,1100,1709, 80,1211,1466,   515, 299, 174,   1,4421
11:04:40,1551,1096,1699, 80,1208,1459,   515, 299, 174,   1,4431
11:04:45,1545,1092,1687, 80,1208,1459,   520, 299, 174,   1,4440
11:04:50,1577,1076,1696, 80,1211,1466,   520, 299, 174,   1,4449
11:04:55,1539,1088,1674, 80,1202,1444,   525, 299, 174,   1,4458
11:05:00,1557,1064,1656, 80,1199,1437,   525, 301, 174,   1,4466
11:05:05,1536,1013,1555, 80,1161,1347,   525, 301, 174,   1,4476
11:05:10,1466, 965,1414, 80,1108,1227,   530, 301, 174,   1,4486
11:05:15,1366, 922,1259, 80,1043,1087,   530, 301, 174,   1,4496
11:05:20,1398, 918,1283, 80,1052,1106,   530, 301, 174,   1,4506
11:05:25,1398, 918,1283, 80,1052,1106,   535, 301, 174,   1,4516
11:05:30,1442, 946,1364, 80,1085,1177,   535, 301, 174,   1,4526
11:05:35,1521, 973,1479, 80,1131,1279,   535, 301, 174,   1,4535
11:05:40,1618,1037,1677, 80,1205,1452,   540, 301, 174,   1,4545
11:05:45,1648,1060,1746, 80,1228,1507,   540, 301, 174,   1,4555
11:05:50,1615,1033,1668, 80,1202,1444,   540, 301, 174,   1,4565
11:05:55,1589,1017,1616, 80,1181,1394,   545, 301, 174,   1,4575
11:06:00,1495, 954,1426, 80,1108,1227,   545, 301, 175,   1,4584
11:06:05,1442, 918,1323, 80,1070,1144,   550, 301, 175,   1,4594
11:06:10,1363, 863,1176, 80,1008,1016,   550, 301, 175,   1,4604
11:06:15,1266, 791,1001, 80, 932, 868,   550, 301, 175,   1,4614
11:06:20,1328, 811,1077, 80, 964, 929,   550, 301, 175,   1,4624
11:06:25,1263, 740, 934, 80, 903, 815,   555, 301, 175,   1,4634
11:06:30,1322, 803,1061, 80, 958, 917,   555, 301, 175,   1,4643
11:06:35,1574, 914,1438, 80,1111,1234,   555, 301, 175,   1,4653
11:06:40,1621, 906,1468, 80,1126,1267,   555, 301, 175,   1,4659
11:06:45,1653, 930,1537, 80,1149,1320,   560, 301, 175,   1,4667
11:06:50,1674, 938,1570, 80,1164,1354,   560, 301, 175,   1,4675
11:06:55,1630, 946,1541, 80,1152,1327,   565, 301, 175,   1,4684
11:07:00,1539, 859,1322, 80,1067,1138,   565, 301, 175,   1,4694
11:07:05,1416, 783,1108, 80, 976, 952,   565, 301, 175,   1,4704
11:07:10,1284, 700, 898, 80, 882, 777,   565, 301, 175,   1,4714
11:07:33,1,0,0,0,0,0,0
11:07:38,1319, 506, 667, 80, 756, 571,   570, 301, 175,   1,4731
11:07:59,1,0,0,0,0,0,0
11:08:04,1683, 637,1072, 80, 961, 923,   570, 301, 175,   1,4743
11:08:09,1653, 601, 993, 80, 923, 851,   570, 302, 175,   1,4751
11:08:14,1677, 581, 974, 80, 912, 831,   570, 302, 175,   1,4761
11:08:19,1777, 617,1096, 80, 973, 946,   575, 302, 175,   1,4770
11:08:24,1612, 585, 943, 80, 900, 810,   575, 302, 175,   1,4780
11:08:46,1,0,0,0,0,0,0
11:08:51,1087, 419, 455, 80, 633, 400,   575, 302, 175,   1,4795
11:09:11,1,0,0,0,0,0,0
11:09:16,1114, 455, 506, 80, 659, 434,   575, 303, 175,   1,4806
11:09:37,1,0,0,0,0,0,0
11:09:42,1656, 625,1035, 80, 944, 891,   580, 303, 175,   1,4818
11:09:47,1739, 629,1093, 80, 970, 940,   580, 303, 175,   1,4828
11:09:52,1607, 558, 896, 80, 876, 767,   580, 303, 175,   1,4838
11:10:12,1,0,0,0,0,0,0
11:10:17,1636, 645,1055, 80, 950, 902,   580, 303, 175,   1,4850
11:10:22,1404, 546, 766, 80, 812, 659,   580, 303, 175,   1,4860
11:10:44,1,0,0,0,0,0,0
11:10:49, 879, 356, 312, 80, 513, 263,   585, 304, 175,   1,4874
11:11:10,1,0,0,0,0,0,0
11:11:15, 882, 304, 268, 80, 463, 214,   585, 304, 176,   1,4882
11:11:35,1,0,0,0,0,0,0
11:11:40, 882, 292, 257, 80, 463, 214,   585, 305, 176,   1,4891
11:12:01,1,0,0,0,0,0,0
11:12:06,1193, 435, 518, 80, 665, 442,   585, 305, 176,   1,4901
11:12:26,1,0,0,0,0,0,0
11:12:31,1293, 498, 643, 80, 747, 558,   585, 305, 176,   1,4913
11:12:52,1,0,0,0,0,0,0
11:12:57,1475, 574, 846, 80, 853, 727,   585, 305, 176,   1,4925
11:13:18,1,0,0,0,0,0,0
11:13:22,1307, 498, 650, 80, 747, 558,   585, 305, 176,   1,4937
11:13:43,1,0,0,0,0,0,0
11:13:48, 879, 277, 243, 80, 436, 190,   590, 305, 178,   1,4944
11:14:09,1,0,0,0,0,0,0
11:14:14, 882, 166, 146, 80, 325, 105,   590, 305, 183,   1,4951
11:14:34,1,0,0,0,0,0,0
11:14:39, 882, 130, 114, 80, 275,  75,   590, 306, 185,   1,4960
11:15:00,1,0,0,0,0,0,0
11:15:05, 876, 118, 103, 80, 258,  66,   590, 307, 185,   1,4968
11:15:25,1,0,0,0,0,0,0
11:15:30, 879, 118, 103, 80, 258,  66,   590, 308, 185,   1,4977
11:15:51,1,0,0,0,0,0,0
11:15:56, 879, 114, 100, 80, 240,  57,   590, 310, 185,   1,4986
11:16:16,1,0,0,0,0,0,0
11:16:21, 879, 118, 103, 80, 246,  60,   590, 310, 185,   1,4996
11:16:42,1,0,0,0,0,0,0
11:16:47, 882, 126, 111, 80, 260,  67,   590, 311, 185,   1,5004
11:17:07,1,0,0,0,0,0,0
11:17:12, 879, 134, 117, 80, 272,  73,   590, 312, 185,   1,5014
11:17:33,1,0,0,0,0,0,0
11:17:38, 882, 170, 149, 80, 331, 109,   590, 312, 185,   1,5025
11:17:58,1,0,0,0,0,0,0
11:18:03, 882, 225, 198, 80, 392, 153,   590, 316, 185,   1,5032
11:18:24,1,0,0,0,0,0,0
11:18:29,1322, 486, 642, 80, 744, 553,   590, 316, 185,   1,5042
11:18:49,1,0,0,0,0,0,0
11:18:54, 882, 237, 209, 80, 404, 163,   590, 316, 187,   1,5052
11:19:15,1,0,0,0,0,0,0
11:19:20, 879, 213, 187, 80, 378, 142,   590, 317, 187,   1,5060
11:19:40,1,0,0,0,0,0,0
11:19:45, 882, 221, 194, 80, 390, 152,   590, 317, 192,   1,5066
11:20:06,1,0,0,0,0,0,0
11:20:11, 882, 205, 180, 80, 372, 138,   590, 318, 193,   1,5074
11:20:31,1,0,0,0,0,0,0
11:20:36, 882, 209, 184, 80, 372, 138,   590, 318, 193,   1,5080
11:20:57,1,0,0,0,0,0,0
11:21:02, 879, 229, 201, 80, 395, 156,   590, 318, 193,   1,5083
11:21:22,1,0,0,0,0,0,0
11:21:27, 920, 324, 298, 80, 504, 254,   590, 318, 193,   1,5092
11:21:48,1,0,0,0,0,0,0
11:21:53,1565, 593, 928, 80, 888, 788,   595, 318, 193,   1,5104
11:21:58,1692, 617,1043, 80, 947, 896,   595, 318, 193,   1,5114
11:22:03,1630, 593, 966, 80, 909, 826,   595, 318, 194,   1,5123
11:22:24,1,0,0,0,0,0,0
11:22:29,1794, 653,1171, 80,1002,1004,   595, 318, 194,   1,5135
11:22:34,1806, 657,1186, 80,1014,1028,   600, 318, 194,   1,5145
11:22:39,1882, 684,1287, 80,1058,1119,   600, 318, 194,   1,5155
11:22:44,1935, 704,1362, 80,1087,1181,   600, 318, 194,   1,5165
11:22:49,1950, 708,1380, 80,1096,1201,   605, 318, 194,   1,5173
11:22:54,1920, 696,1336, 80,1082,1170,   605, 318, 194,   1,5183
11:22:59,1879, 748,1405, 80,1105,1221,   605, 318, 194,   1,5193
11:23:04,1853, 740,1371, 80,1087,1181,   610, 319, 194,   1,5202
11:23:09,1891, 752,1422, 80,1108,1227,   610, 319, 195,   1,5211
11:23:14,1944, 771,1498, 80,1143,1306,   610, 319, 195,   1,5221
11:23:19,1953, 775,1513, 80,1149,1320,   615, 319, 195,   1,5231
11:23:24,1882, 716,1347, 80,1079,1164,   615, 319, 195,   1,5241
11:23:29,1882, 684,1287, 80,1061,1125,   615, 321, 195,   1,5249
11:23:34,1912, 665,1271, 80,1055,1113,   620, 321, 195,   1,5257
11:23:39,1917, 696,1334, 80,1079,1164,   620, 321, 195,   1,5266
11:23:44,1944, 676,1314, 80,1070,1144,   620, 321, 195,   1,5274
11:23:49,1947, 708,1378, 80,1096,1201,   625, 322, 195,   1,5283
11:23:54,1932, 700,1352, 80,1085,1177,   625, 322, 195,   1,5293
11:23:59,1950, 680,1326, 80,1076,1157,   625, 324, 195,   1,5300
11:24:04,1950, 704,1372, 80,1099,1207,   630, 326, 196,   1,5307
11:24:09,1967, 684,1345, 80,1087,1181,   630, 327, 196,   1,5315
11:24:14,1956, 708,1384, 80,1102,1214,   630, 327, 196,   1,5325
11:24:19,1953, 708,1382, 80,1102,1214,   635, 327, 196,   1,5335
11:24:24,1950, 708,1380, 80,1102,1214,   635, 333, 196,   1,5339
11:24:29,1941, 736,1428, 80,1117,1247,   635, 335, 196,   1,5346
11:24:34,1929, 736,1419, 80,1114,1240,   640, 335, 196,   1,5356
11:24:39,1935, 736,1424, 80,1114,1240,   640, 335, 196,   1,5366
11:24:44,1932, 768,1483, 80,1137,1292,   640, 335, 196,   1,5376
11:24:49,1929, 768,1481, 80,1134,1285,   645, 335, 196,   1,5386
11:24:54,1914, 764,1462, 80,1126,1267,   645, 336, 196,   1,5395
11:24:59,1926, 764,1471, 80,1131,1279,   645, 337, 196,   1,5404
11:25:04,1947, 740,1440, 80,1120,1254,   650, 338, 196,   1,5413
11:25:09,1938, 732,1418, 80,1114,1240,   650, 338, 196,   1,5423
11:25:14,1885, 688,1296, 80,1061,1125,   650, 338, 196,   1,5433
11:25:19,1879, 684,1285, 58,1058,1119,   655, 338, 196,   1,5443
11:25:24,1782, 684,1218, 59,1020,1040,   655, 338, 198,   1,5450
11:25:29,1906, 724,1379, 59,1096,1201,   655, 338, 198,   1,5458
11:25:34,1917, 760,1456, 60,1129,1274,   660, 338, 198,   1,5468
11:25:39,1932, 764,1476, 60,1137,1292,   660, 338, 198,   1,5478
11:25:44,1906, 787,1500, 62,1143,1306,   660, 338, 199,   1,5487
11:25:49,1909, 756,1443, 60,1120,1254,   665, 338, 199,   1,5494
11:25:54,1733, 661,1145, 60, 991, 982,   665, 338, 199,   1,5504
11:25:59,1788, 653,1167, 58,1000,1000,   665, 338, 199,   1,5514
11:26:04,1686, 641,1080, 59, 964, 929,   670, 339, 199,   1,5523
11:26:09,1302, 459, 597, 57, 718, 515,   670, 339, 199,   1,5533
11:26:32,1,0,0,0,0,0,0
11:26:37,1865, 708,1320, 59,1073,1151,   670, 339, 199,   1,5550
11:26:42,1554, 585, 909, 59, 882, 777,   670, 339, 199,   1,5560
11:26:47,1715, 625,1071, 57, 958, 917,   675, 339, 199,   1,5570
11:26:52,1803, 653,1177, 57,1011,1022,   675, 339, 199,   1,5580
11:27:16,1,0,0,0,0,0,0
11:27:21,1938, 700,1356, 58,1090,1188,   675, 339, 200,   1,5597
11:27:26,1938, 673,1304, 57,1070,1144,   680, 340, 200,   1,5606
11:27:31,1932, 696,1344, 57,1085,1177,   680, 340, 200,   1,5616
11:27:36,1920, 728,1397, 59,1102,1214,   680, 340, 200,   1,5626
11:27:41,1912, 760,1453, 61,1123,1261,   685, 342, 200,   1,5634
11:27:46,1909, 787,1502, 62,1143,1306,   685, 342, 200,   1,5643
11:27:51,1879, 811,1523, 63,1149,1320,   685, 342, 200,   1,5653
11:27:56,1885, 783,1475, 62,1131,1279,   690, 342, 200,   1,5663
11:28:01,1888, 819,1546, 63,1155,1334,   690, 342, 200,   1,5670
11:28:06,1580, 708,1118, 64, 979, 958,   695, 342, 200,   1,5680
11:28:11, 879, 308, 270, 63, 469, 219,   695, 342, 200,   1,5690
11:28:31,1,0,0,0,0,0,0
11:28:36,1105, 415, 458, 60, 627, 393,   695, 342, 200,   1,5700
11:28:57,1,0,0,0,0,0,0
11:29:02,1917, 692,1326, 59,1076,1157,   695, 342, 200,   1,5712
11:29:07,1894, 688,1303, 58,1064,1132,   695, 342, 201,   1,5721
11:29:12,1835, 669,1227, 57,1032,1065,   700, 342, 201,   1,5731
11:29:17,1486, 534, 793, 57, 821, 674,   700, 342, 201,   1,5741
11:29:22,1785, 621,1108, 56, 979, 958,   700, 342, 201,   1,5750
11:29:27,1780, 617,1098, 56, 973, 946,   700, 342, 201,   1,5760
11:29:32,1868, 617,1152, 55,1000,1000,   705, 342, 201,   1,5769
11:29:37,1718, 597,1025, 57, 941, 885,   705, 342, 201,   1,5779
11:30:00,1,0,0,0,0,0,0
11:30:05, 882, 197, 173, 62, 360, 129,   705, 342, 201,   1,5797
11:30:26,1,0,0,0,0,0,0
11:30:31, 879, 217, 190, 62, 384, 147,   705, 343, 201,   1,5805
11:30:51,1,0,0,0,0,0,0
11:30:56, 879, 249, 218, 62, 416, 173,   705, 343, 201,   1,5814
11:31:17,1,0,0,0,0,0,0
11:31:22,1472, 554, 815, 58, 835, 697,   705, 343, 201,   1,5824
11:31:27,1821, 661,1203, 57,1020,1040,   710, 343, 201,   1,5834
11:31:32,1826, 696,1270, 59,1046,1094,   710, 343, 201,   1,5844
11:31:37,1868, 712,1330, 58,1073,1151,   710, 343, 202,   1,5853
11:31:42,1935, 732,1416, 58,1114,1240,   715, 343, 202,   1,5861
11:31:47,1932, 764,1476, 60,1137,1292,   715, 343, 202,   1,5871
11:31:52,1935, 768,1486, 60,1137,1292,   715, 343, 202,   1,5881
11:31:57,1935, 768,1486, 61,1137,1292,   720, 343, 202,   1,5890
11:32:02,1923, 799,1536, 61,1155,1334,   720, 345, 202,   1,5896
11:32:07,1909, 819,1563, 63,1167,1361,   720, 346, 202,   1,5904
11:32:12,1903, 827,1573, 63,1167,1361,   725, 346, 202,   1,5914
11:32:17,1891, 855,1616, 64,1181,1394,   725, 346, 202,   1,5924
11:32:22,1888, 851,1606, 65,1178,1387,   730, 346, 202,   1,5934
11:32:27,1894, 855,1619, 63,1184,1401,   730, 346, 202,   1,5944
11:32:32,1891, 851,1609, 63,1181,1394,   730, 346, 202,   1,5954
11:32:37,1891, 855,1616, 64,1178,1387,   735, 346, 202,   1,5964
11:32:42,1876, 878,1647, 65,1196,1430,   735, 346, 202,   1,5974
11:32:47,1853, 867,1606, 65,1178,1387,   740, 346, 202,   1,5984
11:32:52,1879, 847,1591, 65,1173,1375,   740, 346, 202,   1,5993
11:32:57,1862, 870,1619, 65,1184,1401,   740, 347, 202,   1,6002
11:33:02,1862, 870,1619, 65,1184,1401,   745, 347, 202,   1,6012
11:33:07,1853, 867,1606, 65,1178,1387,   745, 349, 202,   1,6019
11:33:12,1815, 851,1544, 66,1152,1327,   745, 350, 202,   1,6028
11:33:17,1777, 835,1483, 66,1131,1279,   750, 350, 202,   1,6038
11:33:22,1744, 851,1484, 67,1129,1274,   750, 350, 202,   1,6047
11:33:27,1662, 839,1394, 68,1096,1201,   755, 350, 202,   1,6057
11:33:32,1697, 890,1510, 69,1140,1299,   755, 350, 202,   1,6067
11:33:37,1762, 926,1631, 68,1184,1401,   755, 350, 202,   1,6076
11:33:42,1744, 954,1663, 70,1196,1430,   760, 350, 202,   1,6085
11:33:47,1718, 934,1604, 70,1175,1380,   760, 350, 202,   1,6095
11:33:52,1642, 926,1520, 72,1143,1306,   760, 350, 202,   1,6105
11:33:57,1530, 922,1410, 74,1102,1214,   765, 350, 202,   1,6114
11:34:02,1419, 847,1201, 74,1014,1028,   765, 350, 202,   1,6124
11:34:07,1278, 756, 966, 74, 912, 831,   765, 350, 202,   1,6134
11:34:27,1,0,0,0,0,0,0
11:34:32,1592, 629,1001, 60, 926, 857,   770, 350, 203,   1,6145
11:34:37,1595, 633,1009, 60, 929, 863,   770, 350, 203,   1,6155
11:34:42,1692, 645,1091, 59, 964, 929,   770, 350, 203,   1,6165
11:34:47,1662, 633,1052, 59, 950, 902,   770, 350, 203,   1,6174
11:34:52,1589, 601, 954, 59, 903, 815,   775, 350, 203,   1,6184
11:34:57,1483, 558, 827, 59, 841, 707,   775, 350, 203,   1,6194
11:35:18,1,0,0,0,0,0,0
11:35:23,1208, 459, 554, 60, 692, 478,   775, 350, 203,   1,6207
11:35:44,1,0,0,0,0,0,0
11:35:49, 929, 340, 315, 60, 521, 271,   775, 350, 203,   1,6219
11:36:09,1,0,0,0,0,0,0
11:36:14,1000, 352, 352, 59, 551, 303,   775, 350, 203,   1,6230
11:36:35,1,0,0,0,0,0,0
11:36:40,1489, 558, 830, 59, 841, 707,   775, 350, 203,   1,6242
11:37:00,1,0,0,0,0,0,0
11:37:05,1850, 673,1245, 58,1038,1077,   780, 350, 204,   1,6253
11:37:10,1829, 692,1265, 59,1049,1100,   780, 351, 205,   1,6261
11:37:15,1765, 645,1138, 57, 991, 982,   780, 351, 205,   1,6271
11:37:20,1803, 657,1184, 57,1011,1022,   780, 351, 205,   1,6280
11:37:25,1891, 688,1301, 58,1061,1125,   785, 351, 205,   1,6290
11:37:30,1885, 684,1289, 58,1055,1113,   785, 351, 205,   1,6298
11:37:35,1844, 673,1241, 58,1035,1071,   785, 351, 206,   1,6307
11:37:40,1741, 605,1053, 57, 953, 908,   790, 351, 206,   1,6317
11:37:45,1539, 510, 784, 56, 815, 664,   790, 351, 206,   1,6327
11:38:07,1,0,0,0,0,0,0
11:38:12,1744, 578,1008, 56, 935, 874,   790, 351, 206,   1,6342
11:38:17,1375, 447, 614, 55, 727, 528,   790, 351, 207,   1,6351
11:38:38,1,0,0,0,0,0,0
11:38:44,1120, 403, 451, 59, 624, 389,   795, 351, 207,   1,6364
11:39:05,1,0,0,0,0,0,0
11:39:10,1011, 352, 355, 58, 560, 313,   795, 351, 207,   1,6376
11:39:31,1,0,0,0,0,0,0
11:39:36, 879, 245, 215, 63, 407, 165,   795, 355, 207,   1,6383
11:39:56,1,0,0,0,0,0,0
11:40:01, 882, 221, 194, 63, 381, 145,   795, 356, 209,   1,6390
11:40:22,1,0,0,0,0,0,0
11:40:27, 879, 213, 187, 61, 372, 138,   795, 357, 209,   1,6401
11:40:47,1,0,0,0,0,0,0
11:40:52, 879, 245, 215, 63, 395, 156,   795, 358, 209,   1,6410
11:41:13,1,0,0,0,0,0,0
11:41:18,1348, 494, 665, 58, 756, 571,   795, 358, 209,   1,6420
11:41:38,1,0,0,0,0,0,0
11:41:43,1906, 633,1206, 56,1026,1052,   795, 359, 209,   1,6431
11:41:48,1791, 593,1062, 55, 958, 917,   800, 359, 209,   1,6441
11:41:53,1973, 621,1225, 54,1035,1071,   800, 359, 209,   1,6450
11:41:58,2023, 601,1215, 53,1038,1077,   800, 360, 209,   1,6459
11:42:03,1961, 621,1217, 54,1032,1065,   800, 360, 209,   1,6469
11:42:08,1844, 530, 977, 52, 920, 846,   805, 360, 209,   1,6479
11:42:13,1431, 387, 553, 50, 686, 470,   805, 360, 209,   1,6489
11:42:34,1,0,0,0,0,0,0
11:42:39, 882, 269, 237, 64, 419, 175,   805, 360, 209,   1,6501
11:42:59,1,0,0,0,0,0,0
11:43:04, 879, 197, 173, 63, 351, 123,   805, 362, 209,   1,6508
11:43:25,1,0,0,0,0,0,0
11:43:30, 879, 193, 169, 63, 351, 123,   805, 362, 210,   1,6515
11:43:50,1,0,0,0,0,0,0
11:43:55, 882, 213, 187, 64, 375, 140,   805, 362, 210,   1,6523
11:44:16,1,0,0,0,0,0,0
11:44:21, 850, 300, 255, 60, 478, 228,   805, 362, 210,   1,6534
11:44:41,1,0,0,0,0,0,0
11:44:46, 923, 320, 295, 59, 510, 260,   805, 363, 210,   1,6544
11:45:07,1,0,0,0,0,0,0
11:45:12, 941, 328, 308, 60, 516, 266,   805, 363, 210,   2,6554
11:45:32,1,0,0,0,0,0,0
11:45:37, 882, 277, 244, 61, 431, 185,   805, 363, 210,   2,6566
11:45:58,1,0,0,0,0,0,0
11:46:03, 914, 316, 288, 60, 501, 251,   810, 364, 210,   2,6577
11:46:23,1,0,0,0,0,0,0
11:46:28, 876, 277, 242, 61, 442, 195,   810, 365, 211,   2,6587
11:46:49,1,0,0,0,0,0,0
11:46:54,1665, 633,1053, 59, 953, 908,   810, 365, 211,   2,6598
11:46:59,1539, 554, 852, 58, 856, 732,   810, 365, 211,   2,6608
11:47:19,1,0,0,0,0,0,0
11:47:24, 879, 249, 218, 60, 413, 170,   810, 367, 212,   2,6615
11:47:45,1,0,0,0,0,0,0
11:47:50,1222, 451, 551, 58, 683, 466,   810, 367, 212,   2,6626
11:48:10,1,0,0,0,0,0,0
11:48:15,1689, 581, 981, 56, 920, 846,   810, 367, 212,   2,6638
11:48:20,1516, 522, 791, 56, 821, 674,   815, 367, 212,   2,6648
11:48:41,1,0,0,0,0,0,0
11:48:46, 882, 229, 201, 61, 395, 156,   815, 368, 215,   2,6656
11:49:06,1,0,0,0,0,0,0
11:49:11, 882, 205, 180, 60, 375, 140,   815, 368, 220,   2,6663
11:49:32,1,0,0,0,0,0,0
11:49:37, 885, 178, 157, 64, 346, 119,   815, 369, 220,   2,6672
11:49:57,1,0,0,0,0,0,0
11:50:02, 882, 186, 164, 63, 351, 123,   815, 370, 220,   2,6681
11:50:23,1,0,0,0,0,0,0
11:50:28,1123, 344, 386, 55, 583, 339,   815, 370, 220,   2,6691
11:50:49,1,0,0,0,0,0,0
11:50:54,1829, 696,1272, 59,1049,1100,   815, 370, 220,   2,6705
11:50:59,1982, 752,1490, 59,1140,1299,   820, 370, 220,   2,6715
11:51:04,1967, 779,1532, 61,1158,1340,   820, 370, 220,   2,6725
11:51:09,1953, 811,1583, 61,1173,1375,   820, 370, 221,   2,6733
11:51:14,1944, 803,1561, 62,1167,1361,   825, 370, 221,   2,6743
11:51:19,1914, 863,1651, 64,1199,1437,   825, 370, 221,   2,6753
11:51:24,1879, 882,1657, 65,1196,1430,   825, 370, 221,   2,6763
11:51:29,1718, 744,1278, 63,1046,1094,   830, 370, 221,   2,6773
11:51:54,1,0,0,0,0,0,0
11:51:59, 882, 190, 167, 63, 354, 125,   830, 370, 221,   2,6793
11:52:19,1,0,0,0,0,0,0
11:52:24, 882, 217, 191, 62, 384, 147,   830, 370, 221,   2,6802
11:52:45,1,0,0,0,0,0,0
11:52:50, 853, 312, 266, 60, 472, 222,   830, 370, 221,   2,6814
11:53:10,1,0,0,0,0,0,0
11:53:15,1970, 680,1339, 56,1082,1170,   830, 370, 224,   2,6823
11:53:20,1967, 708,1392, 58,1105,1221,   835, 370, 225,   2,6832
11:53:25,1923, 732,1407, 60,1105,1221,   835, 370, 225,   2,6842
11:53:30,1923, 760,1461, 60,1129,1274,   835, 371, 225,   2,6851
11:53:35,1780, 708,1260, 60,1041,1083,   840, 371, 225,   2,6861
11:53:40,1715, 680,1166, 60,1000,1000,   840, 372, 225,   2,6870
11:53:45,1859, 680,1264, 58,1046,1094,   840, 372, 225,   2,6880
11:53:50,1935, 696,1346, 57,1087,1181,   845, 372, 225,   2,6890
11:53:55,1906, 720,1372, 59,1093,1194,   845, 372, 225,   2,6900
11:54:00,1832, 673,1232, 57,1032,1065,   845, 372, 225,   2,6910
11:54:05,1926, 700,1348, 57,1085,1177,   850, 372, 226,   2,6918
11:54:10,1947, 704,1370, 58,1093,1194,   850, 372, 226,   2,6928
11:54:15,1870, 712,1331, 59,1076,1157,   850, 372, 226,   2,6938
11:54:20,1891, 752,1422, 60,1111,1234,   855, 372, 226,   2,6948
11:54:25,1941, 768,1490, 60,1140,1299,   855, 372, 226,   2,6958
11:54:30,1926, 835,1608, 62,1178,1387,   855, 372, 226,   2,6968
11:54:35,1926, 831,1600, 63,1181,1394,   860, 372, 226,   2,6978
11:54:40,1920, 831,1595, 63,1175,1380,   860, 373, 226,   2,6987
11:54:46,1891, 886,1675, 65,1208,1459,   865, 373, 226,   2,6997
11:54:51,1841, 863,1588, 65,1170,1368,   865, 374, 227,   2,7005
11:54:56,1727, 807,1393, 65,1096,1201,   865, 374, 227,   2,7015
11:55:01,1469, 653, 959, 65, 906, 820,   870, 374, 228,   2,7024
11:55:06,1715, 771,1322, 64,1067,1138,   870, 374, 228,   2,7034
11:55:11,1425, 601, 856, 63, 859, 737,   870, 374, 228,   2,7044
11:55:34,1,0,0,0,0,0,0
11:55:39,1331, 510, 678, 60, 768, 589,   870, 374, 228,   2,7060
11:55:59,1,0,0,0,0,0,0
11:56:04,1390, 538, 747, 60, 800, 640,   875, 374, 228,   2,7072
11:56:25,1,0,0,0,0,0,0
11:56:30,1958, 708,1386, 57,1099,1207,   875, 374, 228,   2,7084
11:56:35,1917, 696,1334, 59,1076,1157,   875, 374, 228,   2,7094
11:56:40,1870, 744,1391, 60,1099,1207,   880, 374, 228,   2,7104
11:56:45,1806, 744,1343, 61,1076,1157,   880, 374, 229,   2,7113
11:56:50,1829, 791,1446, 62,1117,1247,   880, 374, 229,   2,7123
11:56:55,1912, 823,1573, 63,1167,1361,   885, 374, 229,   2,7132
11:57:00,1906, 859,1637, 65,1190,1416,   885, 374, 229,   2,7142
11:57:05,1912, 859,1642, 65,1193,1423,   885, 374, 229,   2,7152
11:57:10,1906, 859,1637, 65,1193,1423,   890, 374, 229,   2,7162
11:57:15,1888, 882,1665, 65,1199,1437,   890, 377, 229,   2,7167
11:57:20,1885, 886,1670, 65,1202,1444,   895, 377, 229,   2,7174
11:57:25,1888, 886,1672, 66,1205,1452,   895, 384, 231,   2,7175
11:57:30,1873, 910,1704, 66,1214,1473,   895, 386, 231,   2,7183
11:57:35,1856, 938,1740, 68,1228,1507,   900, 386, 232,   2,7192
11:57:40,1859, 938,1743, 68,1228,1507,   900, 388, 232,   2,7198
11:57:45,1818, 993,1805, 70,1246,1552,   905, 388, 232,   2,7208
11:57:50,1797, 977,1755, 70,1231,1515,   905, 388, 233,   2,7217
11:57:55,1753, 985,1726, 71,1222,1493,   910, 389, 233,   2,7226
11:58:00,1674, 973,1628, 73,1187,1408,   910, 389, 233,   2,7236
11:58:05,1730, 977,1690, 71,1205,1452,   910, 389, 233,   2,7243
11:58:10,1741,1017,1770, 73,1234,1522,   915, 389, 234,   2,7252
11:58:15,1756,1025,1799, 73,1246,1552,   915, 391, 234,   2,7258
11:58:20,1712, 962,1646, 72,1190,1416,   920, 391, 234,   2,7268
11:58:25,1709, 962,1644, 71,1190,1416,   920, 391, 234,   2,7277
11:58:30,1712, 965,1652, 71,1190,1416,   920, 391, 234,   2,7286
11:58:35,1586, 886,1405, 71,1099,1207,   925, 391, 234,   2,7296
11:58:40,1184, 613, 725, 70, 794, 630,   925, 391, 234,   2,7306
11:59:03,1,0,0,0,0,0,0
11:59:08,1343, 498, 668, 59, 753, 567,   925, 391, 235,   2,7323
11:59:29,1,0,0,0,0,0,0
11:59:34,1436, 562, 807, 60, 832, 692,   925, 391, 235,   2,7335
11:59:56,1,0,0,0,0,0,0
12:00:01,1434, 562, 805, 60, 829, 687,   930, 391, 235,   2,7351
12:00:25,1,0,0,0,0,0,0
12:00:30, 879, 217, 190, 63, 387, 149,   930, 393, 236,   2,7365
12:00:50,1,0,0,0,0,0,0
12:00:55, 882, 205, 180, 62, 372, 138,   930, 393, 236,   2,7371
12:01:16,1,0,0,0,0,0,0
12:01:21, 882, 178, 156, 64, 337, 113,   930, 393, 236,   2,7382
12:01:41,1,0,0,0,0,0,0
12:01:46, 879, 166, 145, 64, 340, 115,   930, 393, 236,   2,7394
12:02:07,1,0,0,0,0,0,0
12:02:12, 879, 178, 156, 64, 337, 113,   930, 394, 236,   2,7403
12:02:32,1,0,0,0,0,0,0
12:02:37, 879, 229, 201, 62, 395, 156,   930, 395, 236,   2,7407
12:02:58,1,0,0,0,0,0,0
12:03:03,1055, 376, 396, 58, 583, 339,   930, 395, 236,   2,7417
12:03:23,1,0,0,0,0,0,0
12:03:28,1612, 562, 905, 56, 879, 772,   930, 395, 236,   2,7429
12:03:33,1829, 609,1113, 55, 979, 958,   935, 395, 236,   2,7439
12:03:38,1879, 657,1234, 56,1035,1071,   935, 395, 236,   2,7449
12:03:43,1498, 518, 775, 56, 812, 659,   935, 395, 236,   2,7459

