time,VIn,AIn,PIn,PWM,VOut,POut,EnProd,CNT1,CNT2,CNT3,CNT4
10:51:30,1615, 732,1182, 61, 941, 885,    25,   4,  10,   0, 312
10:51:35,1557, 728,1133, 62, 923, 851,    25,   7,  10,   0, 319
10:51:40,1563, 708,1106, 61, 909, 826,    25,   8,  10,   0, 328
10:51:45,1463, 665, 972, 61, 847, 717,    30,   8,  10,   0, 338
10:52:06,1,0,0,0,0,0,0
10:52:11,1240, 562, 696, 60, 715, 511,    30,   8,  10,   0, 351
10:52:32,1,0,0,0,0,0,0
10:52:37,1466, 661, 969, 60, 847, 717,    30,   8,  11,   0, 362
10:52:57,1,0,0,0,0,0,0
10:53:02,1583, 712,1127, 60, 920, 846,    30,   8,  12,   0, 373
10:53:07,1689, 760,1283, 60, 982, 964,    30,   8,  12,   0, 383
10:53:12,1583, 744,1177, 61, 941, 885,    35,   8,  12,   0, 393
10:53:17,1519, 712,1081, 61, 903, 815,    35,   8,  12,   0, 403
10:53:22,1425, 645, 919, 61, 824, 678,    35,   8,  12,   0, 413
10:53:42,1,0,0,0,0,0,0
10:53:47,1574, 708,1114, 60, 914, 835,    35,   8,  14,   0, 422
10:53:52,1630, 712,1160, 59, 929, 863,    40,   8,  14,   0, 432
10:53:57,1639, 712,1166, 59, 932, 868,    40,   8,  14,   0, 441
10:54:02,1639, 712,1166, 59, 935, 874,    40,   8,  14,   0, 451
10:54:07,1736, 724,1256, 57, 973, 946,    40,   8,  14,   0, 461
10:54:12,1747, 728,1271, 58, 979, 958,    45,   8,  14,   0, 470
10:54:18,1648, 720,1186, 59, 941, 885,    45,   8,  14,   0, 479
10:54:23,1565, 708,1108, 61, 912, 831,    45,   8,  14,   0, 489
10:54:28,1328, 597, 792, 60, 765, 585,    45,   8,  14,   0, 499
10:54:49,1,0,0,0,0,0,0
10:54:54,1727, 748,1291, 58, 985, 970,    50,   8,  14,   0, 511
10:54:59,1639, 740,1212, 60, 953, 908,    50,   8,  14,   0, 521
10:55:04,1568, 712,1116, 61, 912, 831,    50,   8,  14,   0, 531
10:55:09,1510, 688,1038, 61, 879, 772,    50,   8,  14,   0, 541
10:55:30,1,0,0,0,0,0,0
10:55:35,1671, 756,1263, 60, 976, 952,    55,   8,  14,   0, 555
10:55:40,1700, 740,1258, 59, 973, 946,    55,   8,  14,   0, 565
10:55:45,1609, 700,1126, 59, 917, 840,    55,   8,  14,   0, 575
10:55:50,1586, 716,1135, 60, 920, 846,    55,   8,  14,   0, 585
10:55:55,1662, 728,1209, 59, 950, 902,    60,   8,  14,   0, 593
10:56:00,1604, 700,1122, 59, 914, 835,    60,   8,  14,   0, 602
10:56:05,1557, 680,1058, 59, 888, 788,    60,   8,  14,   0, 612
10:56:26,1,0,0,0,0,0,0
10:56:31,1659, 752,1247, 60, 970, 940,    60,   8,  14,   0, 624
10:56:36,1624, 736,1195, 60, 947, 896,    65,   8,  14,   0, 634
10:56:41,1615, 732,1182, 60, 941, 885,    65,   8,  14,   0, 644
10:56:46,1583, 720,1139, 60, 920, 846,    65,   8,  14,   0, 654
10:56:51,1653, 720,1190, 58, 944, 891,    65,   8,  14,   0, 662
10:56:56,1648, 720,1186, 59, 938, 879,    70,   8,  14,   0, 670
10:57:01,1686, 740,1247, 60, 961, 923,    70,   8,  14,   0, 680
10:57:06,1683, 764,1285, 61, 982, 964,    70,   9,  14,   0, 687
10:57:11,1645, 779,1281, 62, 982, 964,    70,  12,  14,   0, 694
10:57:16,1695, 803,1361, 62,1008,1016,    75,  12,  14,   0, 704
10:57:21,1665, 815,1356, 63,1011,1022,    75,  12,  14,   0, 714
10:57:26,1683, 827,1391, 63,1026,1052,    75,  12,  14,   0, 724
10:57:31,1709, 807,1379, 62,1020,1040,    80,  12,  14,   0, 731
10:57:36,1686, 827,1394, 63,1026,1052,    80,  12,  14,   0, 741
10:57:41,1697, 835,1416, 63,1035,1071,    80,  12,  14,   0, 750
10:57:46,1697, 835,1416, 63,1035,1071,    80,  12,  14,   0, 758
10:57:51,1636, 839,1372, 65,1014,1028,    85,  12,  14,   0, 768
10:57:56,1680, 863,1449, 64,1046,1094,    85,  12,  14,   0, 778
10:58:01,1721, 855,1471, 64,1049,1100,    85,  12,  14,   0, 788
10:58:06,1683, 870,1464, 64,1046,1094,    90,  12,  14,   0, 796
10:58:11,1671, 867,1448, 65,1038,1077,    90,  12,  14,   0, 806
10:58:16,1692, 874,1478, 64,1052,1106,    90,  12,  14,   0, 816
10:58:21,1686, 874,1473, 64,1052,1106,    95,  12,  14,   0, 825
10:58:26,1750, 878,1536, 63,1070,1144,    95,  12,  14,   0, 835
10:58:31,1721, 890,1531, 64,1070,1144,    95,  12,  15,   0, 844
10:58:36,1706, 886,1511, 64,1061,1125,    95,  12,  15,   0, 854
10:58:41,1695, 882,1494, 64,1055,1113,   100,  12,  15,   0, 861
10:58:46,1642, 882,1448, 65,1038,1077,   100,  12,  15,   0, 870
10:58:51,1741, 874,1521, 63,1064,1132,   100,  12,  15,   0, 878
10:58:56,1756, 878,1541, 63,1073,1151,   105,  12,  15,   0, 888
10:59:01,1697, 914,1551, 65,1079,1164,   105,  12,  15,   0, 898
10:59:06,1709, 918,1568, 65,1082,1170,   105,  12,  15,   0, 905
10:59:11,1706, 914,1559, 65,1079,1164,   110,  12,  15,   0, 913
10:59:16,1668, 930,1551, 66,1079,1164,   110,  13,  15,   0, 921
10:59:21,1692, 942,1593, 66,1090,1188,   110,  13,  15,   0, 930
10:59:26,1677, 965,1618, 68,1102,1214,   115,  13,  15,   0, 940
10:59:31,1677, 965,1618, 68,1102,1214,   115,  13,  15,   0, 948
10:59:36,1671, 965,1612, 68,1099,1207,   115,  16,  15,   0, 953
10:59:41,1639, 981,1607, 68,1099,1207,   120,  19,  15,   0, 959
10:59:46,1680, 973,1634, 68,1105,1221,   120,  19,  15,   0, 967
10:59:51,1668, 969,1616, 68,1102,1214,   120,  19,  15,   0, 975
10:59:56,1630, 977,1592, 70,1093,1194,   125,  19,  15,   0, 983
11:00:01,1677,1001,1678, 69,1126,1267,   125,  19,  15,   0, 992
11:00:06,1659,1025,1700, 71,1131,1279,   125,  19,  15,   0,1002
11:00:11,1674,1037,1735, 70,1146,1313,   130,  19,  15,   0,1012
11:00:16,1680,1045,1755, 70,1152,1327,   130,  19,  15,   0,1021
11:00:21,1730,1037,1794, 69,1164,1354,   130,  19,  15,   0,1031
11:00:26,1724,1037,1787, 69,1161,1347,   135,  19,  15,   0,1040
11:00:31,1677,1041,1745, 71,1146,1313,   135,  19,  15,   0,1050
11:00:36,1653,1060,1752, 71,1152,1327,   140,  22,  15,   0,1057
11:00:41,1665,1072,1784, 71,1161,1347,   140,  22,  15,   0,1067
11:00:46,1668,1072,1788, 72,1161,1347,   140,  22,  15,   0,1075
11:00:51,1586,1057,1676, 73,1123,1261,   145,  23,  15,   0,1084
11:00:56,1557,1068,1662, 74,1120,1254,   145,  23,  15,   0,1094
11:01:01,1615,1072,1731, 73,1143,1306,   145,  23,  15,   0,1103
11:01:06,1636,1060,1734, 72,1140,1299,   150,  23,  15,   0,1112
11:01:11,1533,1057,1620, 74,1102,1214,   150,  23,  15,   0,1122
11:01:16,1592,1060,1687, 72,1126,1267,   150,  23,  15,   0,1132
11:01:21,1645,1064,1750, 72,1143,1306,   155,  23,  15,   0,1141
11:01:26,1642,1068,1753, 72,1143,1306,   155,  23,  15,   0,1150
11:01:31,1612,1084,1747, 72,1143,1306,   160,  23,  16,   0,1159
11:01:36,1630,1060,1727, 72,1131,1279,   160,  23,  16,   0,1169
11:01:41,1615,1084,1750, 73,1143,1306,   160,  23,  16,   0,1178
11:01:46,1636,1100,1799, 73,1158,1340,   165,  23,  16,   0,1183
11:01:51,1598,1108,1770, 74,1149,1320,   165,  23,  17,   0,1192
11:01:56,1586,1108,1757, 74,1143,1306,   165,  23,  17,   0,1202
11:02:01,1627,1136,1848, 74,1173,1375,   170,  23,  17,   0,1212
11:02:06,1604,1120,1796, 75,1155,1334,   170,  23,  17,   0,1221
11:02:11,1577,1136,1791, 75,1155,1334,   170,  23,  17,   0,1231
11:02:16,1504,1120,1684, 76,1117,1247,   175,  24,  17,   0,1239
11:02:21,1560,1128,1759, 75,1137,1292,   175,  24,  17,   0,1247
11:02:26,1642,1148,1885, 74,1178,1387,   180,  24,  17,   0,1257
11:02:31,1633,1116,1822, 74,1158,1340,   180,  24,  18,   0,1266
11:02:36,1645,1124,1848, 73,1164,1354,   180,  24,  18,   0,1276
11:02:41,1653,1128,1864, 73,1173,1375,   185,  24,  18,   0,1285
11:02:46,1639,1116,1829, 73,1161,1347,   185,  24,  18,   0,1294
11:02:51,1612,1136,1831, 74,1161,1347,   185,  24,  18,   0,1302
11:02:56,1656,1136,1881, 73,1173,1375,   190,  24,  18,   0,1311
11:03:01,1656,1132,1874, 73,1170,1368,   190,  24,  18,   0,1320
11:03:06,1653,1132,1871, 73,1170,1368,   195,  24,  18,   0,1329
11:03:11,1697,1128,1914, 71,1181,1394,   195,  24,  18,   0,1338
11:03:16,1695,1128,1911, 71,1178,1387,   195,  24,  18,   0,1345
11:03:21,1651,1136,1875, 73,1170,1368,   200,  24,  18,   0,1355
11:03:26,1627,1152,1874, 74,1173,1375,   200,  24,  18,   0,1365
11:03:31,1639,1159,1899, 75,1178,1387,   200,  24,  18,   0,1374
11:03:36,1683,1156,1945, 73,1193,1423,   205,  24,  18,   0,1382
11:03:41,1686,1156,1949, 72,1193,1423,   205,  24,  18,   0,1391
11:03:46,1686,1159,1954, 73,1196,1430,   210,  24,  18,   0,1399
11:03:51,1721,1148,1975, 72,1199,1437,   210,  27,  18,   0,1405
11:03:56,1683,1163,1957, 73,1196,1430,   210,  27,  18,   0,1415
11:04:01,1662,1179,1959, 74,1199,1437,   215,  27,  18,   0,1425
11:04:06,1630,1195,1947, 75,1193,1423,   215,  27,  18,   0,1435
11:04:11,1686,1195,2014, 74,1214,1473,   220,  27,  18,   0,1444
11:04:16,1677,1163,1950, 72,1190,1416,   220,  28,  18,   0,1453
11:04:21,1630,1163,1895, 74,1173,1375,   220,  28,  18,   0,1463
11:04:26,1604,1148,1841, 74,1155,1334,   225,  28,  20,   0,1471
11:04:31,1601,1144,1831, 75,1152,1327,   225,  28,  20,   0,1478
11:04:36,1557,1148,1787, 76,1140,1299,   230,  28,  20,   0,1488
11:04:41,1615,1152,1860, 74,1164,1354,   230,  28,  20,   0,1495
11:04:46,1645,1140,1875, 72,1170,1368,   230,  28,  20,   0,1505
11:04:51,1636,1136,1858, 73,1161,1347,   235,  28,  20,   0,1515
11:04:56,1589,1104,1754, 73,1126,1267,   235,  28,  20,   0,1525
11:05:01,1604,1112,1783, 73,1134,1285,   235,  28,  20,   0,1535
11:05:06,1627,1128,1835, 73,1152,1327,   240,  28,  20,   0,1545
11:05:11,1686,1167,1967, 72,1193,1423,   240,  28,  20,   0,1553
11:05:16,1674,1159,1940, 73,1187,1408,   245,  29,  20,   0,1561
11:05:21,1692,1136,1922, 72,1178,1387,   245,  29,  20,   0,1571
11:05:26,1686,1132,1908, 72,1173,1375,   245,  29,  20,   0,1581
11:05:31,1604,1148,1841, 74,1152,1327,   250,  29,  20,   0,1591
11:05:36,1563,1120,1750, 74,1123,1261,   250,  29,  20,   0,1601
11:05:41,1574,1128,1775, 74,1131,1279,   250,  29,  20,   0,1611
11:05:46,1586,1136,1801, 74,1140,1299,   255,  29,  20,   0,1621
11:05:51,1577,1132,1785, 74,1137,1292,   255,  30,  20,   0,1629
11:05:56,1530,1096,1676, 75,1099,1207,   255,  30,  20,   0,1639
11:06:01,1504,1076,1618, 75,1076,1157,   260,  30,  20,   0,1649
11:06:06,1510,1080,1630, 75,1085,1177,   260,  30,  20,   0,1659
11:06:11,1445,1037,1498, 75,1035,1071,   260,  30,  20,   0,1669
11:06:16,1413,1017,1437, 75,1011,1022,   265,  30,  20,   0,1679
11:06:21,1434,1029,1475, 75,1026,1052,   265,  30,  20,   0,1689
11:06:26,1472,1057,1555, 75,1055,1113,   265,  30,  20,   0,1699
11:06:31,1513,1084,1640, 75,1085,1177,   270,  30,  20,   0,1709
11:06:36,1589,1104,1754, 73,1123,1261,   270,  30,  20,   0,1718
11:06:41,1645,1104,1816, 72,1143,1306,   270,  30,  20,   0,1728
11:06:46,1639,1100,1802, 71,1137,1292,   275,  30,  20,   0,1737
11:06:51,1659,1148,1904, 73,1173,1375,   275,  30,  20,   0,1747
11:06:56,1686,1171,1974, 73,1196,1430,   275,  30,  20,   0,1757
11:07:01,1703,1179,2007, 73,1211,1466,   280,  30,  20,   0,1764
11:07:06,1697,1211,2055, 74,1225,1500,   280,  30,  20,   0,1774
11:07:11,1665,1227,2042, 75,1225,1500,   285,  30,  20,   0,1784
11:07:16,1645,1243,2044, 76,1225,1500,   285,  30,  20,   0,1794
11:07:21,1604,1219,1955, 76,1196,1430,   285,  30,  20,   0,1804
11:07:26,1598,1251,1999, 78,1211,1466,   290,  30,  21,   0,1813
11:07:31,1604,1251,2006, 78,1214,1473,   290,  30,  21,   0,1821
11:07:36,1674,1231,2060, 76,1228,1507,   295,  30,  21,   0,1830
11:07:41,1645,1247,2051, 77,1225,1500,   295,  30,  21,   0,1839
11:07:46,1577,1235,1947, 78,1193,1423,   295,  30,  21,   0,1848
11:07:51,1554,1219,1894, 77,1175,1380,   300,  30,  21,   0,1858
11:07:56,1486,1167,1734, 77,1123,1261,   300,  30,  21,   0,1868
11:08:01,1407,1108,1558, 78,1061,1125,   305,  30,  21,   0,1878
11:08:06,1387,1092,1514, 77,1043,1087,   305,  30,  21,   0,1888
11:08:11,1428,1092,1559, 77,1058,1119,   305,  32,  21,   0,1896
11:08:16,1398,1104,1543, 77,1055,1113,   305,  32,  21,   0,1905
11:08:21,1463,1120,1638, 76,1085,1177,   310,  32,  21,   0,1912
11:08:26,1521,1132,1721, 75,1114,1240,   310,  32,  21,   0,1921
11:08:31,1592,1112,1770, 74,1126,1267,   310,  32,  21,   0,1930
11:08:36,1609,1128,1814, 73,1140,1299,   315,  32,  21,   0,1937
11:08:41,1674,1163,1946, 73,1187,1408,   315,  32,  21,   0,1946
11:08:46,1706,1187,2025, 73,1208,1459,   320,  32,  21,   0,1955
11:08:51,1692,1175,1988, 74,1199,1437,   320,  32,  21,   0,1965
11:08:56,1686,1175,1981, 74,1196,1430,   320,  32,  21,   0,1971
11:09:01,1709,1191,2035, 72,1214,1473,   325,  32,  21,   0,1980
11:09:06,1712,1191,2038, 73,1214,1473,   325,  32,  21,   0,1990
11:09:11,1695,1183,2005, 74,1202,1444,   330,  32,  21,   0,2000
11:09:16,1630,1207,1967, 75,1196,1430,   330,  32,  21,   0,2009
11:09:21,1636,1211,1981, 76,1196,1430,   330,  32,  21,   0,2017
11:09:26,1636,1211,1981, 75,1199,1437,   335,  33,  21,   0,2023
11:09:31,1648,1215,2002, 75,1205,1452,   335,  34,  21,   0,2030
11:09:36,1674,1235,2067, 76,1228,1507,   340,  34,  21,   0,2040
11:09:41,1683,1243,2091, 75,1237,1530,   340,  34,  21,   0,2046
11:09:46,1706,1223,2086, 75,1231,1515,   340,  34,  21,   0,2051
11:09:51,1706,1223,2086, 75,1228,1507,   345,  34,  21,   0,2059
11:09:56,1653,1254,2072, 76,1231,1515,   345,  34,  21,   0,2067
11:10:01,1683,1243,2091, 75,1234,1522,   350,  34,  21,   0,2074
11:10:06,1686,1239,2088, 75,1237,1530,   350,  34,  21,   0,2080
11:10:11,1648,1254,2066, 76,1228,1507,   355,  34,  21,   0,2089
11:10:17,1615,1266,2044, 78,1225,1500,   355,  34,  21,   0,2099
11:10:22,1633,1278,2086, 78,1237,1530,   355,  34,  21,   0,2109
11:10:27,1627,1306,2124, 79,1252,1567,   360,  34,  21,   0,2119
11:10:32,1633,1310,2139, 79,1255,1575,   360,  34,  21,   0,2127
11:10:37,1636,1314,2149, 79,1258,1582,   365,  34,  21,   0,2136
11:10:42,1633,1310,2139, 78,1258,1582,   365,  34,  21,   0,2145
11:10:47,1624,1306,2120, 79,1249,1560,   370,  34,  21,   0,2153
11:10:52,1604,1326,2126, 81,1252,1567,   370,  34,  21,   0,2163
11:10:57,1607,1330,2137, 81,1258,1582,   370,  34,  21,   0,2173
11:11:02,1580,1346,2126, 82,1255,1575,   375,  34,  21,   0,2183
11:11:07,1607,1330,2137, 81,1255,1575,   375,  34,  21,   0,2190
11:11:12,1571,1334,2095, 81,1246,1552,   380,  34,  21,   0,2200
11:11:17,1568,1338,2097, 82,1246,1552,   380,  34,  21,   0,2210
11:11:22,1542,1346,2075, 83,1237,1530,   385,  34,  21,   0,2220
11:11:27,1536,1342,2061, 84,1237,1530,   385,  34,  21,   0,2228
11:11:32,1463,1346,1969, 85,1211,1466,   385,  34,  21,   0,2237
11:11:37,1486,1334,1982, 84,1214,1473,   390,  34,  21,   0,2245
11:11:42,1463,1314,1922, 84,1193,1423,   390,  34,  21,   0,2255
11:11:47,1454,1306,1898, 84,1187,1408,   395,  34,  21,   0,2264
11:11:52,1454,1306,1898, 84,1187,1408,   395,  34,  21,   0,2274
11:11:57,1463,1318,1928, 84,1193,1423,   395,  34,  21,   0,2284
11:12:02,1548,1322,2046, 82,1228,1507,   400,  34,  21,   0,2294
11:12:07,1557,1326,2064, 81,1234,1522,   400,  34,  21,   0,2304
11:12:12,1618,1306,2113, 80,1243,1545,   405,  34,  21,   0,2313
11:12:17,1580,1314,2076, 81,1237,1530,   405,  34,  21,   0,2321
11:12:22,1551,1322,2050, 82,1231,1515,   410,  34,  21,   0,2328
11:12:27,1583,1314,2080, 80,1234,1522,   410,  34,  21,   0,2338
11:12:32,1563,1334,2085, 82,1240,1537,   410,  34,  22,   0,2347
11:12:37,1580,1314,2076, 81,1234,1522,   415,  36,  22,   0,2355
11:12:42,1516,1334,2022, 83,1222,1493,   415,  36,  22,   0,2365
11:12:47,1519,1334,2026, 83,1222,1493,   420,  38,  23,   0,2371
11:12:52,1539,1318,2028, 82,1222,1493,   420,  38,  23,   0,2381
11:12:57,1501,1318,1978, 84,1205,1452,   425,  38,  23,   0,2391
11:13:02,1510,1330,2008, 83,1219,1485,   425,  38,  23,   0,2399
11:13:07,1554,1330,2066, 82,1234,1522,   425,  38,  23,   0,2409
11:13:12,1580,1318,2082, 81,1234,1522,   430,  38,  23,   0,2417
11:13:17,1548,1326,2052, 81,1231,1515,   430,  38,  23,   0,2425
11:13:22,1601,1330,2129, 80,1249,1560,   435,  38,  23,   0,2434
11:13:27,1571,1346,2114, 81,1249,1560,   435,  39,  23,   0,2442
11:13:32,1565,1342,2100, 81,1243,1545,   435,  41,  23,   0,2449
11:13:37,1580,1350,2133, 82,1255,1575,   440,  42,  23,   0,2458
11:13:42,1580,1353,2137, 81,1255,1575,   440,  42,  23,   0,2467
11:13:47,1583,1357,2148, 81,1260,1587,   445,  42,  23,   0,2475
11:13:52,1642,1330,2183, 80,1263,1595,   445,  42,  23,   0,2482
11:13:57,1618,1350,2184, 80,1266,1602,   450,  42,  23,   0,2489
11:14:02,1624,1350,2192, 80,1269,1610,   450,  42,  23,   0,2499
11:14:07,1586,1365,2164, 82,1263,1595,   455,  42,  23,   0,2507
11:14:12,1592,1361,2166, 81,1263,1595,   455,  42,  23,   0,2515
11:14:17,1589,1361,2162, 82,1263,1595,   455,  42,  23,   0,2524
11:14:22,1592,1365,2173, 81,1266,1602,   460,  42,  23,   0,2533
11:14:27,1618,1350,2184, 80,1266,1602,   460,  42,  23,   0,2538
11:14:32,1601,1338,2142, 81,1252,1567,   465,  43,  23,   0,2546
11:14:37,1598,1334,2131, 80,1249,1560,   465,  43,  23,   0,2556
11:14:42,1595,1330,2121, 80,1249,1560,   470,  43,  23,   0,2566
11:14:47,1554,1330,2066, 81,1231,1515,   470,  43,  23,   0,2576
11:14:52,1568,1314,2060, 81,1225,1500,   470,  43,  23,   0,2585
11:14:57,1539,1286,1979, 81,1205,1452,   475,  43,  23,   0,2595
11:15:02,1478,1243,1837, 80,1152,1327,   475,  43,  23,   0,2605
11:15:07,1422,1203,1710, 80,1114,1240,   480,  43,  24,   0,2614
11:15:12,1410,1187,1673, 80,1096,1201,   480,  44,  24,   0,2622
11:15:17,1469,1199,1761, 79,1126,1267,   480,  45,  24,   0,2629
11:15:22,1428,1175,1677, 79,1096,1201,   485,  45,  24,   0,2639
11:15:27,1398,1152,1610, 79,1070,1144,   485,  45,  24,   0,2648
11:15:32,1463,1171,1713, 78,1105,1221,   485,  45,  24,   0,2658
11:15:37,1530,1183,1809, 76,1137,1292,   490,  46,  24,   0,2667
11:15:42,1536,1159,1780, 76,1129,1274,   490,  46,  25,   0,2676
11:15:47,1545,1159,1790, 76,1129,1274,   490,  46,  26,   0,2685
11:15:52,1445,1124,1624, 76,1070,1144,   495,  46,  26,   0,2695
11:15:57,1398,1116,1560, 78,1049,1100,   495,  46,  27,   0,2704
11:16:02,1387,1112,1542, 77,1046,1094,   495,  46,  28,   0,2713
11:16:07,1425,1136,1618, 77,1076,1157,   500,  46,  28,   0,2723
11:16:12,1563,1171,1830, 75,1140,1299,   500,  46,  28,   0,2733
11:16:17,1548,1195,1849, 77,1149,1320,   500,  46,  28,   0,2743
11:16:22,1592,1223,1947, 76,1181,1394,   505,  46,  28,   0,2752
11:16:27,1551,1227,1903, 77,1173,1375,   505,  46,  28,   0,2762
11:16:32,1551,1227,1903, 78,1175,1380,   505,  46,  28,   0,2772
11:16:37,1568,1243,1949, 78,1187,1408,   510,  46,  28,   0,2782
11:16:42,1533,1215,1862, 78,1158,1340,   510,  46,  28,   0,2791
11:16:47,1536,1215,1866, 77,1161,1347,   515,  46,  28,   0,2798
11:16:52,1533,1215,1862, 77,1158,1340,   515,  46,  28,   0,2806
11:16:57,1521,1207,1835, 78,1146,1313,   515,  46,  28,   0,2815
11:17:02,1524,1207,1839, 77,1152,1327,   520,  46,  28,   0,2825
11:17:07,1519,1203,1827, 77,1149,1320,   520,  46,  28,   0,2835
11:17:12,1510,1199,1810, 77,1143,1306,   520,  46,  28,   0,2845
11:17:17,1513,1199,1814, 77,1143,1306,   525,  46,  28,   0,2855
11:17:22,1530,1211,1852, 78,1155,1334,   525,  46,  28,   0,2865
11:17:27,1533,1215,1862, 78,1158,1340,   530,  49,  28,   0,2871
11:17:32,1519,1203,1827, 77,1146,1313,   530,  50,  28,   0,2880
11:17:37,1507,1195,1800, 77,1137,1292,   530,  50,  28,   0,2890
11:17:42,1457,1187,1729, 79,1114,1240,   535,  50,  28,   0,2900
11:17:47,1442,1179,1700, 79,1105,1221,   535,  50,  28,   0,2910
11:17:52,1439,1175,1690, 78,1102,1214,   535,  50,  28,   0,2920
11:17:57,1407,1152,1620, 78,1079,1164,   540,  50,  28,   0,2930
11:18:02,1410,1152,1624, 78,1079,1164,   540,  50,  28,   0,2940
11:18:07,1428,1167,1666, 78,1093,1194,   540,  50,  28,   0,2950
11:18:12,1519,1171,1778, 77,1126,1267,   545,  50,  28,   0,2959
11:18:17,1524,1175,1790, 77,1137,1292,   545,  50,  28,   0,2967
11:18:22,1583,1183,1872, 76,1155,1334,   545,  50,  28,   0,2977
11:18:27,1592,1191,1896, 76,1167,1361,   550,  50,  28,   0,2986
11:18:32,1653,1199,1981, 74,1190,1416,   550,  50,  28,   0,2996
11:18:37,1689,1219,2058, 74,1217,1481,   550,  50,  28,   0,3006
11:18:42,1724,1211,2087, 73,1225,1500,   555,  51,  28,   0,3015
11:18:47,1715,1207,2070, 73,1217,1481,   555,  52,  28,   0,3024
11:18:52,1703,1195,2035, 74,1208,1459,   560,  52,  28,   0,3034
11:18:57,1692,1195,2021, 74,1196,1430,   560,  52,  28,   0,3044
11:19:02,1651,1199,1979, 75,1190,1416,   565,  52,  29,   0,3052
11:19:07,1627,1219,1983, 75,1193,1423,   565,  52,  29,   0,3059
11:19:12,1627,1219,1983, 75,1193,1423,   565,  52,  29,   0,3065
11:19:17,1636,1223,2000, 76,1196,1430,   570,  52,  29,   0,3075
11:19:22,1592,1227,1953, 76,1187,1408,   570,  52,  29,   0,3085
11:19:27,1545,1227,1895, 78,1170,1368,   570,  52,  29,   0,3094
11:19:32,1586,1219,1933, 77,1181,1394,   575,  52,  29,   0,3100
11:19:37,1551,1227,1903, 77,1173,1375,   575,  52,  29,   0,3106
11:19:42,1516,1207,1829, 77,1146,1313,   580,  52,  29,   0,3115
11:19:47,1504,1191,1791, 77,1134,1285,   580,  52,  29,   0,3124
11:19:52,1545,1195,1846, 77,1152,1327,   580,  52,  29,   0,3131
11:19:57,1589,1223,1943, 76,1181,1394,   585,  52,  29,   0,3141
11:20:02,1557,1235,1922, 78,1175,1380,   585,  52,  29,   0,3151
11:20:07,1539,1219,1876, 79,1164,1354,   585,  53,  29,   0,3160
11:20:12,1504,1199,1803, 79,1134,1285,   590,  53,  29,   0,3169
11:20:17,1463,1163,1701, 79,1102,1214,   590,  53,  29,   0,3179
11:20:22,1416,1132,1602, 79,1067,1138,   595,  53,  29,   0,3189
11:20:27,1387,1136,1575, 79,1061,1125,   595,  53,  29,   0,3198
11:20:32,1478,1148,1696, 77,1096,1201,   595,  53,  29,   0,3208
11:20:37,1483,1152,1708, 76,1102,1214,   595,  53,  29,   0,3217
11:20:42,1519,1144,1737, 75,1111,1234,   600,  53,  29,   0,3226
11:20:47,1565,1144,1790, 74,1126,1267,   600,  53,  29,   0,3235
11:20:52,1615,1144,1847, 72,1143,1306,   605,  53,  29,   0,3243
11:20:57,1648,1132,1865, 72,1146,1313,   605,  53,  29,   0,3252
11:21:02,1648,1132,1865, 71,1149,1320,   605,  53,  29,   0,3260
11:21:07,1645,1128,1855, 72,1140,1299,   610,  54,  29,   0,3267
11:21:12,1615,1144,1847, 73,1143,1306,   610,  54,  29,   0,3275
11:21:17,1636,1156,1891, 73,1158,1340,   610,  54,  29,   0,3284
11:21:22,1607,1171,1881, 74,1155,1334,   615,  55,  29,   0,3293
11:21:27,1645,1163,1913, 72,1164,1354,   615,  55,  29,   0,3300
11:21:32,1639,1191,1952, 74,1181,1394,   615,  55,  29,   0,3310
11:21:37,1630,1219,1986, 75,1193,1423,   620,  55,  29,   0,3320
11:21:42,1651,1231,2032, 75,1208,1459,   620,  55,  29,   0,3330
11:21:47,1621,1251,2027, 77,1211,1466,   625,  55,  29,   0,3340
11:21:52,1589,1262,2005, 77,1205,1452,   625,  55,  29,   0,3346
11:21:57,1592,1258,2002, 77,1205,1452,   625,  55,  29,   0,3352
11:22:02,1545,1254,1937, 79,1187,1408,   630,  55,  29,   0,3361
11:22:07,1495,1251,1870, 80,1167,1361,   630,  55,  29,   0,3370
11:22:12,1457,1223,1781, 80,1131,1279,   635,  55,  29,   0,3380
11:22:17,1398,1179,1648, 80,1087,1181,   635,  55,  29,   0,3390
11:22:22,1331,1120,1490, 80,1035,1071,   635,  55,  29,   0,3400
11:22:27,1258,1068,1343, 80, 979, 958,   640,  55,  29,   0,3410
11:22:32,1181,1009,1191, 80, 912, 831,   640,  55,  29,   0,3420
11:22:37,1123, 962,1080, 80, 862, 743,   640,  55,  29,   0,3430
11:22:58,1,0,0,0,0,0,0
11:23:03,1803, 922,1662, 60,1058,1119,   640,  55,  29,   0,3443
11:23:08,1856, 946,1755, 60,1090,1188,   645,  55,  29,   0,3451
11:23:13,1847, 973,1797, 61,1108,1227,   645,  55,  29,   0,3461
11:23:18,1856, 977,1813, 62,1111,1234,   645,  55,  29,   0,3470
11:23:23,1847, 977,1804, 62,1105,1221,   650,  55,  29,   0,3480
11:23:28,1826,1029,1878, 64,1140,1299,   650,  56,  29,   0,3489
11:23:33,1841,1037,1909, 63,1152,1327,   650,  56,  29,   0,3499
11:23:38,1829,1064,1946, 65,1164,1354,   655,  56,  29,   0,3509
11:23:43,1838,1064,1955, 65,1170,1368,   655,  57,  29,   0,3518
11:23:48,1835,1064,1952, 65,1167,1361,   660,  57,  29,   0,3528
11:23:53,1838,1064,1955, 65,1167,1361,   660,  57,  29,   0,3538
11:23:58,1838,1072,1970, 65,1170,1368,   660,  57,  29,   0,3548
11:24:03,1841,1068,1966, 65,1173,1375,   665,  57,  29,   0,3558
11:24:08,1841,1068,1966, 65,1170,1368,   665,  57,  29,   0,3568
11:24:13,1835,1072,1967, 65,1170,1368,   665,  57,  29,   0,3578
11:24:18,1835,1072,1967, 65,1173,1375,   670,  57,  29,   0,3588
11:24:23,1835,1068,1959, 65,1170,1368,   670,  57,  29,   0,3598
11:24:28,1838,1072,1970, 65,1170,1368,   675,  57,  29,   0,3608
11:24:33,1835,1068,1959, 65,1170,1368,   675,  57,  29,   0,3618
11:24:38,1835,1068,1959, 65,1167,1361,   675,  57,  29,   0,3628
11:24:43,1838,1068,1962, 66,1170,1368,   680,  57,  29,   0,3638
11:24:48,1824,1096,1999, 66,1184,1401,   680,  57,  29,   0,3648
11:24:53,1821,1096,1995, 67,1181,1394,   680,  57,  29,   0,3658
11:24:58,1818,1100,1999, 67,1181,1394,   685,  57,  29,   0,3668
11:25:03,1797,1120,2012, 68,1187,1408,   685,  58,  29,   0,3676
11:25:08,1797,1120,2012, 68,1190,1416,   690,  59,  29,   0,3685
11:25:13,1803,1124,2026, 68,1190,1416,   690,  64,  29,   0,3690
11:25:18,1791,1152,2063, 69,1208,1459,   690,  64,  30,   0,3699
11:25:23,1782,1148,2045, 69,1202,1444,   695,  64,  30,   0,3709
11:25:28,1774,1175,2084, 70,1217,1481,   695,  64,  30,   0,3719
11:25:33,1774,1179,2091, 70,1219,1485,   700,  66,  30,   0,3727
11:25:38,1768,1179,2084, 70,1214,1473,   700,  66,  30,   0,3737
11:25:43,1771,1175,2080, 70,1214,1473,   700,  66,  30,   0,3747
11:25:48,1753,1199,2101, 72,1225,1500,   705,  66,  30,   0,3757
11:25:53,1718,1247,2142, 74,1240,1537,   705,  66,  30,   0,3767
11:25:58,1697,1270,2155, 75,1246,1552,   710,  68,  30,   0,3775
11:26:03,1671,1290,2155, 76,1246,1552,   710,  68,  30,   0,3783
11:26:09,1662,1282,2130, 77,1240,1537,   715,  68,  30,   0,3792
11:26:14,1630,1290,2102, 78,1234,1522,   715,  69,  30,   0,3801
11:26:19,1612,1314,2118, 79,1243,1545,   715,  69,  30,   0,3811
11:26:24,1618,1318,2132, 80,1246,1552,   720,  69,  30,   0,3821
11:26:29,1598,1338,2138, 81,1249,1560,   720,  70,  30,   0,3828
11:26:34,1551,1369,2123, 83,1252,1567,   725,  70,  30,   0,3838
11:26:39,1539,1361,2094, 82,1240,1537,   725,  70,  30,   0,3848
11:26:44,1545,1365,2108, 82,1249,1560,   730,  70,  30,   0,3858
11:26:49,1533,1353,2074, 83,1237,1530,   730,  70,  30,   0,3868
11:26:54,1521,1346,2047, 83,1225,1500,   730,  70,  30,   0,3878
11:26:59,1524,1346,2051, 83,1231,1515,   735,  71,  30,   0,3887
11:27:04,1521,1342,2041, 83,1222,1493,   735,  71,  30,   0,3894
11:27:09,1524,1350,2057, 83,1228,1507,   740,  71,  30,   0,3902
11:27:14,1539,1357,2088, 83,1240,1537,   740,  71,  30,   0,3910
11:27:19,1513,1369,2071, 84,1237,1530,   745,  71,  30,   0,3919
11:27:24,1501,1361,2042, 84,1228,1507,   745,  71,  32,   0,3927
11:27:29,1486,1346,2000, 84,1214,1473,   745,  71,  32,   0,3937
11:27:34,1560,1342,2093, 82,1240,1537,   750,  71,  32,   0,3947
11:27:39,1565,1346,2106, 81,1243,1545,   750,  71,  32,   0,3954
11:27:44,1571,1346,2114, 81,1246,1552,   755,  71,  32,   0,3961
11:27:49,1601,1334,2135, 81,1252,1567,   755,  71,  32,   0,3970
11:27:54,1580,1350,2133, 82,1255,1575,   760,  71,  32,   0,3977
11:27:59,1607,1342,2156, 80,1258,1582,   760,  71,  32,   0,3985
11:28:04,1607,1346,2163, 81,1258,1582,   760,  71,  32,   0,3995
11:28:09,1580,1361,2150, 82,1258,1582,   765,  71,  32,   0,4003
11:28:14,1557,1373,2137, 83,1258,1582,   765,  72,  32,   0,4012
11:28:19,1530,1385,2119, 84,1252,1567,   770,  72,  33,   0,4021
11:28:24,1524,1381,2104, 84,1246,1552,   770,  72,  33,   0,4030
11:28:29,1519,1377,2091, 85,1240,1537,   775,  72,  33,   0,4038
11:28:34,1483,1377,2042, 85,1234,1522,   775,  72,  33,   0,4045
11:28:39,1475,1369,2019, 85,1225,1500,   775,  72,  34,   0,4054
11:28:44,1504,1361,2046, 85,1231,1515,   780,  72,  34,   0,4064
11:28:49,1495,1361,2034, 85,1225,1500,   780,  72,  34,   0,4074
11:28:54,1483,1350,2002, 85,1214,1473,   785,  72,  34,   0,4084
11:28:59,1445,1346,1944, 86,1199,1437,   785,  72,  34,   0,4094
11:29:04,1475,1338,1973, 85,1208,1459,   785,  72,  34,   0,4104
11:29:09,1439,1342,1931, 85,1193,1423,   790,  72,  34,   0,4114
11:29:14,1463,1326,1939, 85,1196,1430,   790,  72,  35,   0,4123
11:29:19,1457,1326,1931, 85,1193,1423,   795,  72,  35,   0,4133
11:29:24,1463,1326,1939, 85,1193,1423,   795,  72,  35,   0,4143
11:29:29,1469,1334,1959, 85,1199,1437,   795,  72,  35,   0,4153
11:29:34,1472,1334,1963, 85,1202,1444,   800,  72,  35,   0,4163
11:29:39,1466,1330,1949, 85,1202,1444,   800,  72,  35,   0,4173
11:29:44,1480,1342,1986, 85,1214,1473,   805,  72,  35,   0,4183
11:29:49,1489,1353,2014, 85,1219,1485,   805,  72,  35,   0,4192
11:29:54,1530,1350,2065, 83,1234,1522,   805,  72,  35,   0,4198
11:29:59,1501,1353,2030, 84,1225,1500,   810,  72,  35,   0,4206
11:30:04,1495,1353,2022, 85,1222,1493,   810,  72,  35,   0,4213
11:30:09,1489,1346,2004, 85,1217,1481,   815,  72,  35,   0,4220
11:30:14,1460,1353,1975, 85,1211,1466,   815,  72,  35,   0,4229
11:30:19,1492,1350,2014, 84,1222,1493,   820,  72,  35,   0,4239
11:30:24,1483,1350,2002, 84,1217,1481,   820,  74,  35,   0,4245
11:30:29,1489,1350,2010, 84,1217,1481,   820,  74,  35,   0,4254
11:30:34,1454,1350,1962, 85,1205,1452,   825,  75,  35,   0,4263
11:30:39,1448,1346,1949, 86,1202,1444,   825,  75,  35,   0,4271
11:30:44,1445,1342,1939, 85,1196,1430,   830,  75,  35,   0,4281
11:30:49,1442,1338,1929, 85,1196,1430,   830,  75,  35,   0,4291
11:30:54,1431,1330,1903, 85,1184,1401,   830,  75,  35,   0,4301
11:30:59,1431,1330,1903, 85,1184,1401,   835,  75,  35,   0,4311
11:31:04,1445,1342,1939, 85,1196,1430,   835,  75,  35,   0,4321
11:31:09,1442,1342,1935, 85,1193,1423,   840,  75,  35,   0,4331
11:31:14,1439,1334,1919, 85,1190,1416,   840,  75,  35,   0,4341
11:31:19,1434,1330,1907, 85,1187,1408,   840,  75,  35,   0,4351
11:31:24,1454,1314,1910, 84,1187,1408,   845,  75,  35,   0,4361
11:31:29,1445,1310,1892, 84,1178,1387,   845,  75,  35,   0,4371
11:31:34,1436,1302,1869, 84,1173,1375,   845,  75,  35,   0,4381
11:31:39,1442,1310,1889, 84,1178,1387,   850,  75,  35,   0,4391
11:31:44,1448,1314,1902, 84,1184,1401,   850,  75,  35,   0,4401
11:31:49,1442,1310,1889, 84,1175,1380,   855,  75,  35,   0,4411
11:31:54,1434,1302,1867, 84,1170,1368,   855,  75,  35,   0,4421
11:31:59,1428,1302,1859, 84,1173,1375,   855,  75,  35,   0,4431
11:32:04,1434,1302,1867, 84,1170,1368,   860,  75,  35,   0,4441
11:32:09,1434,1302,1867, 84,1170,1368,   860,  75,  37,   0,4449
11:32:14,1439,1310,1885, 84,1175,1380,   865,  75,  37,   0,4459
11:32:19,1434,1302,1867, 84,1170,1368,   865,  75,  37,   0,4469
11:32:24,1436,1306,1875, 84,1173,1375,   865,  75,  37,   0,4479
11:32:29,1448,1318,1908, 85,1184,1401,   870,  75,  38,   0,4488
11:32:34,1416,1318,1866, 85,1173,1375,   870,  78,  38,   0,4495
11:32:39,1413,1314,1856, 85,1167,1361,   870,  79,  38,   0,4504
11:32:44,1416,1318,1866, 85,1170,1368,   875,  80,  38,   0,4513
11:32:49,1448,1310,1896, 85,1178,1387,   875,  80,  38,   0,4523
11:32:54,1436,1310,1881, 85,1175,1380,   880,  80,  38,   0,4533
11:32:59,1436,1306,1875, 85,1175,1380,   880,  80,  38,   0,4543
11:33:04,1439,1306,1879, 85,1175,1380,   880,  80,  38,   0,4553
11:33:09,1442,1310,1889, 85,1181,1394,   885,  80,  38,   0,4563
11:33:14,1445,1310,1892, 85,1178,1387,   885,  80,  38,   0,4573
11:33:19,1439,1306,1879, 85,1175,1380,   890,  80,  38,   0,4583
11:33:24,1434,1306,1872, 85,1170,1368,   890,  80,  38,   0,4593
11:33:29,1434,1302,1867, 85,1170,1368,   890,  80,  38,   0,4603
11:33:34,1434,1306,1872, 85,1175,1380,   895,  80,  38,   0,4613
11:33:39,1422,1294,1840, 85,1161,1347,   895,  80,  38,   0,4623
11:33:44,1404,1274,1788, 85,1143,1306,   895,  80,  38,   0,4633
11:33:49,1398,1274,1781, 85,1143,1306,   900,  80,  38,   0,4643
11:33:54,1357,1270,1723, 85,1126,1267,   900,  83,  38,   0,4650
11:33:59,1439,1274,1833, 83,1155,1334,   900,  83,  38,   0,4659
11:34:04,1478,1270,1877, 82,1167,1361,   905,  83,  38,   0,4666
11:34:09,1457,1262,1838, 82,1155,1334,   905,  83,  38,   0,4674
11:34:14,1422,1258,1788, 83,1143,1306,   910,  85,  38,   0,4682
11:34:19,1436,1243,1784, 82,1137,1292,   910,  85,  38,   0,4692
11:34:24,1398,1243,1737, 82,1126,1267,   910,  85,  38,   0,4701
11:34:29,1384,1231,1703, 82,1108,1227,   915,  86,  39,   0,4708
11:34:34,1313,1167,1532, 82,1052,1106,   915,  86,  39,   0,4718
11:34:39,1340,1163,1558, 82,1058,1119,   915,  86,  40,   0,4727
11:34:44,1299,1156,1501, 82,1041,1083,   920,  86,  40,   0,4737
11:34:49,1293,1152,1489, 82,1038,1077,   920,  86,  40,   0,4747
11:34:54,1299,1159,1505, 82,1041,1083,   920,  86,  40,   0,4757
11:34:59,1325,1175,1556, 84,1061,1125,   920,  86,  40,   0,4767
11:35:04,1331,1183,1574, 83,1067,1138,   925,  86,  40,   0,4776
11:35:09,1375,1191,1637, 82,1087,1181,   925,  86,  40,   0,4785
11:35:14,1307,1159,1514, 83,1043,1087,   925,  86,  41,   0,4794
11:35:19,1343,1199,1610, 83,1076,1157,   930,  86,  41,   0,4803
11:35:24,1392,1207,1680, 82,1099,1207,   930,  86,  41,   0,4812
11:35:29,1354,1199,1623, 84,1085,1177,   930,  87,  41,   0,4821
11:35:34,1375,1223,1681, 82,1105,1221,   935,  87,  41,   0,4831
11:35:39,1428,1235,1763, 82,1129,1274,   935,  87,  41,   0,4841
11:35:44,1439,1239,1782, 81,1140,1299,   935,  88,  41,   0,4849
11:35:49,1392,1235,1719, 83,1117,1247,   940,  88,  41,   0,4859
11:35:54,1363,1239,1688, 85,1111,1234,   940,  88,  41,   0,4869
11:35:59,1381,1251,1727, 84,1123,1261,   940,  88,  41,   0,4877
11:36:04,1366,1239,1692, 85,1108,1227,   945,  88,  41,   0,4887
11:36:09,1348,1195,1610, 84,1076,1157,   945,  88,  42,   0,4896
11:36:14,1316,1175,1546, 84,1058,1119,   945,  88,  42,   0,4906
11:36:19,1217,1088,1324, 84, 967, 935,   950,  88,  42,   0,4916
11:36:24,1137,1021,1160, 84, 906, 820,   950,  88,  42,   0,4926
11:36:29,1237,1104,1365, 83, 985, 970,   950,  88,  42,   0,4936
11:36:34,1313,1140,1496, 82,1035,1071,   955,  88,  42,   0,4946
11:36:39,1266,1100,1392, 81, 997, 994,   955,  88,  44,   0,4954
11:36:44,1237,1076,1331, 81, 973, 946,   955,  88,  45,   0,4963
11:36:49,1219,1060,1292, 81, 958, 917,   955,  88,  45,   0,4973
11:36:54,1252,1064,1332, 81, 970, 940,   960,  89,  45,   0,4982
11:36:59,1307,1080,1411, 79,1002,1004,   960,  89,  45,   0,4991
11:37:04,1378,1076,1482, 77,1017,1034,   960,  89,  45,   0,5001
11:37:09,1319,1060,1398, 78, 991, 982,   960,  89,  45,   0,5010
11:37:14,1307,1053,1376, 77, 982, 964,   965,  89,  45,   0,5020
11:37:19,1293,1045,1351, 77, 973, 946,   965,  89,  45,   0,5030
11:37:24,1278,1029,1315, 78, 958, 917,   965,  89,  45,   0,5040
11:37:29,1249,1009,1260, 77, 935, 874,   965,  89,  45,   0,5050
11:37:34,1211, 981,1187, 77, 906, 820,   970,  89,  46,   0,5059
11:37:39,1260, 993,1251, 77, 926, 857,   970,  89,  46,   0,5068
11:37:44,1351,1025,1384, 75, 979, 958,   970,  89,  46,   0,5077
11:37:49,1407,1041,1464, 74,1005,1010,   970,  89,  46,   0,5087
11:37:54,1454,1037,1507, 73,1023,1046,   975,  89,  46,   0,5095
11:37:59,1466,1045,1531, 73,1032,1065,   975,  89,  46,   0,5105
11:38:04,1548,1041,1611, 71,1052,1106,   975,  89,  46,   0,5112
11:38:09,1592,1037,1650, 69,1067,1138,   980,  89,  46,   0,5120
11:38:14,1595,1037,1654, 69,1067,1138,   980,  90,  46,   0,5127
11:38:19,1618,1025,1658, 69,1064,1132,   980,  91,  46,   0,5132
11:38:24,1589,1037,1647, 69,1064,1132,   985,  92,  46,   0,5141
11:38:29,1589,1037,1647, 69,1064,1132,   985,  92,  46,   0,5149
11:38:34,1554,1049,1630, 70,1061,1125,   985,  93,  46,   0,5156
11:38:39,1548,1045,1617, 70,1058,1119,   990,  93,  46,   0,5164
11:38:44,1513,1053,1593, 71,1049,1100,   990,  93,  46,   0,5172
11:38:49,1513,1053,1593, 71,1049,1100,   990,  93,  46,   0,5178
11:38:54,1542,1037,1599, 70,1049,1100,   990,  93,  46,   0,5182
11:38:59,1557,1049,1633, 70,1061,1125,   995,  93,  46,   0,5190
11:39:04,1598,1041,1663, 69,1070,1144,   995,  93,  46,   0,5200
11:39:09,1630,1029,1677, 69,1076,1157,   995,  93,  46,   0,5209
11:39:14,1586,1037,1644, 69,1061,1125,  1000,  93,  46,   0,5219
11:39:19,1560,1017,1586, 69,1043,1087,  1000,  93,  46,   0,5228
11:39:24,1659,1017,1687, 67,1076,1157,  1000,  93,  46,   0,5237
11:39:29,1674,1021,1709, 66,1085,1177,  1005,  93,  46,   0,5245
11:39:34,1656,1045,1730, 67,1090,1188,  1005,  94,  46,   0,5254
11:39:39,1633,1064,1737, 69,1096,1201,  1005,  94,  46,   0,5264
11:39:44,1612,1080,1740, 70,1102,1214,  1010,  94,  47,   0,5273
11:39:49,1615,1080,1744, 70,1102,1214,  1010,  94,  47,   0,5282
11:39:54,1612,1080,1740, 70,1099,1207,  1010,  94,  47,   0,5287
11:39:59,1601,1076,1722, 70,1093,1194,  1015,  94,  47,   0,5293
11:40:04,1598,1076,1719, 70,1093,1194,  1015,  94,  47,   0,5303
11:40:09,1604,1076,1725, 70,1096,1201,  1015,  94,  47,   0,5312
11:40:14,1595,1072,1709, 70,1090,1188,  1020,  94,  47,   0,5322
11:40:19,1604,1076,1725, 70,1096,1201,  1020,  94,  47,   0,5330
11:40:24,1601,1076,1722, 70,1093,1194,  1020,  94,  47,   0,5338
11:40:29,1601,1076,1722, 71,1093,1194,  1025,  94,  47,   0,5344
11:40:34,1565,1084,1696, 71,1087,1181,  1025,  94,  47,   0,5353
11:40:39,1589,1068,1697, 71,1087,1181,  1025,  94,  47,   0,5360
11:40:44,1557,1080,1681, 71,1082,1170,  1030,  94,  47,   0,5367
11:40:49,1554,1076,1672, 72,1079,1164,  1030,  94,  47,   0,5375
11:40:54,1551,1076,1668, 72,1082,1170,  1030,  94,  47,   0,5385
11:40:59,1557,1076,1675, 72,1079,1164,  1035,  94,  47,   0,5390
11:41:04,1595,1068,1703, 71,1085,1177,  1035,  94,  47,   0,5399
11:41:09,1598,1068,1706, 71,1090,1188,  1035,  94,  47,   0,5407
11:41:14,1604,1076,1725, 70,1096,1201,  1040,  94,  47,   0,5413
11:41:19,1609,1080,1737, 70,1102,1214,  1040,  94,  47,   0,5422
11:41:24,1651,1068,1763, 69,1108,1227,  1040,  94,  47,   0,5431
11:41:29,1645,1068,1756, 69,1105,1221,  1045,  95,  47,   0,5438
11:41:34,1659,1072,1778, 69,1111,1234,  1045,  95,  47,   0,5444
11:41:40,1636,1092,1786, 71,1117,1247,  1045,  95,  47,   0,5454
11:41:45,1601,1108,1773, 72,1114,1240,  1050,  95,  47,   0,5463
11:41:50,1563,1116,1744, 73,1105,1221,  1050,  95,  47,   0,5470
11:41:55,1589,1096,1741, 72,1102,1214,  1050,  95,  47,   0,5477
11:42:00,1548,1108,1715, 73,1096,1201,  1055,  95,  47,   0,5486
11:42:05,1554,1108,1721, 73,1099,1207,  1055,  95,  47,   0,5493
11:42:10,1542,1100,1696, 73,1090,1188,  1055,  95,  47,   0,5501
11:42:15,1539,1096,1686, 73,1087,1181,  1060,  95,  47,   0,5510
11:42:20,1507,1104,1663, 74,1082,1170,  1060,  95,  47,   0,5518
11:42:25,1469,1112,1633, 75,1073,1151,  1060,  95,  47,   0,5526
11:42:30,1495,1100,1644, 74,1073,1151,  1065,  95,  47,   0,5534
11:42:35,1492,1096,1635, 75,1070,1144,  1065,  95,  47,   0,5543
11:42:40,1489,1096,1631, 75,1070,1144,  1065,  95,  47,   0,5549
11:42:45,1439,1096,1577, 75,1055,1113,  1070,  95,  47,   0,5557
11:42:50,1442,1092,1574, 75,1049,1100,  1070, 100,  47,   0,5562
11:42:55,1434,1088,1560, 75,1043,1087,  1070, 100,  47,   0,5572
11:43:00,1425,1084,1544, 75,1038,1077,  1070, 100,  47,   0,5582
11:43:05,1413,1076,1520, 75,1029,1058,  1075, 100,  47,   0,5592
11:43:10,1401,1068,1496, 76,1020,1040,  1075, 100,  47,   0,5601
11:43:15,1360,1068,1452, 77,1008,1016,  1075, 100,  47,   0,5609
11:43:20,1363,1072,1461, 77,1011,1022,  1080, 100,  47,   0,5618
11:43:25,1369,1068,1462, 76,1011,1022,  1080, 100,  47,   0,5627
11:43:30,1407,1072,1508, 75,1023,1046,  1080, 100,  47,   0,5635
11:43:35,1407,1072,1508, 75,1029,1058,  1080, 100,  47,   0,5644
11:43:40,1416,1072,1517, 75,1032,1065,  1085, 100,  47,   0,5651
11:43:45,1451,1072,1555, 74,1041,1083,  1085, 100,  47,   0,5660
11:43:50,1410,1072,1511, 76,1026,1052,  1085, 100,  47,   0,5670
11:43:55,1334,1076,1435, 77,1000,1000,  1090, 100,  47,   0,5680
11:44:00,1366,1072,1464, 77,1008,1016,  1090, 100,  47,   0,5687
11:44:05,1375,1076,1479, 76,1017,1034,  1090, 100,  47,   0,5694
11:44:10,1454,1072,1558, 74,1043,1087,  1090, 100,  47,   0,5703
11:44:15,1454,1072,1558, 74,1043,1087,  1095, 100,  47,   0,5709
11:44:20,1451,1072,1555, 74,1041,1083,  1095, 100,  47,   0,5719
11:44:25,1489,1068,1590, 73,1052,1106,  1095, 100,  47,   0,5727
11:44:30,1542,1068,1646, 72,1070,1144,  1100, 100,  47,   0,5737
11:44:35,1583,1064,1684, 71,1082,1170,  1100, 100,  47,   0,5745
11:44:40,1583,1064,1684, 71,1082,1170,  1100, 100,  47,   0,5752
11:44:45,1589,1072,1703, 70,1087,1181,  1105, 100,  47,   0,5759
11:44:50,1604,1076,1725, 70,1093,1194,  1105, 100,  47,   0,5766
11:44:55,1601,1104,1767, 71,1111,1234,  1105, 101,  47,   0,5775
11:45:00,1618,1116,1805, 71,1126,1267,  1110, 101,  47,   0,5784
11:45:05,1615,1112,1795, 71,1123,1261,  1110, 101,  47,   0,5792
11:45:10,1618,1112,1799, 71,1123,1261,  1110, 101,  47,   0,5797
11:45:15,1615,1116,1802, 71,1123,1261,  1115, 101,  47,   0,5803
11:45:20,1627,1120,1822, 71,1131,1279,  1115, 101,  47,   0,5812
11:45:25,1668,1112,1854, 70,1140,1299,  1115, 101,  47,   0,5821
11:45:30,1680,1120,1881, 71,1149,1320,  1120, 101,  47,   0,5831
11:45:35,1668,1148,1914, 71,1161,1347,  1120, 101,  47,   0,5841
11:45:40,1639,1163,1906, 73,1164,1354,  1125, 101,  47,   0,5851
11:45:45,1604,1171,1878, 74,1155,1334,  1125, 102,  47,   0,5859
11:45:50,1571,1183,1858, 75,1149,1320,  1125, 104,  47,   0,5867
11:45:55,1618,1183,1914, 74,1167,1361,  1130, 104,  47,   0,5877
11:46:00,1601,1207,1932, 75,1175,1380,  1130, 105,  47,   0,5886
11:46:05,1607,1207,1939, 75,1175,1380,  1130, 106,  47,   0,5895
11:46:10,1598,1203,1922, 76,1173,1375,  1135, 109,  47,   0,5900
11:46:15,1574,1219,1918, 76,1170,1368,  1135, 112,  47,   0,5906
11:46:20,1574,1219,1918, 77,1173,1375,  1140, 112,  47,   0,5913
11:46:25,1565,1215,1901, 77,1167,1361,  1140, 112,  47,   0,5921
11:46:30,1516,1211,1835, 78,1146,1313,  1140, 112,  47,   0,5930
11:46:35,1524,1215,1851, 78,1152,1327,  1145, 112,  47,   0,5938
11:46:40,1560,1207,1882, 77,1161,1347,  1145, 112,  47,   0,5944
11:46:45,1568,1215,1905, 76,1170,1368,  1145, 112,  47,   0,5951
11:46:50,1574,1219,1918, 77,1173,1375,  1150, 112,  47,   0,5961
11:46:55,1571,1215,1908, 77,1167,1361,  1150, 112,  47,   0,5971
11:47:00,1551,1235,1915, 77,1175,1380,  1155, 112,  47,   0,5981
11:47:05,1568,1251,1961, 78,1187,1408,  1155, 112,  47,   0,5990
11:47:10,1545,1266,1955, 79,1190,1416,  1155, 112,  47,   0,5997
11:47:15,1568,1247,1955, 79,1187,1408,  1160, 114,  47,   0,6005
11:47:20,1542,1262,1946, 79,1187,1408,  1160, 115,  47,   0,6014
11:47:25,1545,1266,1955, 78,1190,1416,  1165, 119,  47,   0,6019
11:47:30,1545,1266,1955, 79,1190,1416,  1165, 120,  47,   0,6026
11:47:35,1586,1262,2001, 79,1202,1444,  1165, 120,  47,   0,6035
11:47:40,1598,1270,2029, 77,1211,1466,  1170, 121,  47,   0,6042
11:47:45,1601,1274,2039, 78,1214,1473,  1170, 121,  47,   0,6050
11:47:50,1607,1274,2047, 78,1217,1481,  1175, 121,  47,   0,6057
11:47:55,1574,1286,2024, 79,1208,1459,  1175, 121,  47,   0,6066
11:48:00,1527,1290,1969, 80,1196,1430,  1175, 123,  47,   0,6074
11:48:05,1519,1274,1935, 80,1187,1408,  1180, 123,  47,   0,6084
11:48:10,1504,1266,1904, 80,1175,1380,  1180, 124,  47,   0,6091
11:48:15,1492,1258,1876, 80,1164,1354,  1180, 124,  47,   0,6101
11:48:20,1478,1243,1837, 80,1152,1327,  1185, 124,  47,   0,6109
11:48:25,1466,1239,1816, 81,1146,1313,  1185, 124,  47,   0,6119
11:48:30,1466,1235,1810, 80,1140,1299,  1190, 124,  47,   0,6129
11:48:35,1457,1227,1787, 80,1134,1285,  1190, 124,  47,   0,6139
11:48:40,1448,1223,1770, 80,1126,1267,  1190, 124,  47,   0,6149
11:48:45,1451,1223,1774, 80,1134,1285,  1195, 124,  47,   0,6159
11:48:50,1448,1223,1770, 80,1129,1274,  1195, 124,  47,   0,6169
11:48:55,1483,1219,1807, 79,1143,1306,  1195, 124,  47,   0,6178
11:49:00,1472,1203,1770, 79,1129,1274,  1200, 124,  47,   0,6188
11:49:05,1439,1215,1748, 80,1123,1261,  1200, 124,  47,   0,6198
11:49:10,1436,1247,1790, 81,1137,1292,  1200, 124,  47,   0,6208
11:49:15,1480,1251,1851, 80,1155,1334,  1205, 124,  47,   0,6215
11:49:20,1480,1247,1845, 80,1152,1327,  1205, 124,  47,   0,6220
11:49:25,1489,1254,1867, 80,1164,1354,  1210, 124,  47,   0,6228
11:49:30,1492,1258,1876, 80,1167,1361,  1210, 124,  47,   0,6236
11:49:35,1533,1254,1922, 79,1175,1380,  1210, 124,  47,   0,6244
11:49:40,1568,1251,1961, 78,1190,1416,  1215, 124,  47,   0,6249
11:49:45,1607,1243,1997, 77,1199,1437,  1215, 124,  47,   0,6255
11:49:50,1609,1247,2006, 76,1199,1437,  1215, 124,  47,   0,6261
11:49:55,1607,1243,1997, 76,1199,1437,  1220, 125,  47,   0,6267
11:50:00,1574,1254,1973, 77,1196,1430,  1220, 125,  47,   0,6276
11:50:05,1568,1247,1955, 78,1190,1416,  1225, 125,  47,   0,6284
11:50:10,1498,1231,1844, 79,1152,1327,  1225, 125,  47,   0,6294
11:50:15,1448,1199,1736, 79,1117,1247,  1225, 126,  47,   0,6303
11:50:20,1416,1171,1658, 79,1087,1181,  1230, 126,  47,   0,6313
11:50:25,1436,1152,1654, 79,1085,1177,  1230, 126,  47,   0,6323
11:50:30,1404,1159,1627, 79,1076,1157,  1230, 126,  47,   0,6332
11:50:35,1439,1152,1657, 78,1085,1177,  1235, 126,  47,   0,6340
11:50:40,1472,1144,1683, 77,1093,1194,  1235, 126,  47,   0,6344
11:50:45,1428,1144,1633, 78,1079,1164,  1235, 127,  47,   0,6353
11:50:50,1404,1128,1583, 77,1058,1119,  1240, 127,  47,   0,6363
11:50:55,1390,1116,1551, 78,1043,1087,  1240, 127,  47,   0,6372
11:51:00,1387,1116,1547, 77,1041,1083,  1240, 127,  47,   0,6382
11:51:05,1398,1128,1576, 78,1058,1119,  1245, 127,  47,   0,6392
11:51:10,1395,1120,1562, 79,1052,1106,  1245, 128,  47,   0,6400
11:51:15,1351,1120,1513, 80,1035,1071,  1245, 129,  47,   0,6409
11:51:20,1343,1112,1493, 78,1026,1052,  1245, 129,  47,   0,6419
11:51:25,1331,1100,1464, 78,1020,1040,  1250, 129,  47,   0,6429
11:51:30,1369,1104,1511, 78,1032,1065,  1250, 129,  48,   0,6438
11:51:35,1436,1120,1608, 76,1067,1138,  1250, 129,  48,   0,6448
11:51:40,1492,1128,1682, 75,1090,1188,  1255, 129,  48,   0,6455
11:51:45,1486,1092,1622, 75,1067,1138,  1255, 129,  48,   0,6464
11:51:50,1439,1064,1531, 75,1035,1071,  1255, 129,  48,   0,6474
11:51:55,1395,1060,1478, 75,1014,1028,  1260, 131,  48,   0,6482
11:52:00,1357,1037,1407, 75, 988, 976,  1260, 131,  48,   0,6491
11:52:05,1363,1009,1375, 75, 973, 946,  1260, 131,  48,   0,6501
11:52:10,1319, 981,1293, 75, 938, 879,  1260, 131,  48,   0,6511
11:52:15,1275, 950,1211, 75, 909, 826,  1265, 131,  48,   0,6521
11:52:38,1,0,0,0,0,0,0
11:52:43,1618, 874,1414, 62, 967, 935,  1265, 131,  48,   0,6538
11:52:48,1574, 878,1381, 64, 953, 908,  1265, 131,  48,   0,6548
11:52:53,1574, 882,1388, 64, 953, 908,  1270, 131,  48,   0,6558
11:52:58,1595, 890,1419, 64, 967, 935,  1270, 131,  48,   0,6567
11:53:03,1568, 906,1420, 64, 970, 940,  1270, 131,  48,   0,6575
11:53:08,1530, 914,1398, 65, 970, 940,  1270, 131,  48,   0,6583
11:53:13,1554, 926,1439, 65, 982, 964,  1275, 131,  48,   0,6593
11:53:18,1568, 934,1464, 65, 994, 988,  1275, 131,  48,   0,6602
11:53:23,1612, 926,1492, 64,1000,1000,  1275, 131,  48,   0,6612
11:53:28,1645, 914,1503, 64,1000,1000,  1275, 131,  48,   0,6621
11:53:33,1586, 946,1500, 65,1005,1010,  1280, 131,  48,   0,6630
11:53:39,1560, 894,1394, 65, 991, 982,  1280, 131,  48,   0,6637
11:53:44,1504, 894,1344, 65, 967, 935,  1280, 131,  48,   0,6646
11:53:49,1527, 902,1377, 65, 985, 970,  1285, 131,  48,   0,6656
11:53:54,1475, 902,1330, 65, 964, 929,  1285, 131,  48,   0,6666
11:53:59,1384, 882,1220, 65, 917, 840,  1285, 131,  48,   0,6676
11:54:04,1331, 855,1138, 65, 888, 788,  1285, 131,  49,   0,6685
11:54:28,1,0,0,0,0,0,0
11:54:33,1263, 712, 899, 65, 771, 594,  1290, 131,  51,   0,6702
11:54:53,1,0,0,0,0,0,0
11:54:58,1161, 613, 711, 65, 674, 454,  1290, 131,  51,   0,6714

