time,VIn,AIn,PIn,PWM,VOut,POut,EnProd,CNT1,CNT2,CNT3,CNT4
07:48:41,0,0,0,0,0,0,0
07:48:41,1,0,0,0,0,0,0
07:48:48,1844,  85,1567, 62,1108,1227,     0,   0,   0,   0,  15
07:48:58,1850,  83,1535, 60,1093,1194,     5,   0,   0,   0,  30
07:49:08,1853,  83,1537, 61,1090,1188,     5,   0,   0,   0,  42
07:49:18,1856,  80,1484, 60,1070,1144,    10,   0,   0,   0,  51
07:49:28,1841,  86,1583, 62,1108,1227,    15,   0,   0,   0,  69
07:49:38,1853,  83,1537, 60,1090,1188,    15,   0,   0,   0,  86
07:49:48,1838,  86,1580, 61,1105,1221,    20,   0,   0,   0, 103
07:49:58,1829,  89,1627, 63,1120,1254,    25,   0,   0,   0, 121
07:50:09,1850,  83,1535, 61,1087,1181,    25,   0,   0,   0, 140
07:50:19,1844,  83,1530, 60,1087,1181,    30,   0,   0,   0, 159
07:50:29,1829,  89,1627, 62,1123,1261,    35,   0,   0,   0, 178
07:50:39,1862,  81,1508, 60,1073,1151,    35,   0,   0,   0, 194
07:50:49,1829,  89,1627, 63,1120,1254,    40,   0,   0,   0, 212
07:50:59,1865,  81,1510, 60,1070,1144,    45,   0,   0,   0, 230
07:51:09,1832,  89,1630, 63,1120,1254,    45,   0,   0,   0, 249
07:51:19,1806,  94,1697, 66,1152,1327,    50,   0,   0,   0, 266
07:51:29,1832,  89,1630, 63,1123,1261,    55,   0,   0,   0, 281
07:51:39,1865,  81,1510, 60,1073,1151,    55,   0,   0,   0, 295
07:51:49,1868,  81,1513, 60,1076,1157,    60,   0,   0,   0, 306
07:51:59,1859,  80,1487, 60,1076,1157,    65,   0,   0,   0, 321
07:52:09,1856,  83,1540, 60,1093,1194,    65,   0,   0,   0, 340
07:52:19,1850,  83,1535, 61,1090,1188,    70,   0,   0,   0, 355
07:52:29,1838,  86,1580, 61,1102,1214,    75,   0,   0,   0, 375
07:52:39,1862,  81,1508, 60,1076,1157,    75,   0,   0,   0, 391
07:52:49,1856,  80,1484, 60,1070,1144,    80,   0,   0,   0, 402
07:52:59,1850,  83,1535, 61,1090,1188,    85,   0,   0,   0, 416
07:53:09,1850,  84,1554, 60,1090,1188,    85,   0,   0,   0, 428
07:53:19,1847,  83,1533, 61,1087,1181,    90,   0,   0,   0, 440
07:53:29,1841,  86,1583, 62,1108,1227,    95,   0,   0,   0, 456
07:53:39,1847,  83,1533, 61,1085,1177,    95,   0,   0,   0, 470
07:53:49,1838,  86,1580, 61,1102,1214,   100,   0,   0,   0, 489
07:53:59,1835,  85,1559, 62,1102,1214,   105,   0,   0,   0, 509
07:54:09,1815,  92,1669, 64,1134,1285,   105,   0,   0,   0, 528
07:54:19,1824,  89,1623, 63,1120,1254,   110,   0,   0,   0, 541
07:54:29,1815,  91,1651, 65,1134,1285,   115,   0,   0,   0, 557
07:54:39,1847,  83,1533, 61,1087,1181,   115,   0,   0,   0, 574
07:54:49,1832,  86,1575, 61,1102,1214,   120,   0,   0,   0, 592
07:54:59,1824,  89,1623, 63,1120,1254,   125,   0,   0,   0, 611
07:55:09,1844,  83,1530, 60,1085,1177,   125,   0,   0,   0, 625
07:55:19,1853,  81,1500, 60,1067,1138,   130,   0,   0,   0, 637
07:55:29,1859,  81,1505, 60,1070,1144,   135,   0,   0,   0, 651
07:55:39,1859,  80,1487, 60,1070,1144,   135,   0,   0,   0, 669
07:55:49,1865,  81,1510, 60,1076,1157,   140,   0,   0,   0, 688
07:55:59,1859,  80,1487, 60,1070,1144,   145,   0,   0,   0, 706
07:56:09,1862,  81,1508, 60,1070,1144,   145,   0,   0,   0, 723
07:56:19,1862,  81,1508, 60,1070,1144,   150,   0,   0,   0, 738
07:56:29,1862,  81,1508, 60,1073,1151,   155,   0,   0,   0, 757
07:56:39,1859,  80,1487, 60,1073,1151,   155,   0,   0,   0, 774
07:56:49,1856,  80,1484, 60,1070,1144,   160,   0,   0,   0, 789
07:56:59,1847,  83,1533, 60,1087,1181,   165,   0,   0,   0, 801
07:57:09,1850,  83,1535, 60,1090,1188,   165,   0,   0,   0, 812
07:57:19,1853,  80,1482, 60,1070,1144,   170,   0,   0,   0, 826
07:57:29,1853,  80,1482, 60,1067,1138,   170,   0,   0,   0, 838
07:57:39,1856,  81,1503, 60,1067,1138,   175,   0,   0,   0, 850
07:57:49,1850,  83,1535, 60,1087,1181,   180,   0,   0,   0, 867
07:57:59,1859,  81,1505, 60,1073,1151,   180,   0,   0,   0, 884
07:58:09,1862,  80,1489, 60,1070,1144,   185,   0,   0,   0, 898
07:58:19,1862,  80,1489, 60,1073,1151,   190,   0,   0,   0, 915
07:58:29,1862,  80,1489, 60,1070,1144,   190,   0,   0,   0, 933
07:58:39,1859,  81,1505, 60,1070,1144,   195,   0,   0,   0, 950
07:58:49,1862,  80,1489, 60,1073,1151,   200,   0,   0,   0, 964
07:58:59,1862,  81,1508, 60,1073,1151,   200,   0,   0,   0, 981
07:59:09,1850,  83,1535, 60,1087,1181,   205,   0,   0,   0, 998
07:59:19,1856,  80,1484, 60,1070,1144,   205,   0,   0,   0,1014
07:59:29,1859,  80,1487, 60,1070,1144,   210,   0,   0,   0,1033
07:59:39,1862,  80,1489, 60,1070,1144,   215,   0,   0,   0,1052
07:59:49,1859,  81,1505, 60,1076,1157,   215,   0,   0,   0,1068
07:59:59,1859,  80,1487, 60,1067,1138,   220,   0,   0,   0,1084
08:00:09,1862,  81,1508, 60,1070,1144,   225,   0,   0,   0,1100
08:00:19,1856,  81,1503, 60,1073,1151,   225,   0,   0,   0,1115
08:00:29,1859,  81,1505, 60,1070,1144,   230,   0,   0,   0,1130
08:00:39,1853,  84,1556, 60,1090,1188,   235,   0,   0,   0,1145
08:00:49,1862,  81,1508, 60,1073,1151,   235,   0,   0,   0,1158
08:00:59,1850,  83,1535, 60,1087,1181,   240,   0,   0,   0,1171
08:01:09,1859,  81,1505, 60,1073,1151,   245,   0,   0,   0,1186
08:01:19,1856,  81,1503, 60,1070,1144,   245,   0,   0,   0,1199
08:01:29,1856,  81,1503, 60,1070,1144,   250,   0,   0,   0,1215
08:01:39,1844,  83,1530, 60,1085,1177,   250,   0,   0,   0,1228
08:01:50,1832,  86,1575, 62,1102,1214,   255,   0,   0,   0,1243
08:02:00,1847,  83,1533, 61,1082,1170,   260,   0,   0,   0,1259
08:02:09,1832,  86,1575, 62,1102,1214,   265,   0,   0,   0,1277
08:02:19,1832,  85,1557, 62,1096,1201,   265,   0,   0,   0,1295
08:02:29,1847,  83,1533, 60,1085,1177,   270,   0,   0,   0,1315
08:02:39,1815,  88,1597, 63,1111,1234,   275,   0,   0,   0,1334
08:02:49,1844,  83,1530, 60,1082,1170,   275,   0,   0,   0,1349
08:02:59,1847,  84,1551, 60,1087,1181,   280,   0,   0,   0,1362
08:03:09,1847,  83,1533, 60,1085,1177,   285,   0,   0,   0,1376
08:03:19,1841,  83,1528, 61,1087,1181,   285,   0,   0,   0,1396
08:03:29,1812,  92,1667, 64,1134,1285,   290,   0,   0,   0,1416
08:03:39,1809,  92,1664, 64,1134,1285,   295,   0,   0,   0,1436
08:03:49,1824,  89,1623, 63,1117,1247,   295,   0,   0,   0,1446
08:03:59,1844,  84,1548, 60,1087,1181,   300,   0,   0,   0,1462
08:04:09,1838,  83,1525, 60,1085,1177,   305,   0,   0,   0,1476
08:04:19,1844,  83,1530, 60,1085,1177,   305,   0,   0,   0,1490
08:04:29,1838,  83,1525, 60,1085,1177,   310,   0,   0,   0,1503
08:04:39,1841,  83,1528, 60,1085,1177,   315,   0,   0,   0,1516
08:04:49,1841,  83,1528, 60,1082,1170,   315,   0,   0,   0,1528
08:04:59,1841,  83,1528, 60,1082,1170,   320,   0,   0,   0,1540
08:05:09,1838,  83,1525, 60,1082,1170,   325,   0,   0,   0,1554
08:05:19,1841,  83,1528, 60,1085,1177,   325,   0,   0,   0,1565
08:05:29,1838,  83,1525, 60,1082,1170,   330,   0,   0,   0,1576
08:05:39,1841,  83,1528, 60,1082,1170,   335,   0,   0,   0,1585
08:05:49,1838,  83,1525, 60,1079,1164,   335,   0,   0,   0,1598
08:05:59,1844,  84,1548, 60,1085,1177,   340,   0,   0,   0,1611
08:06:09,1841,  83,1528, 60,1082,1170,   345,   0,   0,   0,1625
08:06:19,1844,  83,1530, 60,1082,1170,   345,   0,   0,   0,1638
08:06:29,1841,  83,1528, 60,1082,1170,   350,   0,   0,   0,1649
08:06:39,1841,  83,1528, 60,1085,1177,   350,   0,   0,   0,1661
08:06:49,1835,  83,1523, 61,1082,1170,   355,   0,   0,   0,1672
08:06:59,1832,  86,1575, 62,1096,1201,   360,   0,   0,   0,1689
08:07:09,1832,  86,1575, 61,1096,1201,   360,   0,   0,   0,1707
08:07:19,1838,  83,1525, 60,1082,1170,   365,   0,   0,   0,1720
08:07:30,1838,  84,1543, 60,1085,1177,   370,   0,   0,   0,1732
08:07:40,1835,  83,1523, 60,1079,1164,   370,   0,   0,   0,1747
08:07:50,1838,  83,1525, 60,1079,1164,   375,   0,   0,   0,1761
08:08:00,1838,  83,1525, 60,1082,1170,   380,   0,   0,   0,1775
08:08:10,1841,  83,1528, 60,1079,1164,   380,   0,   0,   0,1789
08:08:20,1841,  83,1528, 60,1082,1170,   385,   0,   0,   0,1802
08:08:30,1838,  83,1525, 60,1082,1170,   390,   0,   0,   0,1814
08:08:40,1838,  83,1525, 60,1082,1170,   390,   0,   0,   0,1826
08:08:50,1841,  83,1528, 60,1079,1164,   395,   0,   0,   0,1842
08:09:00,1841,  83,1528, 60,1079,1164,   400,   0,   0,   0,1856
08:09:10,1835,  84,1541, 60,1085,1177,   400,   0,   0,   0,1869
08:09:20,1841,  84,1546, 60,1085,1177,   405,   0,   0,   0,1885
08:09:30,1838,  83,1525, 60,1082,1170,   410,   0,   0,   0,1899
08:09:40,1835,  83,1523, 60,1082,1170,   410,   0,   0,   0,1916
08:09:50,1838,  83,1525, 60,1082,1170,   415,   0,   0,   0,1932
08:10:00,1838,  83,1525, 60,1079,1164,   420,   0,   0,   0,1945
08:10:10,1838,  83,1525, 60,1082,1170,   420,   0,   0,   0,1958
08:10:20,1838,  83,1525, 60,1079,1164,   425,   0,   0,   0,1970
08:10:30,1838,  84,1543, 60,1085,1177,   425,   0,   0,   0,1985
08:10:40,1838,  83,1525, 60,1082,1170,   430,   0,   0,   0,1999
08:10:50,1835,  83,1523, 60,1082,1170,   435,   0,   0,   0,2013
08:11:00,1841,  83,1528, 60,1082,1170,   435,   0,   0,   0,2027
08:11:10,1841,  83,1528, 60,1082,1170,   440,   0,   0,   0,2041
08:11:20,1844,  83,1530, 60,1082,1170,   445,   0,   0,   0,2057
08:11:30,1838,  83,1525, 60,1085,1177,   445,   0,   0,   0,2072
08:11:40,1838,  83,1525, 60,1079,1164,   450,   0,   0,   0,2088
08:11:50,1835,  83,1523, 60,1082,1170,   455,   0,   0,   0,2102
08:12:00,1841,  83,1528, 60,1082,1170,   455,   0,   0,   0,2117
08:12:10,1838,  83,1525, 60,1082,1170,   460,   0,   0,   0,2131
08:12:20,1838,  83,1525, 60,1085,1177,   465,   0,   0,   0,2145
08:12:30,1844,  83,1530, 60,1085,1177,   465,   0,   0,   0,2163
08:12:40,1838,  83,1525, 60,1085,1177,   470,   0,   0,   0,2180
08:12:50,1844,  84,1548, 60,1087,1181,   475,   0,   0,   0,2200
08:13:00,1841,  83,1528, 60,1082,1170,   475,   0,   0,   0,2220
08:13:10,1847,  83,1533, 60,1085,1177,   480,   0,   0,   0,2240
08:13:20,1844,  83,1530, 60,1085,1177,   485,   0,   0,   0,2260
08:13:30,1847,  83,1533, 60,1087,1181,   485,   0,   0,   0,2280
08:13:40,1844,  83,1530, 60,1085,1177,   490,   0,   0,   0,2300
08:13:50,1847,  83,1533, 60,1087,1181,   495,   0,   0,   0,2320
08:14:00,1850,  83,1535, 60,1090,1188,   495,   0,   0,   0,2340
08:14:10,1847,  83,1533, 60,1085,1177,   500,   0,   0,   0,2360
08:14:20,1841,  83,1528, 60,1085,1177,   500,   0,   0,   0,2380
08:14:30,1841,  83,1528, 60,1085,1177,   505,   0,   0,   0,2400
08:14:40,1847,  83,1533, 60,1087,1181,   510,   0,   0,   0,2420
08:14:50,1847,  84,1551, 60,1087,1181,   510,   0,   0,   0,2439
08:15:00,1841,  83,1528, 60,1082,1170,   515,   0,   0,   0,2459
08:15:10,1838,  83,1525, 60,1082,1170,   520,   0,   0,   0,2477
08:15:20,1844,  83,1530, 60,1085,1177,   520,   0,   0,   0,2497
08:15:30,1844,  83,1530, 60,1087,1181,   525,   0,   0,   0,2514
08:15:40,1844,  83,1530, 60,1085,1177,   530,   0,   0,   0,2531
08:15:50,1844,  84,1548, 60,1085,1177,   530,   0,   0,   0,2548
08:16:00,1844,  83,1530, 60,1085,1177,   535,   0,   0,   0,2562
08:16:10,1841,  83,1528, 60,1085,1177,   540,   0,   0,   0,2580
08:16:20,1844,  83,1530, 60,1082,1170,   540,   0,   0,   0,2594
08:16:30,1838,  83,1525, 60,1085,1177,   545,   0,   0,   0,2608
08:16:40,1835,  83,1523, 60,1085,1177,   550,   0,   0,   0,2622
08:16:50,1841,  83,1528, 60,1082,1170,   550,   0,   0,   0,2638
08:17:00,1841,  83,1528, 60,1082,1170,   555,   0,   0,   0,2652
08:17:10,1838,  83,1525, 60,1082,1170,   560,   0,   0,   0,2663
08:17:20,1835,  84,1541, 60,1085,1177,   560,   0,   0,   0,2677
08:17:30,1838,  83,1525, 60,1082,1170,   565,   0,   0,   0,2687
08:17:40,1835,  83,1523, 61,1085,1177,   570,   0,   0,   0,2702
08:17:50,1835,  83,1523, 60,1082,1170,   570,   0,   0,   0,2712
08:18:00,1809,  92,1664, 64,1131,1279,   575,   0,   0,   0,2731
08:18:10,1794,  94,1686, 65,1143,1306,   580,   0,   0,   0,2748
08:18:20,1791,  95,1701, 66,1140,1299,   580,   0,   0,   0,2765
08:18:30,1806,  92,1661, 65,1131,1279,   585,   0,   0,   0,2782
08:18:40,1806,  91,1643, 64,1129,1274,   590,   0,   0,   0,2800
08:18:51,1835,  83,1523, 60,1082,1170,   590,   0,   0,   0,2816
08:19:01,1815,  89,1615, 63,1111,1234,   595,   0,   0,   0,2836
08:19:11,1794,  94,1686, 65,1143,1306,   600,   0,   0,   0,2855
08:19:21,1803,  91,1640, 64,1126,1267,   600,   0,   0,   0,2873
08:19:31,1815,  89,1615, 64,1114,1240,   605,   0,   0,   0,2892
08:19:41,1806,  92,1661, 64,1129,1274,   610,   0,   0,   0,2911
08:19:51,1832,  83,1520, 60,1079,1164,   615,   0,   0,   0,2927
08:20:01,1818,  89,1618, 62,1114,1240,   615,   0,   0,   0,2947
08:20:11,1821,  86,1566, 62,1096,1201,   620,   0,   0,   0,2967
08:20:21,1803,  91,1640, 65,1126,1267,   625,   0,   0,   0,2984
08:20:31,1806,  91,1643, 64,1126,1267,   625,   0,   0,   0,3000
08:20:41,1780,  97,1726, 66,1158,1340,   630,   0,   0,   0,3016
08:20:51,1803,  91,1640, 64,1126,1267,   635,   0,   0,   0,3030
08:21:01,1824,  86,1568, 61,1093,1194,   635,   0,   0,   0,3044
08:21:11,1812,  89,1612, 63,1111,1234,   640,   0,   0,   0,3062
08:21:21,1829,  83,1518, 60,1082,1170,   645,   0,   0,   0,3081
08:21:31,1832,  83,1520, 60,1076,1157,   645,   0,   0,   0,3100
08:21:41,1832,  83,1520, 60,1082,1170,   650,   0,   0,   0,3120
08:21:51,1832,  83,1520, 60,1079,1164,   655,   0,   0,   0,3139
08:22:01,1832,  83,1520, 60,1082,1170,   655,   0,   0,   0,3157
08:22:11,1832,  83,1520, 60,1082,1170,   660,   0,   0,   0,3173
08:22:21,1832,  83,1520, 60,1079,1164,   665,   0,   0,   0,3190
08:22:31,1835,  83,1523, 60,1076,1157,   665,   0,   0,   0,3208
08:22:41,1832,  83,1520, 60,1079,1164,   670,   0,   0,   0,3222
08:22:51,1832,  83,1520, 60,1079,1164,   675,   0,   0,   0,3236
08:23:01,1829,  83,1518, 60,1076,1157,   675,   0,   0,   0,3251
08:23:11,1832,  83,1520, 60,1076,1157,   680,   0,   0,   0,3268
08:23:21,1832,  83,1520, 60,1076,1157,   685,   0,   0,   0,3284
08:23:31,1832,  83,1520, 60,1079,1164,   685,   0,   0,   0,3302
08:23:41,1826,  83,1515, 60,1079,1164,   690,   0,   0,   0,3315
08:23:51,1829,  83,1518, 60,1079,1164,   690,   0,   0,   0,3328
08:24:01,1829,  83,1518, 60,1079,1164,   695,   0,   0,   0,3344
08:24:11,1829,  83,1518, 60,1076,1157,   700,   0,   0,   0,3359
08:24:21,1835,  83,1523, 60,1076,1157,   700,   0,   0,   0,3373
08:24:31,1832,  84,1538, 60,1079,1164,   705,   0,   0,   0,3389
08:24:41,1829,  83,1518, 60,1079,1164,   710,   0,   0,   0,3402
08:24:51,1832,  83,1520, 60,1076,1157,   710,   0,   0,   0,3418
08:25:01,1826,  83,1515, 60,1079,1164,   715,   0,   0,   0,3430
08:25:11,1829,  83,1518, 60,1076,1157,   720,   0,   0,   0,3441
08:25:21,1832,  83,1520, 60,1076,1157,   720,   0,   0,   0,3457
08:25:31,1829,  83,1518, 60,1079,1164,   725,   0,   0,   0,3470
08:25:41,1829,  83,1518, 60,1079,1164,   730,   0,   0,   0,3483
08:25:51,1829,  83,1518, 60,1079,1164,   730,   0,   0,   0,3496
08:26:01,1826,  83,1515, 60,1079,1164,   735,   0,   0,   0,3509
08:26:11,1835,  84,1541, 60,1079,1164,   735,   0,   0,   0,3526
08:26:21,1829,  83,1518, 60,1076,1157,   740,   0,   0,   0,3541
08:26:31,1832,  83,1520, 60,1076,1157,   745,   0,   0,   0,3555
08:26:41,1829,  83,1518, 60,1079,1164,   745,   0,   0,   0,3571
08:26:51,1829,  83,1518, 60,1079,1164,   750,   0,   0,   0,3583
08:27:01,1829,  83,1518, 60,1076,1157,   755,   0,   0,   0,3598
08:27:11,1829,  83,1518, 60,1076,1157,   755,   0,   0,   0,3611
08:27:21,1832,  83,1520, 60,1079,1164,   760,   0,   0,   0,3626
08:27:31,1829,  83,1518, 60,1076,1157,   765,   0,   0,   0,3641
08:27:41,1829,  83,1518, 60,1079,1164,   765,   0,   0,   0,3658
08:27:51,1835,  83,1523, 60,1082,1170,   770,   0,   0,   0,3677
08:28:01,1835,  83,1523, 60,1079,1164,   775,   0,   0,   0,3696
08:28:11,1841,  83,1528, 60,1082,1170,   775,   0,   0,   0,3716
08:28:21,1841,  83,1528, 60,1085,1177,   780,   0,   0,   0,3736
08:28:31,1838,  83,1525, 60,1085,1177,   785,   0,   0,   0,3756
08:28:41,1841,  83,1528, 60,1085,1177,   785,   0,   0,   0,3776
08:28:51,1841,  82,1509, 60,1082,1170,   790,   0,   0,   0,3796
08:29:01,1841,  83,1528, 60,1085,1177,   790,   0,   0,   0,3816
08:29:11,1844,  83,1530, 61,1087,1181,   795,   0,   0,   0,3836
08:29:21,1841,  83,1528, 60,1082,1170,   800,   0,   0,   0,3856
08:29:31,1815,  91,1651, 64,1134,1285,   800,   0,   0,   0,3874
08:29:41,1844,  83,1530, 60,1085,1177,   805,   0,   0,   0,3890
08:29:51,1812,  91,1648, 64,1129,1274,   810,   0,   0,   0,3909
08:30:01,1785,  96,1713, 66,1161,1347,   815,   0,   0,   0,3926
08:30:12,1803,  94,1694, 66,1152,1327,   815,   0,   0,   0,3944
08:30:22,1788,  96,1716, 67,1167,1361,   820,   0,   0,   0,3962
08:30:32,1797,  96,1725, 67,1164,1354,   825,   0,   0,   0,3981
08:30:42,1794,  96,1722, 66,1167,1361,   830,   0,   0,   0,3996
08:30:52,1777,  99,1759, 68,1175,1380,   830,   0,   0,   0,4013
08:31:02,1777,  99,1759, 68,1175,1380,   835,   0,   0,   0,4030
08:31:12,1794,  96,1722, 67,1167,1361,   840,   0,   0,   0,4048
08:31:22,1806,  94,1697, 65,1152,1327,   845,   0,   0,   0,4066
08:31:32,1835,  85,1559, 61,1102,1214,   845,   0,   0,   0,4083
08:31:42,1844,  82,1512, 60,1085,1177,   850,   0,   0,   0,4102
08:31:52,1841,  83,1528, 60,1085,1177,   855,   0,   0,   0,4122
08:32:02,1841,  82,1509, 60,1082,1170,   855,   0,   0,   0,4142
08:32:12,1844,  83,1530, 60,1087,1181,   860,   0,   0,   0,4162
08:32:22,1844,  83,1530, 60,1085,1177,   865,   0,   0,   0,4182
08:32:32,1841,  83,1528, 60,1087,1181,   865,   0,   0,   0,4202
08:32:42,1841,  83,1528, 60,1085,1177,   870,   0,   0,   0,4222
08:32:52,1838,  83,1525, 60,1082,1170,   875,   0,   0,   0,4242
08:33:02,1835,  82,1504, 60,1079,1164,   875,   0,   0,   0,4262
08:33:12,1838,  82,1507, 60,1079,1164,   880,   0,   0,   0,4282
08:33:22,1838,  82,1507, 60,1079,1164,   880,   0,   0,   0,4302
08:33:32,1838,  82,1507, 60,1082,1170,   885,   0,   0,   0,4322
08:33:42,1841,  83,1528, 60,1082,1170,   890,   0,   0,   0,4341
08:33:52,1841,  83,1528, 60,1085,1177,   890,   0,   0,   0,4360
08:34:02,1838,  82,1507, 60,1082,1170,   895,   0,   0,   0,4380
08:34:12,1838,  82,1507, 60,1079,1164,   900,   0,   0,   0,4399
08:34:22,1844,  80,1475, 60,1064,1132,   900,   1,   0,   0,4417
08:34:32,1844,  79,1456, 60,1061,1125,   905,   1,   0,   0,4433
08:34:42,1847,  79,1459, 60,1061,1125,   910,   1,   0,   0,4450
08:34:52,1844,  79,1456, 60,1061,1125,   910,   1,   0,   0,4466
08:35:02,1838,  83,1525, 60,1082,1170,   915,   2,   0,   0,4482
08:35:12,1832,  82,1502, 60,1076,1157,   920,   2,   0,   0,4498
08:35:22,1832,  82,1502, 60,1076,1157,   920,   2,   0,   0,4512
08:35:32,1838,  82,1507, 60,1082,1170,   925,   2,   0,   0,4527
08:35:42,1832,  82,1502, 60,1079,1164,   925,   2,   0,   0,4542
08:35:52,1835,  82,1504, 60,1079,1164,   930,   2,   0,   0,4555
08:36:02,1835,  83,1523, 60,1082,1170,   935,   2,   0,   0,4571
08:36:12,1835,  82,1504, 60,1076,1157,   935,   2,   0,   0,4587
08:36:22,1832,  82,1502, 60,1079,1164,   940,   2,   0,   0,4600
08:36:32,1844,  79,1456, 60,1061,1125,   945,   3,   0,   0,4615
08:36:42,1844,  79,1456, 60,1061,1125,   945,   3,   0,   0,4628
08:36:52,1844,  80,1475, 60,1064,1132,   950,   3,   0,   0,4643
08:37:02,1838,  79,1452, 60,1058,1119,   955,   3,   0,   0,4657
08:37:12,1841,  79,1454, 60,1061,1125,   955,   3,   0,   0,4670
08:37:22,1832,  82,1502, 60,1076,1157,   960,   3,   0,   0,4682
08:37:32,1832,  82,1502, 60,1076,1157,   960,   3,   0,   0,4695
08:37:42,1835,  83,1523, 60,1082,1170,   965,   4,   0,   0,4709
08:37:52,1841,  79,1454, 60,1061,1125,   970,   5,   0,   0,4721
08:38:02,1844,  79,1456, 60,1064,1132,   970,   5,   0,   0,4737
08:38:12,1841,  79,1454, 60,1061,1125,   975,   5,   0,   0,4754
08:38:22,1838,  79,1452, 60,1058,1119,   980,   5,   0,   0,4770
08:38:32,1844,  79,1456, 60,1061,1125,   980,   5,   0,   0,4784
08:38:42,1844,  79,1456, 60,1064,1132,   985,   5,   0,   0,4799
08:38:52,1835,  82,1504, 60,1082,1170,   990,   5,   0,   0,4815
08:39:02,1835,  82,1504, 60,1076,1157,   990,   5,   0,   0,4830
08:39:12,1838,  79,1452, 60,1058,1119,   995,   5,   0,   0,4844
08:39:22,1847,  79,1459, 60,1064,1132,   995,   5,   0,   0,4860
08:39:32,1847,  79,1459, 60,1061,1125,  1000,   5,   0,   0,4875
08:39:42,1829,  82,1499, 60,1079,1164,  1005,   6,   0,   0,4889
08:39:52,1832,  82,1502, 60,1076,1157,  1005,   6,   0,   0,4904
08:40:02,1835,  83,1523, 60,1082,1170,  1010,   6,   0,   0,4921
08:40:12,1838,  82,1507, 60,1079,1164,  1015,   6,   0,   0,4938
08:40:22,1832,  82,1502, 60,1082,1170,  1015,   6,   0,   0,4955
08:40:32,1835,  82,1504, 60,1082,1170,  1020,   6,   0,   0,4973
08:40:42,1832,  82,1502, 60,1076,1157,  1025,   6,   0,   0,4988
08:40:52,1835,  83,1523, 60,1082,1170,  1025,   6,   0,   0,5005
08:41:02,1835,  82,1504, 60,1079,1164,  1030,   6,   0,   0,5022
08:41:12,1835,  82,1504, 60,1076,1157,  1030,   6,   0,   0,5039
08:41:22,1838,  83,1525, 60,1082,1170,  1035,   6,   0,   0,5056
08:41:33,1841,  79,1454, 60,1061,1125,  1040,   7,   0,   0,5071
08:41:43,1841,  79,1454, 60,1061,1125,  1040,   7,   0,   0,5088
08:41:53,1841,  79,1454, 60,1058,1119,  1045,   7,   0,   0,5102
08:42:03,1844,  79,1456, 60,1058,1119,  1050,   7,   0,   0,5118
08:42:13,1835,  82,1504, 60,1079,1164,  1050,   8,   0,   0,5134
08:42:23,1832,  82,1502, 60,1076,1157,  1055,   8,   0,   0,5149
08:42:33,1835,  82,1504, 60,1079,1164,  1060,   8,   0,   0,5164
08:42:43,1835,  82,1504, 60,1082,1170,  1060,   8,   0,   0,5177
08:42:53,1824,  85,1550, 62,1090,1188,  1065,   8,   0,   0,5195
08:43:03,1824,  85,1550, 62,1093,1194,  1070,   8,   0,   0,5215
08:43:13,1812,  87,1576, 64,1108,1227,  1070,   8,   0,   0,5234
08:43:23,1832,  82,1502, 60,1076,1157,  1075,   8,   0,   0,5249
08:43:33,1835,  81,1486, 60,1076,1157,  1080,  11,   0,   0,5257
08:43:43,1829,  81,1481, 61,1073,1151,  1080,  14,   0,   0,5272
08:43:53,1803,  90,1622, 63,1123,1261,  1085,  15,   0,   0,5288
08:44:03,1812,  87,1576, 63,1108,1227,  1090,  15,   0,   0,5308
08:44:13,1818,  84,1527, 61,1090,1188,  1090,  15,   0,   0,5327
08:44:23,1812,  87,1576, 63,1108,1227,  1095,  15,   0,   0,5347
08:44:33,1818,  84,1527, 62,1090,1188,  1100,  15,   0,   0,5363
08:44:43,1835,  81,1486, 60,1079,1164,  1100,  15,   0,   0,5378
08:44:53,1841,  79,1454, 60,1061,1125,  1105,  15,   0,   0,5398
08:45:03,1832,  82,1502, 61,1079,1164,  1105,  15,   0,   0,5418
08:45:13,1832,  81,1483, 60,1076,1157,  1110,  15,   0,   0,5438
08:45:23,1821,  84,1529, 62,1090,1188,  1115,  15,   0,   0,5457
08:45:33,1812,  87,1576, 63,1108,1227,  1115,  15,   0,   0,5475
08:45:43,1812,  87,1576, 63,1108,1227,  1120,  15,   0,   0,5495
08:45:53,1821,  84,1529, 62,1090,1188,  1125,  15,   0,   0,5513
08:46:03,1809,  87,1573, 63,1105,1221,  1125,  15,   0,   0,5530
08:46:13,1815,  87,1579, 63,1108,1227,  1130,  15,   0,   0,5550
08:46:23,1821,  84,1529, 62,1090,1188,  1135,  15,   0,   0,5570
08:46:33,1832,  82,1502, 61,1076,1157,  1140,  15,   0,   0,5588
08:46:43,1812,  87,1576, 63,1111,1234,  1140,  16,   0,   0,5605
08:46:53,1829,  81,1481, 60,1076,1157,  1145,  19,   0,   0,5621
08:47:03,1829,  81,1481, 60,1073,1151,  1145,  22,   0,   0,5636
08:47:13,1824,  85,1550, 61,1096,1201,  1150,  25,   0,   0,5651
08:47:23,1809,  87,1573, 62,1105,1221,  1155,  25,   0,   0,5671
08:47:33,1800,  90,1620, 64,1123,1261,  1155,  25,   0,   0,5688
08:47:43,1821,  84,1529, 61,1087,1181,  1160,  25,   0,   0,5707
08:47:53,1812,  87,1576, 63,1108,1227,  1165,  25,   0,   0,5726
08:48:03,1821,  84,1529, 62,1090,1188,  1170,  25,   0,   0,5740
08:48:13,1800,  90,1620, 65,1126,1267,  1170,  25,   0,   0,5756
08:48:23,1806,  90,1625, 64,1126,1267,  1175,  25,   0,   0,5776
08:48:33,1803,  90,1622, 64,1126,1267,  1180,  25,   0,   0,5796
08:48:43,1812,  87,1576, 63,1108,1227,  1180,  25,   0,   0,5815
08:48:53,1791,  93,1665, 65,1143,1306,  1185,  25,   0,   0,5834
08:49:03,1809,  87,1573, 63,1108,1227,  1190,  25,   0,   0,5853
08:49:13,1791,  93,1665, 65,1140,1299,  1190,  25,   0,   0,5870
08:49:23,1812,  87,1576, 62,1108,1227,  1195,  25,   0,   0,5883
08:49:33,1824,  85,1550, 61,1090,1188,  1200,  25,   0,   0,5903
08:49:43,1832,  81,1483, 61,1076,1157,  1200,  25,   0,   0,5923
08:49:53,1821,  84,1529, 61,1090,1188,  1205,  25,   0,   0,5943
08:50:03,1821,  84,1529, 61,1090,1188,  1210,  25,   0,   0,5963
08:50:13,1818,  84,1527, 61,1090,1188,  1210,  25,   0,   0,5983
08:50:23,1826,  84,1533, 61,1096,1201,  1215,  25,   0,   0,6003
08:50:33,1824,  84,1532, 61,1093,1194,  1220,  25,   0,   0,6023
08:50:43,1829,  81,1481, 61,1076,1157,  1220,  25,   0,   0,6043
08:50:53,1824,  85,1550, 61,1096,1201,  1225,  25,   0,   0,6063
08:51:03,1824,  84,1532, 61,1093,1194,  1230,  25,   0,   0,6083
08:51:13,1818,  84,1527, 61,1087,1181,  1230,  25,   0,   0,6103
08:51:23,1824,  84,1532, 61,1093,1194,  1235,  25,   0,   0,6123
08:51:33,1835,  81,1486, 61,1079,1164,  1240,  25,   0,   0,6143
08:51:43,1832,  81,1483, 61,1079,1164,  1240,  25,   0,   0,6163
08:51:53,1826,  85,1552, 61,1096,1201,  1245,  25,   0,   0,6183
08:52:03,1835,  81,1486, 61,1076,1157,  1250,  25,   0,   0,6203
08:52:13,1824,  84,1532, 61,1090,1188,  1250,  25,   0,   0,6223
08:52:23,1800,  90,1620, 65,1123,1261,  1255,  25,   0,   0,6243
08:52:33,1797,  93,1671, 66,1143,1306,  1260,  25,   0,   0,6258
08:52:43,1791,  93,1665, 66,1140,1299,  1260,  25,   0,   0,6278
08:52:53,1806,  90,1625, 64,1129,1274,  1265,  25,   0,   0,6294
08:53:03,1818,  87,1581, 62,1114,1240,  1270,  25,   0,   0,6310
08:53:13,1803,  89,1604, 64,1123,1261,  1270,  25,   0,   0,6330
08:53:23,1826,  84,1533, 62,1096,1201,  1275,  25,   0,   0,6348
08:53:34,1815,  87,1579, 62,1108,1227,  1280,  25,   0,   0,6368
08:53:44,1818,  87,1581, 63,1111,1234,  1285,  25,   0,   0,6386
08:53:54,1803,  89,1604, 63,1126,1267,  1285,  25,   0,   0,6406
08:54:04,1826,  84,1533, 61,1093,1194,  1290,  25,   0,   0,6422
08:54:14,1838,  82,1507, 61,1085,1177,  1295,  25,   0,   0,6441
08:54:24,1824,  84,1532, 61,1093,1194,  1295,  25,   0,   0,6459
08:54:34,1832,  81,1483, 61,1082,1170,  1300,  25,   0,   0,6475
08:54:44,1824,  84,1532, 61,1093,1194,  1305,  25,   0,   0,6494
08:54:54,1832,  82,1502, 61,1079,1164,  1305,  25,   0,   0,6514
08:55:04,1829,  84,1536, 61,1099,1207,  1310,  25,   0,   0,6532
08:55:14,1835,  82,1504, 61,1079,1164,  1315,  25,   0,   0,6549
08:55:24,1824,  84,1532, 61,1093,1194,  1315,  25,   0,   0,6567
08:55:34,1835,  81,1486, 61,1076,1157,  1320,  25,   0,   0,6584
08:55:44,1821,  84,1529, 61,1090,1188,  1320,  25,   0,   0,6603
08:55:54,1826,  84,1533, 61,1093,1194,  1325,  25,   0,   0,6621
08:56:04,1824,  84,1532, 61,1093,1194,  1330,  25,   0,   0,6638
08:56:14,1821,  84,1529, 61,1093,1194,  1330,  25,   0,   0,6655
08:56:24,1829,  84,1536, 61,1096,1201,  1335,  25,   0,   0,6673
08:56:34,1832,  84,1538, 61,1093,1194,  1340,  25,   0,   0,6690
08:56:44,1832,  81,1483, 61,1076,1157,  1340,  25,   0,   0,6710
08:56:54,1838,  81,1488, 61,1076,1157,  1345,  25,   0,   0,6730
08:57:04,1826,  85,1552, 61,1099,1207,  1350,  25,   0,   0,6748
08:57:14,1829,  84,1536, 61,1099,1207,  1350,  25,   0,   0,6768
08:57:24,1832,  84,1538, 61,1096,1201,  1355,  25,   0,   0,6788
08:57:34,1841,  82,1509, 61,1076,1157,  1360,  25,   0,   0,6808
08:57:44,1829,  84,1536, 61,1096,1201,  1360,  25,   0,   0,6828
08:57:54,1826,  84,1533, 61,1096,1201,  1365,  25,   0,   0,6848
08:58:04,1838,  81,1488, 61,1076,1157,  1370,  25,   0,   0,6867
08:58:14,1826,  84,1533, 61,1096,1201,  1370,  25,   0,   0,6887
08:58:24,1826,  84,1533, 61,1093,1194,  1375,  25,   0,   0,6907
08:58:34,1826,  84,1533, 61,1096,1201,  1380,  25,   0,   0,6927
08:58:44,1826,  84,1533, 61,1093,1194,  1380,  25,   0,   0,6947
08:58:54,1838,  82,1507, 61,1082,1170,  1385,  25,   0,   0,6966
08:59:04,1829,  84,1536, 61,1102,1214,  1390,  25,   0,   0,6986
08:59:14,1829,  84,1536, 61,1099,1207,  1390,  25,   0,   0,7004
08:59:24,1826,  84,1533, 61,1096,1201,  1395,  25,   0,   0,7023
08:59:34,1829,  84,1536, 61,1093,1194,  1400,  25,   0,   0,7040
08:59:44,1824,  84,1532, 61,1093,1194,  1400,  25,   0,   0,7058
08:59:54,1841,  82,1509, 61,1082,1170,  1405,  25,   0,   0,7078
09:00:04,1826,  84,1533, 61,1096,1201,  1410,  25,   0,   0,7097
09:00:14,1824,  84,1532, 61,1093,1194,  1410,  25,   0,   0,7115
09:00:24,1844,  81,1493, 61,1079,1164,  1415,  25,   0,   0,7135
09:00:34,1829,  84,1536, 61,1099,1207,  1420,  25,   0,   0,7155
09:00:44,1829,  84,1536, 61,1099,1207,  1420,  25,   0,   0,7175
09:00:54,1835,  85,1559, 61,1102,1214,  1425,  25,   0,   0,7195
09:01:04,1832,  84,1538, 61,1099,1207,  1430,  25,   0,   0,7215
09:01:14,1841,  81,1491, 61,1085,1177,  1430,  25,   0,   0,7235
09:01:24,1838,  81,1488, 61,1082,1170,  1435,  25,   0,   0,7255
09:01:34,1835,  85,1559, 61,1099,1207,  1440,  25,   0,   0,7275
09:01:44,1844,  81,1493, 61,1085,1177,  1440,  25,   0,   0,7295
09:01:54,1847,  81,1496, 61,1079,1164,  1445,  25,   0,   0,7315
09:02:04,1838,  85,1562, 61,1099,1207,  1450,  25,   0,   0,7335
09:02:14,1838,  84,1543, 61,1099,1207,  1450,  25,   0,   0,7355
09:02:24,1835,  84,1541, 61,1099,1207,  1455,  25,   0,   0,7375
09:02:34,1824,  87,1586, 62,1117,1247,  1460,  25,   0,   0,7393
09:02:44,1824,  87,1586, 62,1117,1247,  1460,  25,   0,   0,7412
09:02:54,1832,  84,1538, 61,1105,1221,  1465,  25,   0,   0,7432
09:03:04,1832,  84,1538, 61,1102,1214,  1470,  25,   0,   0,7452
09:03:14,1829,  84,1536, 61,1099,1207,  1470,  25,   0,   0,7472
09:03:24,1835,  84,1541, 61,1102,1214,  1475,  25,   0,   0,7491
09:03:34,1832,  84,1538, 61,1102,1214,  1480,  25,   0,   0,7511
09:03:44,1838,  84,1543, 61,1102,1214,  1480,  25,   0,   0,7531
09:03:54,1838,  84,1543, 61,1102,1214,  1485,  25,   0,   0,7551
09:04:04,1835,  84,1541, 61,1099,1207,  1490,  25,   0,   0,7569
09:04:14,1832,  84,1538, 61,1096,1201,  1490,  25,   0,   0,7589
09:04:24,1832,  84,1538, 61,1096,1201,  1495,  25,   0,   0,7609
09:04:34,1832,  84,1538, 61,1102,1214,  1500,  25,   0,   0,7629
09:04:44,1835,  84,1541, 61,1102,1214,  1505,  25,   0,   0,7649
09:04:54,1832,  84,1538, 61,1099,1207,  1505,  25,   0,   0,7669
09:05:04,1832,  83,1520, 61,1096,1201,  1510,  25,   0,   0,7689
09:05:14,1829,  84,1536, 61,1102,1214,  1515,  25,   0,   0,7709
09:05:24,1826,  83,1515, 61,1090,1188,  1515,  25,   0,   0,7729
09:05:34,1782,  85,1514, 63,1087,1181,  1520,  25,   0,   0,7745
09:05:44,1656,  81,1341, 65,1032,1065,  1520,  25,   0,   0,7762
09:05:54,1530,  78,1193, 65, 961, 923,  1525,  26,   0,   0,7780
09:06:04,1448,  74,1071, 65, 906, 820,  1525,  26,   0,   0,7800
09:06:34,1,0,0,0,0,0,0
09:06:59,1,0,0,0,0,0,0

