time,VIn,AIn,PIn,PWM,VOut,POut,EnProd,CNT1,CNT2,CNT3,CNT4
07:53:52,0,0,0,0,0,0,0
07:53:52,1,0,0,0,0,0,0
07:53:59,1800,  78,1404, 62,1076,1157,     0,   1,   0,   0,  13
07:54:09,1794,  78,1399, 61,1076,1157,     5,   1,   0,   0,  32
07:54:19,1797,  78,1401, 61,1079,1164,     5,   1,   0,   0,  51
07:54:29,1815,  76,1379, 60,1064,1132,    10,   1,   0,   0,  66
07:54:39,1809,  75,1356, 60,1064,1132,    10,   1,   0,   0,  80
07:54:49,1809,  76,1374, 60,1058,1119,    15,   1,   0,   0,  91
07:54:59,1821,  76,1383, 60,1067,1138,    20,   1,   0,   0, 110
07:55:09,1780,  83,1477, 64,1108,1227,    20,   1,   0,   0, 128
07:55:19,1788,  81,1448, 63,1093,1194,    25,   1,   0,   0, 145
07:55:29,1821,  76,1383, 61,1076,1157,    30,   1,   0,   0, 165
07:55:39,1832,  76,1392, 60,1076,1157,    30,   1,   0,   0, 183
07:55:49,1844,  77,1419, 60,1085,1177,    35,   1,   0,   0, 202
07:55:59,1841,  77,1417, 60,1087,1181,    40,   1,   0,   0, 221
07:56:09,1841,  76,1399, 60,1087,1181,    40,   1,   0,   0, 241
07:56:19,1829,  83,1518, 62,1120,1254,    45,   1,   0,   0, 260
07:56:29,1859,  77,1431, 60,1090,1188,    50,   1,   0,   0, 274
07:56:39,1824,  82,1495, 63,1117,1247,    50,   1,   0,   0, 293
07:56:49,1765,  89,1570, 66,1152,1327,    55,   1,   0,   0, 312
07:56:59,1797,  84,1509, 64,1120,1254,    60,   1,   0,   0, 324
07:57:09,1788,  84,1501, 64,1114,1240,    60,   1,   0,   0, 344
07:57:19,1774,  87,1543, 65,1129,1274,    65,   1,   0,   0, 362
07:57:29,1809,  82,1483, 62,1108,1227,    70,   1,   0,   0, 378
07:57:39,1821,  79,1438, 62,1093,1194,    75,   1,   0,   0, 397
07:57:49,1835,  76,1394, 61,1076,1157,    75,   1,   0,   0, 416
07:57:59,1824,  79,1440, 62,1090,1188,    80,   1,   0,   0, 435
07:58:10,1803,  81,1460, 64,1105,1221,    80,   1,   0,   0, 453
07:58:20,1768,  86,1520, 65,1126,1267,    85,   1,   2,   0, 471
07:58:30,1782,  87,1550, 65,1131,1279,    90,   1,   2,   0, 488
07:58:40,1777,  90,1599, 67,1158,1340,    95,   2,   2,   0, 507
07:58:50,1744,  95,1656, 70,1175,1380,    95,   4,   2,   0, 525
07:59:00,1736,  97,1683, 70,1184,1401,   100,   4,   2,   0, 544
07:59:10,1727,  97,1675, 71,1178,1387,   105,   4,   2,   0, 559
07:59:20,1724,  97,1672, 70,1187,1408,   110,   4,   2,   0, 577
07:59:30,1747,  98,1712, 70,1202,1444,   110,   4,   2,   0, 596
07:59:40,1782, 100,1782, 70,1219,1485,   115,   4,   2,   0, 616
07:59:50,1803,  98,1766, 69,1219,1485,   120,   4,   2,   0, 633
08:00:00,1818,  95,1727, 68,1202,1444,   125,   4,   2,   0, 652
08:00:10,1800,  98,1764, 69,1208,1459,   130,   4,   2,   0, 664
08:00:20,1797,  98,1761, 69,1205,1452,   130,   4,   2,   0, 682
08:00:30,1777, 100,1777, 71,1222,1493,   135,   4,   2,   0, 698
08:00:40,1774, 100,1774, 70,1217,1481,   140,   4,   2,   0, 714
08:00:50,1774, 100,1774, 70,1219,1485,   145,   4,   2,   0, 734
08:01:00,1777, 100,1777, 70,1217,1481,   150,   4,   2,   0, 754
08:01:10,1780, 100,1780, 71,1219,1485,   155,   4,   2,   0, 773
08:01:20,1777, 100,1777, 71,1219,1485,   155,   4,   2,   0, 793
08:01:30,1762, 100,1762, 70,1211,1466,   160,   4,   2,   0, 812
08:01:40,1759,  96,1688, 69,1184,1401,   165,   4,   2,   0, 828
08:01:50,1724, 100,1724, 71,1202,1444,   170,   4,   2,   0, 845
08:02:00,1730, 101,1747, 71,1208,1459,   175,   4,   2,   0, 864
08:02:10,1712, 100,1712, 72,1196,1430,   175,   4,   2,   0, 879
08:02:20,1615, 104,1679, 76,1187,1408,   180,   4,   2,   0, 898
08:02:30,1580, 105,1659, 76,1178,1387,   185,   4,   2,   0, 916
08:02:40,1668, 101,1684, 72,1190,1416,   190,   4,   2,   0, 935
08:02:50,1674, 101,1690, 73,1187,1408,   190,   4,   2,   0, 951
08:03:00,1689,  99,1672, 72,1178,1387,   195,   4,   2,   0, 967
08:03:10,1583, 102,1614, 75,1161,1347,   200,   4,   2,   0, 985
08:03:20,1595, 103,1642, 75,1170,1368,   205,   4,   2,   0,1000
08:03:30,1662, 100,1662, 73,1178,1387,   210,   4,   2,   0,1018
08:03:40,1662, 100,1662, 72,1181,1394,   210,   4,   2,   0,1033
08:03:50,1706,  96,1637, 70,1170,1368,   215,   4,   2,   0,1050
08:04:00,1677,  98,1643, 71,1170,1368,   220,   4,   2,   0,1065
08:04:10,1700,  96,1632, 71,1164,1354,   225,   4,   2,   0,1079
08:04:20,1683,  98,1649, 71,1170,1368,   225,   4,   2,   0,1096
08:04:30,1718,  97,1666, 71,1184,1401,   230,   4,   2,   0,1112
08:04:40,1721,  97,1669, 70,1175,1380,   235,   4,   2,   0,1128
08:04:50,1709,  96,1640, 70,1173,1375,   240,   4,   2,   0,1148
08:05:00,1718,  97,1666, 70,1178,1387,   240,   4,   2,   0,1159
08:05:10,1703,  96,1634, 71,1167,1361,   245,   4,   2,   0,1177
08:05:20,1674,  98,1640, 72,1167,1361,   250,   4,   2,   0,1197
08:05:30,1712,  96,1643, 70,1175,1380,   255,   4,   2,   0,1213
08:05:40,1706,  99,1688, 72,1190,1416,   255,   4,   2,   0,1232
08:05:50,1718, 100,1718, 72,1199,1437,   260,   4,   2,   0,1250
08:06:00,1724, 101,1741, 72,1205,1452,   265,   4,   2,   0,1267
08:06:10,1736,  98,1701, 70,1190,1416,   270,   4,   2,   0,1285
08:06:20,1756,  96,1685, 70,1184,1401,   275,   4,   2,   0,1302
08:06:30,1762,  96,1691, 68,1187,1408,   275,   4,   2,   0,1312
08:06:40,1721, 100,1721, 71,1202,1444,   280,   4,   2,   0,1331
08:06:50,1712, 100,1712, 71,1196,1430,   285,   4,   2,   0,1350
08:07:00,1727,  98,1692, 71,1184,1401,   290,   4,   2,   0,1370
08:07:10,1733,  98,1698, 70,1187,1408,   295,   4,   2,   0,1389
08:07:20,1736,  98,1701, 70,1187,1408,   295,   4,   2,   0,1403
08:07:30,1756,  96,1685, 69,1181,1394,   300,   4,   2,   0,1421
08:07:40,1750,  96,1680, 69,1178,1387,   305,   4,   2,   0,1437
08:07:50,1730,  98,1695, 70,1184,1401,   310,   4,   2,   0,1457
08:08:00,1724,  98,1689, 71,1184,1401,   310,   4,   2,   0,1477
08:08:10,1712, 100,1712, 72,1196,1430,   315,   4,   2,   0,1496
08:08:20,1736,  98,1701, 70,1190,1416,   320,   4,   2,   0,1513
08:08:30,1706, 100,1706, 72,1193,1423,   325,   4,   2,   0,1528
08:08:40,1703, 100,1703, 72,1187,1408,   330,   4,   2,   0,1547
08:08:50,1718,  97,1666, 70,1178,1387,   330,   4,   2,   0,1563
08:09:00,1724,  98,1689, 70,1184,1401,   335,   4,   2,   0,1579
08:09:10,1706, 100,1706, 72,1190,1416,   340,   4,   2,   0,1598
08:09:20,1730,  98,1695, 70,1190,1416,   345,   4,   2,   0,1614
08:09:30,1730,  98,1695, 70,1184,1401,   345,   4,   2,   0,1632
08:09:40,1736,  98,1701, 70,1190,1416,   350,   5,   2,   0,1650
08:09:51,1712, 100,1712, 71,1196,1430,   355,   5,   2,   0,1669
08:10:01,1730,  98,1695, 70,1187,1408,   360,   5,   2,   0,1681
08:10:11,1706, 100,1706, 71,1193,1423,   365,   5,   2,   0,1697
08:10:21,1739,  95,1652, 70,1173,1375,   365,   5,   2,   0,1712
08:10:31,1730,  98,1695, 70,1187,1408,   370,   5,   2,   0,1731
08:10:41,1733,  98,1698, 70,1187,1408,   375,   5,   2,   0,1748
08:10:51,1739,  98,1704, 70,1196,1430,   380,   5,   2,   0,1767
08:11:01,1774,  93,1649, 69,1173,1375,   385,   5,   2,   0,1784
08:11:11,1771,  93,1647, 69,1173,1375,   385,   5,   2,   0,1797
08:11:21,1762,  96,1691, 68,1184,1401,   390,   6,   2,   0,1814
08:11:31,1762,  96,1691, 68,1184,1401,   395,   6,   2,   0,1833
08:11:41,1762,  96,1691, 68,1190,1416,   400,   6,   2,   0,1853
08:11:51,1747,  99,1729, 70,1199,1437,   400,   6,   2,   0,1870
08:12:01,1750, 100,1750, 70,1205,1452,   405,   6,   2,   0,1882
08:12:11,1771,  97,1717, 69,1193,1423,   410,   6,   2,   0,1900
08:12:21,1753,  99,1735, 70,1205,1452,   415,   6,   2,   0,1916
08:12:31,1715, 104,1783, 72,1219,1485,   420,   6,   2,   0,1933
08:12:41,1762,  96,1691, 68,1187,1408,   420,   6,   2,   0,1949
08:12:51,1759,  96,1688, 69,1190,1416,   425,   6,   2,   0,1964
08:13:01,1762,  96,1691, 68,1184,1401,   430,   6,   2,   0,1983
08:13:11,1759,  96,1688, 68,1187,1408,   435,   6,   2,   0,2001
08:13:21,1765,  96,1694, 69,1190,1416,   440,   6,   2,   0,2018
08:13:31,1768,  96,1697, 69,1190,1416,   440,   6,   2,   0,2035
08:13:41,1768,  96,1697, 70,1190,1416,   445,   6,   2,   0,2053
08:13:51,1744,  99,1726, 70,1196,1430,   450,   6,   2,   0,2068
08:14:01,1712, 104,1780, 72,1217,1481,   455,   6,   2,   0,2085
08:14:11,1744,  99,1726, 70,1202,1444,   460,   6,   2,   0,2100
08:14:21,1741,  99,1723, 71,1196,1430,   460,   6,   2,   0,2119
08:14:31,1712, 104,1780, 74,1217,1481,   465,   6,   2,   0,2136
08:14:41,1730, 101,1747, 72,1208,1459,   470,   6,   2,   0,2144
08:14:51,1756,  96,1685, 69,1184,1401,   475,   6,   2,   0,2160
08:15:01,1756,  96,1685, 70,1181,1394,   480,   6,   2,   0,2179
08:15:11,1736,  99,1718, 70,1193,1423,   480,   6,   2,   0,2196
08:15:21,1753,  96,1682, 69,1181,1394,   485,   6,   2,   0,2215
08:15:31,1753,  96,1682, 68,1181,1394,   490,   6,   2,   0,2233
08:15:41,1750,  96,1680, 68,1181,1394,   495,   6,   2,   0,2253
08:15:51,1750,  96,1680, 68,1178,1387,   495,   6,   2,   0,2272
08:16:01,1721, 101,1738, 72,1202,1444,   500,   6,   2,   0,2292
08:16:11,1659, 108,1791, 76,1219,1485,   505,   6,   2,   0,2311
08:16:21,1659, 108,1791, 75,1217,1481,   510,   6,   2,   0,2326
08:16:31,1683, 105,1767, 74,1214,1473,   515,   6,   2,   0,2345
08:16:41,1662, 108,1794, 75,1219,1485,   515,   6,   2,   0,2363
08:16:51,1697, 103,1747, 73,1205,1452,   520,   6,   2,   0,2380
08:17:01,1730,  98,1695, 70,1187,1408,   525,   6,   2,   0,2397
08:17:11,1706, 100,1706, 72,1193,1423,   530,   6,   2,   0,2414
08:17:21,1721,  98,1686, 70,1181,1394,   535,   6,   2,   0,2432
08:17:31,1721,  98,1686, 70,1181,1394,   535,   6,   2,   0,2447
08:17:41,1744,  95,1656, 70,1175,1380,   540,   6,   2,   0,2467
08:17:51,1733,  98,1698, 70,1187,1408,   545,   6,   2,   0,2487
08:18:01,1744,  96,1674, 68,1178,1387,   550,   8,   2,   0,2500
08:18:11,1741,  95,1653, 69,1175,1380,   555,   9,   2,   0,2517
08:18:21,1709, 100,1709, 71,1193,1423,   555,  11,   2,   0,2534
08:18:31,1712, 100,1712, 72,1193,1423,   560,  11,   2,   0,2553
08:18:41,1709, 100,1709, 71,1193,1423,   565,  11,   2,   0,2572
08:18:51,1712,  97,1660, 70,1175,1380,   570,  11,   2,   0,2592
08:19:01,1668, 102,1701, 73,1184,1401,   570,  11,   2,   0,2609
08:19:11,1648, 103,1697, 74,1187,1408,   575,  11,   2,   0,2627
08:19:21,1715,  97,1663, 70,1173,1375,   580,  11,   2,   0,2642
08:19:31,1718,  98,1683, 70,1178,1387,   585,  11,   2,   0,2662
08:19:41,1703, 100,1703, 72,1193,1423,   590,  11,   2,   0,2680
08:19:51,1668, 105,1751, 75,1205,1452,   590,  11,   2,   0,2697
08:20:01,1604, 107,1716, 77,1196,1430,   595,  11,   2,   0,2715
08:20:11,1492, 109,1626, 80,1167,1361,   600,  11,   2,   0,2734
08:20:21,1609, 108,1737, 76,1205,1452,   605,  11,   2,   0,2747
08:20:31,1624, 109,1770, 76,1214,1473,   610,  11,   2,   0,2765
08:20:41,1639, 106,1737, 76,1205,1452,   610,  11,   2,   0,2782
08:20:51,1571, 109,1712, 78,1196,1430,   615,  11,   2,   0,2800
08:21:01,1607, 111,1783, 78,1219,1485,   620,  11,   2,   0,2818
08:21:12,1662, 108,1794, 75,1222,1493,   625,  11,   2,   0,2831
08:21:22,1692, 106,1793, 75,1222,1493,   630,  11,   2,   0,2848
08:21:32,1744,  99,1726, 71,1196,1430,   630,  11,   2,   0,2867
08:21:42,1750,  99,1732, 70,1199,1437,   635,  11,   2,   0,2886
08:21:52,1747,  99,1729, 70,1199,1437,   640,  11,   2,   0,2903
08:22:02,1744,  99,1726, 70,1199,1437,   645,  11,   2,   0,2920
08:22:12,1744,  99,1726, 70,1199,1437,   650,  11,   2,   0,2938
08:22:22,1765,  96,1694, 69,1187,1408,   650,  11,   2,   0,2957
08:22:32,1777,  94,1670, 69,1178,1387,   655,  11,   2,   0,2976
08:22:42,1765,  96,1694, 69,1184,1401,   660,  11,   2,   0,2995
08:22:52,1762,  96,1691, 70,1184,1401,   665,  11,   2,   0,3013
08:23:02,1747,  99,1729, 70,1199,1437,   670,  11,   2,   0,3030
08:23:12,1747,  99,1729, 71,1199,1437,   670,  11,   2,   0,3041
08:23:22,1762,  96,1691, 69,1187,1408,   675,  11,   2,   0,3054
08:23:32,1765,  96,1694, 69,1187,1408,   680,  11,   2,   0,3074
08:23:42,1750,  99,1732, 70,1202,1444,   685,  11,   2,   0,3094
08:23:52,1750,  99,1732, 70,1199,1437,   685,  11,   2,   0,3112
08:24:02,1750, 100,1750, 70,1202,1444,   690,  11,   2,   0,3129
08:24:12,1718, 104,1786, 73,1222,1493,   695,  11,   2,   0,3147
08:24:22,1665, 112,1864, 76,1243,1545,   700,  11,   2,   0,3165
08:24:32,1683, 110,1851, 76,1237,1530,   705,  11,   2,   0,3182
08:24:42,1665, 112,1864, 76,1240,1537,   710,  11,   2,   0,3200
08:24:52,1639, 114,1868, 78,1249,1560,   710,  11,   2,   0,3219
08:25:02,1703, 107,1822, 75,1231,1515,   715,  11,   2,   0,3233
08:25:12,1733, 102,1767, 71,1214,1473,   720,  11,   2,   0,3248
08:25:22,1777,  94,1670, 69,1175,1380,   725,  11,   2,   0,3267
08:25:32,1780,  94,1673, 69,1173,1375,   730,  11,   2,   0,3282
08:25:42,1777,  94,1670, 69,1175,1380,   730,  11,   2,   0,3297
08:25:52,1774,  94,1667, 69,1178,1387,   735,  11,   2,   0,3310
08:26:02,1759,  96,1688, 69,1187,1408,   740,  11,   2,   0,3323
08:26:12,1736, 102,1770, 72,1214,1473,   745,  11,   2,   0,3340
08:26:22,1695, 106,1796, 75,1225,1500,   750,  11,   2,   0,3359
08:26:32,1680, 109,1831, 75,1234,1522,   750,  11,   2,   0,3378
08:26:42,1680, 110,1848, 76,1237,1530,   755,  11,   2,   0,3395
08:26:52,1680, 109,1831, 76,1234,1522,   760,  11,   2,   0,3412
08:27:02,1718, 105,1803, 72,1225,1500,   765,  11,   2,   0,3430
08:27:12,1762,  96,1691, 69,1190,1416,   770,  11,   2,   0,3448
08:27:22,1777,  94,1670, 69,1175,1380,   775,  11,   2,   0,3464
08:27:32,1777,  94,1670, 69,1175,1380,   775,  11,   2,   0,3478
08:27:42,1771,  93,1647, 69,1173,1375,   780,  11,   2,   0,3492
08:27:52,1771,  93,1647, 69,1170,1368,   785,  11,   2,   0,3504
08:28:02,1756,  96,1685, 69,1187,1408,   790,  11,   2,   0,3518
08:28:12,1762,  96,1691, 69,1184,1401,   790,  11,   2,   0,3529
08:28:22,1774,  93,1649, 69,1173,1375,   795,  11,   2,   0,3544
08:28:32,1756,  96,1685, 69,1184,1401,   800,  11,   2,   0,3561
08:28:42,1774,  94,1667, 69,1175,1380,   805,  11,   2,   0,3573
08:28:52,1759,  96,1688, 69,1184,1401,   805,  11,   2,   0,3588
08:29:02,1771,  93,1647, 69,1173,1375,   810,  11,   2,   0,3599
08:29:12,1771,  94,1664, 69,1175,1380,   815,  11,   2,   0,3611
08:29:22,1771,  93,1647, 69,1170,1368,   820,  11,   2,   0,3628
08:29:32,1771,  93,1647, 69,1175,1380,   825,  11,   2,   0,3643
08:29:42,1771,  93,1647, 69,1173,1375,   825,  11,   2,   0,3657
08:29:52,1765,  96,1694, 69,1184,1401,   830,  11,   2,   0,3671
08:30:02,1759,  95,1671, 69,1184,1401,   835,  13,   2,   0,3684
08:30:12,1759,  96,1688, 69,1181,1394,   840,  15,   2,   0,3697
08:30:22,1756,  96,1685, 69,1187,1408,   840,  18,   2,   0,3708
08:30:32,1753,  95,1665, 70,1184,1401,   845,  22,   2,   0,3719
08:30:42,1756,  96,1685, 69,1187,1408,   850,  22,   2,   0,3738
08:30:52,1759,  95,1671, 69,1181,1394,   855,  23,   2,   0,3751
08:31:02,1774,  93,1649, 69,1173,1375,   860,  23,   2,   0,3768
08:31:12,1771,  93,1647, 69,1173,1375,   860,  25,   2,   0,3784
08:31:22,1762,  96,1691, 68,1187,1408,   865,  26,   2,   0,3800
08:31:32,1756,  95,1668, 69,1184,1401,   870,  29,   2,   0,3813
08:31:42,1762,  95,1673, 69,1184,1401,   875,  30,   2,   0,3829
08:31:52,1756,  95,1668, 69,1187,1408,   875,  32,   2,   0,3844
08:32:02,1750,  98,1715, 71,1199,1437,   880,  32,   2,   0,3862
08:32:13,1747,  98,1712, 71,1196,1430,   885,  35,   2,   0,3878
08:32:23,1715, 104,1783, 73,1222,1493,   890,  35,   2,   0,3895
08:32:33,1733, 101,1750, 71,1214,1473,   895,  35,   2,   0,3910
08:32:43,1750,  99,1732, 70,1202,1444,   895,  37,   2,   0,3925
08:32:53,1759,  96,1688, 69,1184,1401,   900,  37,   2,   0,3943
08:33:03,1759,  96,1688, 69,1184,1401,   905,  37,   2,   0,3962
08:33:13,1741,  98,1706, 70,1196,1430,   910,  38,   2,   0,3980
08:33:23,1744,  98,1709, 71,1199,1437,   915,  39,   2,   0,3997
08:33:33,1736, 101,1753, 71,1211,1466,   915,  39,   2,   0,4016
08:33:43,1744,  98,1709, 70,1196,1430,   920,  39,   2,   0,4028
08:33:53,1730, 101,1747, 72,1205,1452,   925,  39,   2,   0,4046
08:34:03,1718, 104,1786, 72,1222,1493,   930,  39,   2,   0,4065
08:34:13,1744,  98,1709, 71,1196,1430,   935,  39,   2,   0,4085
08:34:23,1744,  98,1709, 71,1196,1430,   935,  39,   2,   0,4104
08:34:33,1753,  96,1682, 70,1184,1401,   940,  39,   2,   0,4120
08:34:43,1730, 101,1747, 71,1208,1459,   945,  39,   2,   0,4135
08:34:53,1733, 101,1750, 71,1211,1466,   950,  39,   2,   0,4154
08:35:03,1715, 103,1766, 73,1219,1485,   955,  39,   2,   0,4174
08:35:13,1741,  98,1706, 71,1196,1430,   955,  39,   2,   0,4193
08:35:23,1744,  98,1709, 71,1196,1430,   960,  39,   2,   0,4213
08:35:33,1727, 101,1744, 71,1208,1459,   965,  39,   2,   0,4232
08:35:43,1756,  95,1668, 70,1184,1401,   970,  40,   2,   0,4248
08:35:53,1736,  98,1701, 70,1193,1423,   975,  42,   2,   0,4264
08:36:03,1741,  98,1706, 70,1193,1423,   975,  42,   2,   0,4283
08:36:13,1741,  98,1706, 70,1193,1423,   980,  42,   2,   0,4303
08:36:23,1741,  98,1706, 71,1196,1430,   985,  42,   2,   0,4320
08:36:33,1727, 101,1744, 72,1205,1452,   990,  44,   2,   0,4338
08:36:43,1739,  98,1704, 71,1190,1416,   995,  44,   2,   0,4358
08:36:53,1741,  98,1706, 71,1196,1430,   995,  44,   2,   0,4377
08:37:03,1727, 101,1744, 71,1208,1459,  1000,  44,   2,   0,4397
08:37:13,1736,  98,1701, 71,1190,1416,  1005,  44,   2,   0,4416
08:37:23,1724, 100,1724, 72,1202,1444,  1010,  44,   2,   0,4435
08:37:33,1695, 106,1796, 74,1228,1507,  1015,  44,   2,   0,4451
08:37:43,1739,  98,1704, 70,1193,1423,  1015,  44,   2,   0,4468
08:37:53,1736,  98,1701, 70,1193,1423,  1020,  44,   2,   0,4487
08:38:03,1741,  98,1706, 70,1196,1430,  1025,  44,   2,   0,4505
08:38:13,1736,  98,1701, 70,1190,1416,  1030,  44,   2,   0,4525
08:38:23,1736,  98,1701, 70,1190,1416,  1035,  44,   2,   0,4545
08:38:33,1733,  98,1698, 70,1187,1408,  1035,  44,   2,   0,4562
08:38:43,1736,  98,1701, 71,1187,1408,  1040,  44,   2,   0,4577
08:38:53,1739,  98,1704, 71,1190,1416,  1045,  44,   2,   0,4597
08:39:03,1703, 103,1754, 73,1211,1466,  1050,  44,   2,   0,4614
08:39:13,1709, 103,1760, 73,1214,1473,  1055,  44,   2,   0,4633
08:39:23,1739,  98,1704, 70,1196,1430,  1055,  44,   2,   0,4652
08:39:33,1739,  98,1704, 70,1193,1423,  1060,  44,   2,   0,4672
08:39:43,1736,  98,1701, 70,1193,1423,  1065,  44,   2,   0,4690
08:39:53,1733,  98,1698, 70,1187,1408,  1070,  44,   2,   0,4708
08:40:03,1712, 103,1763, 73,1217,1481,  1075,  44,   2,   0,4727
08:40:13,1706, 103,1757, 73,1214,1473,  1075,  44,   2,   0,4746
08:40:23,1724, 100,1724, 72,1202,1444,  1080,  44,   2,   0,4764
08:40:33,1677, 108,1811, 75,1231,1515,  1085,  44,   2,   0,4782
08:40:43,1680, 108,1814, 75,1237,1530,  1090,  44,   2,   0,4800
08:40:53,1695, 106,1796, 74,1225,1500,  1095,  44,   2,   0,4817
08:41:03,1712, 103,1763, 74,1214,1473,  1100,  44,   2,   0,4837
08:41:13,1683, 108,1817, 75,1234,1522,  1100,  44,   2,   0,4856
08:41:23,1624, 115,1867, 79,1252,1567,  1105,  44,   2,   0,4875
08:41:33,1642, 113,1855, 79,1246,1552,  1110,  44,   2,   0,4892
08:41:43,1659, 110,1824, 76,1237,1530,  1115,  44,   2,   0,4905
08:41:53,1659, 110,1824, 77,1240,1537,  1120,  44,   2,   0,4924
08:42:03,1683, 108,1817, 75,1237,1530,  1125,  44,   2,   0,4940
08:42:13,1683, 108,1817, 75,1237,1530,  1130,  44,   2,   0,4958
08:42:23,1686, 108,1820, 75,1234,1522,  1130,  44,   2,   0,4976
08:42:33,1686, 108,1820, 75,1240,1537,  1135,  44,   2,   0,4993
08:42:43,1671, 111,1854, 77,1249,1560,  1140,  44,   2,   0,5012
08:42:53,1645, 112,1842, 78,1249,1560,  1145,  44,   2,   0,5030
08:43:03,1665, 110,1831, 77,1246,1552,  1150,  44,   2,   0,5048
08:43:14,1668, 110,1834, 77,1240,1537,  1155,  44,   2,   0,5064
08:43:24,1653, 113,1867, 78,1252,1567,  1160,  44,   2,   0,5081
08:43:34,1665, 110,1831, 77,1243,1545,  1160,  44,   2,   0,5098
08:43:44,1665, 110,1831, 77,1243,1545,  1165,  44,   2,   0,5114
08:43:54,1718, 103,1769, 73,1217,1481,  1170,  44,   2,   0,5127
08:44:04,1741,  98,1706, 70,1199,1437,  1175,  44,   2,   0,5143
08:44:14,1730, 100,1730, 72,1205,1452,  1180,  44,   2,   0,5161
08:44:24,1744,  98,1709, 71,1199,1437,  1185,  44,   2,   0,5177
08:44:34,1733, 100,1733, 71,1211,1466,  1185,  44,   2,   0,5196
08:44:44,1736, 100,1736, 71,1205,1452,  1190,  44,   2,   0,5216
08:44:54,1733, 100,1733, 72,1205,1452,  1195,  44,   2,   0,5236
08:45:04,1741,  98,1706, 71,1193,1423,  1200,  44,   2,   0,5256
08:45:14,1700, 106,1802, 74,1228,1507,  1205,  44,   2,   0,5274
08:45:24,1715, 103,1766, 74,1222,1493,  1205,  44,   2,   0,5291
08:45:34,1744,  97,1691, 71,1196,1430,  1210,  44,   2,   0,5308
08:45:44,1744,  98,1709, 70,1193,1423,  1215,  44,   2,   0,5327
08:45:54,1744,  98,1709, 70,1199,1437,  1220,  44,   2,   0,5344
08:46:04,1730, 100,1730, 72,1208,1459,  1225,  44,   2,   0,5364
08:46:14,1683, 108,1817, 75,1234,1522,  1225,  44,   2,   0,5383
08:46:24,1651, 113,1865, 78,1252,1567,  1230,  44,   2,   0,5400
08:46:34,1648, 112,1845, 79,1249,1560,  1235,  44,   2,   0,5418
08:46:44,1630, 114,1858, 79,1255,1575,  1240,  44,   2,   0,5438
08:46:54,1633, 114,1861, 79,1255,1575,  1245,  44,   2,   0,5452
08:47:04,1648, 112,1845, 78,1255,1575,  1250,  44,   2,   0,5470
08:47:14,1651, 112,1849, 79,1249,1560,  1255,  44,   2,   0,5489
08:47:24,1671, 110,1838, 76,1246,1552,  1255,  44,   2,   0,5504
08:47:34,1712, 103,1763, 73,1219,1485,  1260,  44,   2,   0,5519
08:47:44,1744,  98,1709, 70,1193,1423,  1265,  44,   2,   0,5535
08:47:54,1739,  98,1704, 70,1193,1423,  1270,  44,   2,   0,5552
08:48:04,1744,  98,1709, 70,1193,1423,  1275,  44,   2,   0,5570
08:48:14,1741,  98,1706, 70,1196,1430,  1275,  44,   2,   0,5590
08:48:24,1741,  98,1706, 70,1193,1423,  1280,  44,   2,   0,5608
08:48:34,1741,  97,1688, 70,1196,1430,  1285,  44,   2,   0,5627
08:48:44,1744,  98,1709, 70,1193,1423,  1290,  44,   2,   0,5647
08:48:54,1741,  97,1688, 70,1193,1423,  1295,  44,   2,   0,5666
08:49:04,1724, 100,1724, 72,1202,1444,  1295,  44,   2,   0,5683
08:49:14,1730, 100,1730, 72,1202,1444,  1300,  44,   2,   0,5702
08:49:24,1727, 100,1727, 72,1208,1459,  1305,  44,   2,   0,5720
08:49:34,1741,  97,1688, 71,1193,1423,  1310,  44,   2,   0,5735
08:49:44,1741,  97,1688, 71,1190,1416,  1315,  44,   2,   0,5755
08:49:54,1724, 100,1724, 71,1205,1452,  1315,  44,   2,   0,5774
08:50:04,1739,  97,1686, 71,1190,1416,  1320,  44,   2,   0,5794
08:50:14,1741,  98,1706, 70,1196,1430,  1325,  44,   2,   0,5813
08:50:24,1724, 100,1724, 72,1205,1452,  1330,  44,   2,   0,5832
08:50:34,1730, 100,1730, 72,1202,1444,  1335,  44,   2,   0,5850
08:50:44,1712, 103,1763, 73,1219,1485,  1335,  44,   2,   0,5869
08:50:54,1739,  97,1686, 70,1193,1423,  1340,  44,   2,   0,5887
08:51:04,1741,  98,1706, 70,1196,1430,  1345,  44,   2,   0,5906
08:51:14,1712, 102,1746, 74,1214,1473,  1350,  44,   2,   0,5926
08:51:24,1739,  97,1686, 70,1196,1430,  1355,  44,   2,   0,5944
08:51:34,1706, 102,1740, 73,1214,1473,  1360,  44,   2,   0,5964
08:51:44,1665, 110,1831, 76,1240,1537,  1360,  44,   2,   0,5983
08:51:54,1662, 110,1828, 77,1240,1537,  1365,  44,   2,   0,5996
08:52:04,1662, 110,1828, 77,1243,1545,  1370,  44,   2,   0,6012
08:52:14,1692, 105,1776, 74,1222,1493,  1375,  44,   2,   0,6027
08:52:24,1741,  97,1688, 70,1193,1423,  1380,  44,   2,   0,6044
08:52:34,1712, 103,1763, 72,1211,1466,  1385,  44,   2,   0,6064
08:52:44,1741,  97,1688, 70,1196,1430,  1385,  44,   2,   0,6080
08:52:54,1739,  98,1704, 70,1196,1430,  1390,  44,   2,   0,6092
08:53:04,1739,  98,1704, 70,1196,1430,  1395,  44,   2,   0,6109
08:53:14,1739,  98,1704, 70,1190,1416,  1400,  44,   2,   0,6123
08:53:24,1741,  97,1688, 70,1193,1423,  1400,  44,   2,   0,6137
08:53:34,1739,  97,1686, 70,1190,1416,  1405,  44,   2,   0,6151
08:53:44,1741,  97,1688, 70,1196,1430,  1410,  44,   2,   0,6168
08:53:54,1744,  98,1709, 70,1196,1430,  1415,  44,   2,   0,6187
08:54:04,1744,  98,1709, 70,1190,1416,  1420,  44,   2,   0,6204
08:54:14,1736,  97,1683, 70,1193,1423,  1420,  44,   2,   0,6222
08:54:24,1736,  97,1683, 70,1193,1423,  1425,  44,   2,   0,6237
08:54:34,1739,  97,1686, 70,1196,1430,  1430,  44,   2,   0,6255
08:54:44,1741,  98,1706, 70,1199,1437,  1435,  44,   2,   0,6274
08:54:54,1741,  97,1688, 70,1196,1430,  1440,  44,   2,   0,6291
08:55:05,1741,  98,1706, 70,1196,1430,  1440,  44,   2,   0,6310
08:55:15,1741,  97,1688, 70,1190,1416,  1445,  44,   2,   0,6330
08:55:25,1741,  97,1688, 70,1190,1416,  1450,  44,   2,   0,6348
08:55:35,1741,  97,1688, 70,1190,1416,  1455,  44,   2,   0,6366
08:55:45,1747,  98,1712, 70,1196,1430,  1460,  44,   2,   0,6386
08:55:55,1741,  98,1706, 70,1193,1423,  1460,  44,   2,   0,6403
08:56:05,1744,  97,1691, 70,1193,1423,  1465,  44,   2,   0,6421
08:56:15,1747,  98,1712, 70,1193,1423,  1470,  44,   2,   0,6441
08:56:25,1744,  97,1691, 70,1190,1416,  1475,  44,   2,   0,6459
08:56:35,1741,  97,1688, 70,1196,1430,  1480,  44,   2,   0,6476
08:56:45,1744,  97,1691, 70,1190,1416,  1480,  44,   2,   0,6493
08:56:55,1739,  98,1704, 70,1199,1437,  1485,  44,   2,   0,6511
08:57:05,1739,  98,1704, 70,1196,1430,  1490,  44,   2,   0,6526
08:57:15,1741,  97,1688, 70,1190,1416,  1495,  44,   2,   0,6539
08:57:25,1739,  97,1686, 70,1196,1430,  1495,  44,   2,   0,6553
08:57:35,1741,  98,1706, 70,1196,1430,  1500,  44,   2,   0,6572
08:57:45,1739,  97,1686, 70,1193,1423,  1505,  44,   2,   0,6586
08:57:55,1736,  97,1683, 70,1190,1416,  1510,  44,   2,   0,6602
08:58:05,1739,  97,1686, 70,1193,1423,  1515,  44,   2,   0,6614
08:58:15,1739,  97,1686, 70,1187,1408,  1515,  44,   2,   0,6628
08:58:25,1736,  97,1683, 70,1190,1416,  1520,  44,   2,   0,6644
08:58:35,1739,  97,1686, 70,1190,1416,  1525,  44,   2,   0,6658
08:58:45,1733,  97,1681, 70,1190,1416,  1530,  44,   2,   0,6674
08:58:55,1736,  97,1683, 70,1193,1423,  1535,  44,   2,   0,6689
08:59:05,1739,  97,1686, 70,1193,1423,  1535,  44,   2,   0,6700
08:59:15,1739,  97,1686, 70,1187,1408,  1540,  44,   2,   0,6714
08:59:25,1721, 100,1721, 72,1205,1452,  1545,  44,   2,   0,6731
08:59:35,1695, 104,1762, 74,1219,1485,  1550,  44,   2,   0,6747
08:59:45,1677, 108,1811, 75,1234,1522,  1555,  44,   2,   0,6766
08:59:55,1677, 107,1794, 76,1228,1507,  1555,  44,   2,   0,6785
09:00:05,1659, 110,1824, 76,1240,1537,  1560,  44,   2,   0,6805
09:00:15,1709, 102,1743, 73,1214,1473,  1565,  44,   2,   0,6822
09:00:25,1739,  97,1686, 70,1193,1423,  1570,  44,   2,   0,6835
09:00:35,1741,  97,1688, 70,1193,1423,  1575,  44,   2,   0,6854
09:00:45,1727, 100,1727, 72,1202,1444,  1575,  44,   2,   0,6873
09:00:55,1741,  97,1688, 71,1190,1416,  1580,  44,   2,   0,6891
09:01:05,1730, 100,1730, 72,1202,1444,  1585,  44,   2,   0,6910
09:01:15,1695, 105,1779, 74,1222,1493,  1590,  44,   2,   0,6927
09:01:25,1715, 102,1749, 73,1214,1473,  1595,  44,   2,   0,6940
09:01:35,1741,  97,1688, 70,1190,1416,  1600,  44,   2,   0,6956
09:01:45,1741,  97,1688, 70,1190,1416,  1600,  44,   2,   0,6975
09:01:55,1741,  97,1688, 70,1190,1416,  1605,  44,   2,   0,6994
09:02:05,1739,  97,1686, 70,1187,1408,  1610,  44,   2,   0,7013
09:02:15,1712, 102,1746, 73,1214,1473,  1615,  44,   2,   0,7031
09:02:25,1709, 102,1743, 73,1217,1481,  1620,  44,   2,   0,7050
09:02:35,1736,  97,1683, 71,1190,1416,  1620,  44,   2,   0,7066
09:02:45,1736,  97,1683, 71,1193,1423,  1625,  44,   2,   0,7084
09:02:55,1724, 100,1724, 71,1205,1452,  1630,  44,   2,   0,7103
09:03:05,1724, 100,1724, 71,1202,1444,  1635,  44,   2,   0,7122
09:03:15,1736,  97,1683, 71,1193,1423,  1635,  44,   2,   0,7142
09:03:25,1739,  97,1686, 70,1196,1430,  1640,  44,   2,   0,7162
09:03:35,1706, 102,1740, 73,1211,1466,  1645,  44,   2,   0,7182
09:03:45,1724, 100,1724, 72,1199,1437,  1650,  44,   2,   0,7200
09:03:55,1721, 100,1721, 72,1199,1437,  1655,  44,   2,   0,7217
09:04:05,1724, 100,1724, 71,1202,1444,  1655,  44,   2,   0,7236
09:04:15,1739,  97,1686, 71,1187,1408,  1660,  44,   2,   0,7255
09:04:25,1733,  97,1681, 71,1187,1408,  1665,  44,   2,   0,7274
09:04:35,1724,  99,1706, 71,1199,1437,  1670,  44,   2,   0,7294
09:04:45,1733,  97,1681, 71,1190,1416,  1675,  44,   2,   0,7313
09:04:55,1718, 100,1718, 71,1196,1430,  1675,  44,   2,   0,7331
09:05:05,1724,  96,1655, 71,1187,1408,  1680,  44,   2,   0,7349
09:05:15,1727,  97,1675, 70,1187,1408,  1685,  44,   2,   0,7369
09:05:25,1730,  96,1660, 70,1181,1394,  1690,  44,   2,   0,7387
09:05:35,1674,  96,1607, 72,1167,1361,  1695,  44,   2,   0,7406
09:05:45,1527,  93,1420, 74,1096,1201,  1695,  44,   2,   0,7426
09:05:55,1466,  89,1304, 74,1049,1100,  1700,  44,   2,   0,7446
09:06:05,1401,  85,1190, 74,1000,1000,  1700,  44,   2,   0,7466
09:06:15,1331,  80,1064, 74, 956, 913,  1705,  44,   2,   0,7486
09:06:25,1275,  76, 969, 74, 909, 826,  1705,  44,   2,   0,7506
09:06:49,1,0,0,0,0,0,0
09:07:18,1,0,0,0,0,0,0
09:07:44,1,0,0,0,0,0,0
09:08:10,1,0,0,0,0,0,0
09:08:35,1,0,0,0,0,0,0
09:09:01,1,0,0,0,0,0,0
09:09:26,1,0,0,0,0,0,0
09:09:52,1,0,0,0,0,0,0
09:10:17,1,0,0,0,0,0,0
09:10:43,1,0,0,0,0,0,0
09:11:08,1,0,0,0,0,0,0
09:11:34,1,0,0,0,0,0,0
09:11:59,1,0,0,0,0,0,0
09:12:25,1,0,0,0,0,0,0
09:12:50,1,0,0,0,0,0,0
09:13:16,1,0,0,0,0,0,0
09:13:41,1,0,0,0,0,0,0
09:14:07,1,0,0,0,0,0,0
09:14:32,1,0,0,0,0,0,0
09:14:58,1,0,0,0,0,0,0
09:15:23,1,0,0,0,0,0,0
09:15:49,1,0,0,0,0,0,0
09:16:14,1,0,0,0,0,0,0
09:16:40,1,0,0,0,0,0,0
09:17:05,1,0,0,0,0,0,0
09:17:31,1,0,0,0,0,0,0
09:17:56,1,0,0,0,0,0,0
09:18:22,1,0,0,0,0,0,0
09:18:47,1,0,0,0,0,0,0
09:19:13,1,0,0,0,0,0,0
09:19:38,1,0,0,0,0,0,0
09:20:05,1,0,0,0,0,0,0
09:20:30,1,0,0,0,0,0,0
09:20:56,1,0,0,0,0,0,0
09:21:21,1,0,0,0,0,0,0
09:21:47,1,0,0,0,0,0,0
09:22:12,1,0,0,0,0,0,0
09:22:22,1803,  81,1460, 63,1099,1207,  1715,  52,   6,   0,7910
09:22:32,1806,  81,1462, 63,1099,1207,  1720,  52,   6,   0,7929
09:22:42,1794,  84,1506, 64,1111,1234,  1725,  52,   6,   0,7946
09:22:52,1818,  79,1436, 62,1087,1181,  1725,  52,   6,   0,7960
09:23:02,1803,  81,1460, 63,1105,1221,  1730,  52,   6,   0,7977
09:23:12,1788,  84,1501, 64,1123,1261,  1735,  52,   6,   0,7994
09:23:22,1818,  79,1436, 61,1085,1177,  1735,  52,   6,   0,8009
09:23:32,1826,  76,1387, 61,1067,1138,  1740,  52,   6,   0,8022
09:23:42,1815,  78,1415, 61,1090,1188,  1745,  52,   6,   0,8036
09:23:52,1829,  76,1390, 61,1076,1157,  1745,  52,   6,   0,8053
09:24:02,1826,  76,1387, 61,1070,1144,  1750,  52,   6,   0,8071
09:24:12,1826,  76,1387, 61,1073,1151,  1755,  52,   6,   0,8090
09:24:22,1824,  76,1386, 61,1073,1151,  1755,  52,   6,   0,8107
09:24:32,1826,  76,1387, 61,1076,1157,  1760,  52,   6,   0,8125
09:24:42,1824,  76,1386, 61,1073,1151,  1765,  52,   6,   0,8142
09:24:52,1824,  75,1368, 61,1073,1151,  1765,  52,   6,   0,8158
09:25:02,1824,  76,1386, 61,1076,1157,  1770,  52,   6,   0,8174
09:25:12,1829,  76,1390, 61,1079,1164,  1775,  52,   6,   0,8192
09:25:22,1824,  76,1386, 61,1076,1157,  1775,  52,   6,   0,8212
09:25:32,1829,  76,1390, 61,1079,1164,  1780,  52,   6,   0,8232
09:25:42,1835,  76,1394, 61,1073,1151,  1785,  52,   6,   0,8252
09:25:52,1832,  76,1392, 61,1073,1151,  1785,  52,   6,   0,8272
09:26:02,1832,  76,1392, 61,1079,1164,  1790,  52,   6,   0,8292
09:26:12,1821,  79,1438, 61,1096,1201,  1795,  52,   6,   0,8311
09:26:22,1818,  79,1436, 61,1090,1188,  1795,  52,   6,   0,8331
09:26:32,1824,  79,1440, 61,1093,1194,  1800,  52,   6,   0,8351
09:26:42,1826,  79,1442, 61,1096,1201,  1805,  52,   6,   0,8371
09:26:52,1826,  79,1442, 61,1093,1194,  1805,  52,   6,   0,8391
09:27:02,1826,  79,1442, 61,1090,1188,  1810,  52,   6,   0,8411
09:27:12,1826,  79,1442, 61,1096,1201,  1815,  52,   6,   0,8431
09:27:22,1829,  79,1444, 61,1093,1194,  1815,  52,   6,   0,8451
09:27:32,1826,  79,1442, 61,1099,1207,  1820,  52,   6,   0,8471
09:27:42,1815,  82,1488, 63,1108,1227,  1825,  52,   6,   0,8490
09:27:52,1829,  79,1444, 61,1093,1194,  1825,  52,   6,   0,8509
09:28:02,1824,  79,1440, 62,1096,1201,  1830,  52,   6,   0,8529
09:28:12,1829,  79,1444, 61,1090,1188,  1835,  52,   6,   0,8549
09:28:22,1812,  81,1467, 63,1114,1240,  1835,  52,   6,   0,8568
09:28:32,1826,  79,1442, 62,1096,1201,  1840,  52,   6,   0,8588
09:28:42,1826,  79,1442, 61,1096,1201,  1845,  52,   6,   0,8608
09:28:52,1824,  79,1440, 61,1096,1201,  1845,  52,   6,   0,8628
09:29:02,1826,  79,1442, 61,1093,1194,  1850,  52,   6,   0,8648
09:29:12,1826,  79,1442, 62,1090,1188,  1855,  52,   6,   0,8667
09:29:22,1818,  81,1472, 63,1111,1234,  1855,  52,   6,   0,8686
09:29:32,1818,  81,1472, 63,1108,1227,  1860,  52,   6,   0,8705
09:29:42,1812,  81,1467, 62,1111,1234,  1865,  52,   6,   0,8723
09:29:52,1803,  84,1514, 64,1126,1267,  1865,  52,   6,   0,8743
09:30:02,1806,  84,1517, 64,1123,1261,  1870,  52,   6,   0,8761
09:30:12,1818,  82,1490, 63,1111,1234,  1875,  52,   6,   0,8779
09:30:22,1821,  81,1475, 63,1111,1234,  1875,  52,   6,   0,8796
09:30:32,1809,  85,1537, 63,1129,1274,  1880,  52,   6,   0,8813
09:30:42,1818,  82,1490, 63,1111,1234,  1885,  52,   6,   0,8833
09:30:52,1826,  79,1442, 61,1099,1207,  1885,  52,   6,   0,8851
09:31:02,1818,  81,1472, 63,1117,1247,  1890,  52,   6,   0,8866
09:31:12,1824,  79,1440, 61,1096,1201,  1895,  52,   6,   0,8882
09:31:22,1829,  79,1444, 62,1096,1201,  1895,  52,   6,   0,8895
09:31:32,1826,  79,1442, 62,1099,1207,  1900,  52,   6,   0,8912
09:31:42,1832,  79,1447, 61,1090,1188,  1905,  52,   6,   0,8932
09:31:52,1829,  79,1444, 61,1099,1207,  1910,  52,   6,   0,8944
09:32:02,1821,  82,1493, 63,1111,1234,  1910,  52,   6,   0,8961
09:32:13,1832,  79,1447, 62,1093,1194,  1915,  52,   6,   0,8978
09:32:23,1803,  85,1532, 64,1129,1274,  1920,  52,   6,   0,8993
09:32:33,1829,  79,1444, 61,1093,1194,  1920,  52,   6,   0,9009
09:32:43,1826,  79,1442, 62,1099,1207,  1925,  52,   6,   0,9026
09:32:53,1829,  79,1444, 61,1102,1214,  1930,  52,   6,   0,9040
09:33:03,1832,  79,1447, 61,1093,1194,  1930,  52,   6,   0,9058
09:33:13,1829,  79,1444, 61,1102,1214,  1935,  52,   6,   0,9072
09:33:23,1829,  79,1444, 61,1099,1207,  1940,  52,   6,   0,9086
09:33:33,1826,  79,1442, 61,1099,1207,  1940,  52,   6,   0,9103
09:33:43,1832,  79,1447, 61,1099,1207,  1945,  52,   6,   0,9121
09:33:53,1824,  82,1495, 63,1114,1240,  1945,  53,   7,   0,9139
09:34:03,1829,  79,1444, 62,1099,1207,  1950,  53,   7,   0,9157
09:34:13,1829,  79,1444, 62,1099,1207,  1955,  53,   7,   0,9177
09:34:23,1806,  85,1535, 64,1126,1267,  1960,  53,   7,   0,9197
09:34:33,1818,  82,1490, 63,1117,1247,  1960,  53,   7,   0,9214
09:34:43,1821,  82,1493, 63,1114,1240,  1965,  53,   7,   0,9234
09:34:53,1832,  79,1447, 62,1096,1201,  1970,  53,   7,   0,9252
09:35:03,1818,  81,1472, 63,1114,1240,  1970,  53,   7,   0,9269
09:35:13,1829,  79,1444, 62,1096,1201,  1975,  53,   7,   0,9287
09:35:23,1826,  79,1442, 62,1099,1207,  1980,  53,   7,   0,9307
09:35:33,1782,  91,1621, 66,1158,1340,  1980,  53,   7,   0,9327
09:35:43,1794,  87,1560, 65,1140,1299,  1985,  53,   7,   0,9345
09:35:53,1826,  79,1442, 62,1099,1207,  1990,  53,   7,   0,9361
09:36:03,1838,  76,1396, 61,1085,1177,  1990,  53,   7,   0,9381
09:36:13,1838,  76,1396, 61,1082,1170,  1995,  53,   7,   0,9401
09:36:23,1844,  76,1401, 61,1079,1164,  2000,  53,   7,   0,9421
09:36:33,1841,  76,1399, 61,1076,1157,  2000,  53,   7,   0,9441
09:36:43,1838,  76,1396, 61,1082,1170,  2005,  53,   7,   0,9461
09:36:53,1832,  76,1392, 61,1079,1164,  2010,  53,   7,   0,9481
09:37:03,1832,  76,1392, 61,1079,1164,  2010,  53,   7,   0,9500
09:37:13,1835,  76,1394, 61,1082,1170,  2015,  53,   7,   0,9520
09:37:23,1835,  76,1394, 61,1079,1164,  2020,  53,   7,   0,9540
09:37:33,1838,  76,1396, 61,1076,1157,  2020,  53,   7,   0,9560
09:37:43,1841,  76,1399, 61,1079,1164,  2025,  53,   7,   0,9580
09:37:53,1838,  76,1396, 61,1076,1157,  2030,  53,   7,   0,9600
09:38:03,1841,  76,1399, 61,1076,1157,  2030,  53,   7,   0,9620
09:38:13,1835,  76,1394, 61,1076,1157,  2035,  53,   7,   0,9640
09:38:23,1835,  76,1394, 61,1082,1170,  2035,  53,   7,   0,9660
09:38:33,1838,  76,1396, 61,1079,1164,  2040,  53,   7,   0,9679
09:38:43,1841,  76,1399, 61,1079,1164,  2045,  53,   7,   0,9698
09:38:53,1841,  76,1399, 61,1076,1157,  2045,  53,   7,   0,9716
09:39:03,1832,  76,1392, 61,1079,1164,  2050,  53,   7,   0,9734
09:39:13,1835,  76,1394, 61,1079,1164,  2055,  53,   7,   0,9754
09:39:23,1832,  76,1392, 61,1082,1170,  2055,  53,   7,   0,9772
09:39:33,1838,  76,1396, 61,1079,1164,  2060,  53,   7,   0,9792
09:39:43,1832,  76,1392, 61,1073,1151,  2065,  53,   7,   0,9812
09:39:53,1835,  76,1394, 61,1076,1157,  2065,  53,   7,   0,9832
09:40:03,1832,  76,1392, 61,1079,1164,  2070,  53,   7,   0,9851
09:40:13,1824,  79,1440, 61,1090,1188,  2075,  53,   7,   0,9867
09:40:23,1835,  76,1394, 61,1082,1170,  2075,  53,   7,   0,9883
09:40:33,1835,  76,1394, 61,1076,1157,  2080,  53,   7,   0,9900
09:40:43,1832,  76,1392, 61,1076,1157,  2085,  53,   7,   0,9916
09:40:53,1832,  76,1392, 61,1079,1164,  2085,  53,   7,   0,9934
09:41:03,1829,  76,1390, 61,1076,1157,  2090,  53,   7,   0,9951
09:41:13,1832,  76,1392, 61,1079,1164,  2090,  53,   7,   0,9969
09:41:23,1835,  76,1394, 61,1073,1151,  2095,  53,   7,   0,9984
09:41:33,1829,  76,1390, 61,1076,1157,  2100,  53,   7,   0,10000
09:41:43,1835,  76,1394, 61,1076,1157,  2100,  53,   7,   0,10018
09:41:53,1835,  76,1394, 61,1076,1157,  2105,  53,   7,   0,10034
09:42:03,1821,  78,1420, 61,1093,1194,  2110,  53,   7,   0,10051
09:42:13,1821,  79,1438, 61,1087,1181,  2110,  53,   7,   0,10068
09:42:23,1829,  76,1390, 61,1079,1164,  2115,  53,   7,   0,10083
09:42:33,1838,  76,1396, 61,1076,1157,  2120,  53,   7,   0,10100
09:42:43,1824,  79,1440, 61,1087,1181,  2120,  53,   7,   0,10117
09:42:53,1829,  76,1390, 61,1076,1157,  2125,  53,   7,   0,10134
09:43:03,1829,  76,1390, 61,1079,1164,  2130,  53,   7,   0,10151
09:43:13,1826,  76,1387, 61,1076,1157,  2130,  53,   7,   0,10168
09:43:23,1829,  76,1390, 61,1079,1164,  2135,  53,   7,   0,10184
09:43:33,1832,  76,1392, 61,1073,1151,  2140,  53,   7,   0,10200
09:43:43,1824,  79,1440, 61,1090,1188,  2140,  53,   7,   0,10214
09:43:53,1835,  76,1394, 61,1073,1151,  2145,  53,   7,   0,10232
09:44:03,1832,  76,1392, 61,1079,1164,  2145,  53,   7,   0,10249
09:44:13,1832,  76,1392, 61,1076,1157,  2150,  53,   7,   0,10263
09:44:23,1821,  78,1420, 61,1093,1194,  2155,  53,   7,   0,10274
09:44:33,1829,  76,1390, 61,1079,1164,  2155,  53,   7,   0,10290
09:44:44,1821,  78,1420, 61,1093,1194,  2160,  53,   7,   0,10308
09:44:54,1832,  76,1392, 61,1073,1151,  2165,  53,   7,   0,10324
09:45:04,1824,  76,1386, 61,1073,1151,  2165,  53,   7,   0,10339
09:45:14,1821,  78,1420, 61,1090,1188,  2170,  53,   7,   0,10352
09:45:24,1829,  76,1390, 61,1073,1151,  2175,  53,   7,   0,10366
09:45:34,1821,  78,1420, 61,1087,1181,  2175,  53,   7,   0,10378
09:45:44,1826,  76,1387, 61,1079,1164,  2180,  53,   7,   0,10393
09:45:54,1829,  76,1390, 61,1079,1164,  2185,  53,   7,   0,10406
09:46:04,1829,  76,1390, 61,1076,1157,  2185,  53,   7,   0,10420
09:46:14,1832,  76,1392, 61,1079,1164,  2190,  53,   7,   0,10434
09:46:24,1832,  76,1392, 61,1073,1151,  2195,  53,   7,   0,10451
09:46:34,1824,  79,1440, 61,1093,1194,  2195,  53,   7,   0,10466
09:46:44,1832,  76,1392, 61,1076,1157,  2200,  53,   7,   0,10481
09:46:54,1832,  76,1392, 61,1073,1151,  2200,  53,   7,   0,10495
09:47:04,1826,  76,1387, 61,1076,1157,  2205,  53,   7,   0,10510
09:47:14,1818,  78,1418, 62,1087,1181,  2210,  53,   7,   0,10526
09:47:24,1815,  81,1470, 63,1105,1221,  2210,  53,   7,   0,10545
09:47:34,1812,  81,1467, 63,1108,1227,  2215,  53,   7,   0,10559
09:47:44,1818,  78,1418, 62,1093,1194,  2220,  53,   7,   0,10577
09:47:54,1809,  81,1465, 63,1111,1234,  2220,  53,   7,   0,10596
09:48:04,1812,  81,1467, 63,1105,1221,  2225,  53,   7,   0,10616
09:48:14,1824,  79,1440, 62,1090,1188,  2230,  53,   7,   0,10635
09:48:24,1803,  84,1514, 64,1123,1261,  2230,  53,   7,   0,10649
09:48:34,1785,  87,1552, 65,1137,1292,  2235,  53,   7,   0,10664
09:48:44,1803,  84,1514, 64,1123,1261,  2240,  53,   7,   0,10680
09:48:54,1791,  87,1558, 65,1137,1292,  2245,  53,   7,   0,10700
09:49:04,1832,  76,1392, 61,1079,1164,  2245,  53,   7,   0,10720
09:49:14,1800,  84,1512, 64,1129,1274,  2250,  53,   7,   0,10739
09:49:24,1794,  87,1560, 65,1140,1299,  2255,  53,   7,   0,10758
09:49:34,1800,  84,1512, 64,1120,1254,  2255,  53,   7,   0,10771
09:49:44,1791,  87,1558, 65,1140,1299,  2260,  53,   7,   0,10791
09:49:54,1788,  87,1555, 65,1140,1299,  2265,  53,   7,   0,10811
09:50:04,1797,  84,1509, 64,1123,1261,  2270,  53,   7,   0,10824
09:50:14,1826,  79,1442, 62,1096,1201,  2270,  53,   7,   0,10844
09:50:24,1818,  79,1436, 62,1096,1201,  2275,  53,   7,   0,10864
09:50:34,1780,  90,1602, 66,1152,1327,  2280,  53,   7,   0,10884
09:50:44,1739,  98,1704, 70,1193,1423,  2280,  53,   7,   0,10903
09:50:54,1759,  95,1671, 70,1178,1387,  2285,  53,   7,   0,10922
09:51:04,1750,  95,1662, 69,1184,1401,  2290,  53,   7,   0,10937
09:51:14,1739,  98,1704, 70,1196,1430,  2295,  53,   7,   0,10953
09:51:24,1741,  98,1706, 70,1190,1416,  2295,  53,   7,   0,10972
09:51:34,1780,  90,1602, 67,1155,1334,  2300,  53,   7,   0,10987
09:51:44,1762,  92,1621, 68,1167,1361,  2305,  53,   7,   0,11007
09:51:54,1739,  98,1704, 70,1187,1408,  2310,  53,   7,   0,11025
09:52:04,1709, 103,1760, 73,1217,1481,  2315,  55,   7,   0,11042
09:52:14,1695, 106,1796, 75,1225,1500,  2315,  55,   7,   0,11060
09:52:24,1689, 105,1773, 75,1222,1493,  2320,  55,   7,   0,11079
09:52:34,1709, 103,1760, 74,1219,1485,  2325,  55,   7,   0,11097
09:52:44,1692, 106,1793, 74,1222,1493,  2330,  55,   7,   0,11117
09:52:54,1692, 106,1793, 74,1222,1493,  2335,  55,   7,   0,11136
09:53:04,1697, 106,1798, 75,1222,1493,  2340,  55,   7,   0,11152
09:53:14,1692, 106,1793, 75,1225,1500,  2340,  55,   7,   0,11169
09:53:24,1677, 108,1811, 76,1231,1515,  2345,  55,   7,   0,11185
09:53:34,1656, 110,1821, 77,1237,1530,  2350,  55,   7,   0,11202
09:53:44,1656, 110,1821, 77,1237,1530,  2355,  55,   7,   0,11217
09:53:54,1639, 112,1835, 77,1237,1530,  2360,  55,   7,   0,11236
09:54:04,1692, 106,1793, 75,1222,1493,  2365,  55,   7,   0,11254
09:54:14,1680, 108,1814, 75,1234,1522,  2365,  55,   7,   0,11267
09:54:24,1677, 108,1811, 75,1228,1507,  2370,  55,   7,   0,11285
09:54:34,1642, 112,1839, 78,1246,1552,  2375,  55,   7,   0,11304
09:54:44,1677, 108,1811, 75,1225,1500,  2380,  55,   7,   0,11321
09:54:54,1671, 108,1804, 76,1225,1500,  2385,  55,   7,   0,11340
09:55:04,1636, 112,1832, 78,1240,1537,  2390,  55,   7,   0,11357
09:55:14,1677, 108,1811, 76,1231,1515,  2390,  55,   7,   0,11373
09:55:24,1692, 106,1793, 74,1225,1500,  2395,  55,   7,   0,11392
09:55:34,1680, 108,1814, 75,1231,1515,  2400,  55,   7,   0,11409
09:55:44,1697, 106,1798, 74,1222,1493,  2405,  55,   7,   0,11427
09:55:54,1715, 103,1766, 74,1219,1485,  2410,  55,   7,   0,11446
09:56:04,1697, 106,1798, 74,1222,1493,  2415,  55,   7,   0,11466
09:56:14,1697, 106,1798, 75,1219,1485,  2415,  55,   7,   0,11485
09:56:24,1695, 106,1796, 74,1222,1493,  2420,  55,   7,   0,11503
09:56:34,1677, 108,1811, 75,1231,1515,  2425,  55,   7,   0,11519
09:56:44,1680, 108,1814, 76,1234,1522,  2430,  55,   7,   0,11537
09:56:54,1642, 113,1855, 78,1246,1552,  2435,  55,   7,   0,11557
09:57:05,1612, 114,1837, 79,1240,1537,  2440,  55,   7,   0,11570
09:57:15,1618, 114,1844, 78,1246,1552,  2445,  55,   7,   0,11584
09:57:25,1677, 108,1811, 76,1228,1507,  2445,  55,   7,   0,11600
09:57:35,1700, 106,1802, 75,1228,1507,  2450,  55,   7,   0,11615
09:57:45,1680, 108,1814, 75,1231,1515,  2455,  55,   7,   0,11634
09:57:55,1680, 108,1814, 75,1237,1530,  2460,  55,   7,   0,11653
09:58:05,1695, 106,1796, 75,1219,1485,  2465,  55,   7,   0,11672
09:58:15,1695, 106,1796, 74,1225,1500,  2470,  55,   7,   0,11690
09:58:25,1680, 108,1814, 76,1231,1515,  2470,  55,   7,   0,11707
09:58:35,1674, 108,1807, 75,1231,1515,  2475,  55,   7,   0,11725
09:58:45,1709, 103,1760, 74,1214,1473,  2480,  55,   7,   0,11738
09:58:55,1695, 105,1779, 74,1222,1493,  2485,  55,   7,   0,11751
09:59:05,1715, 103,1766, 74,1214,1473,  2490,  55,   7,   0,11765
09:59:15,1712, 103,1763, 74,1214,1473,  2495,  55,   7,   0,11781
09:59:25,1715, 103,1766, 74,1214,1473,  2495,  55,   7,   0,11794
09:59:35,1709, 103,1760, 74,1217,1481,  2500,  55,   7,   0,11813
09:59:45,1715, 103,1766, 74,1214,1473,  2505,  55,   7,   0,11826
09:59:55,1709, 103,1760, 74,1211,1466,  2510,  55,   7,   0,11842
10:00:05,1709, 103,1760, 74,1217,1481,  2515,  55,   7,   0,11858
10:00:15,1715, 103,1766, 74,1217,1481,  2515,  55,   7,   0,11874
10:00:25,1715, 103,1766, 74,1214,1473,  2520,  55,   7,   0,11889
10:00:35,1700, 106,1802, 74,1228,1507,  2525,  55,   7,   0,11908
10:00:45,1712, 103,1763, 74,1217,1481,  2530,  55,   7,   0,11926
10:00:55,1709, 103,1760, 74,1219,1485,  2535,  55,   7,   0,11941
10:01:05,1712, 103,1763, 74,1214,1473,  2540,  55,   7,   0,11957
10:01:15,1712, 103,1763, 74,1214,1473,  2540,  55,   7,   0,11973
10:01:25,1709, 103,1760, 74,1217,1481,  2545,  55,   7,   0,11989
10:01:35,1695, 106,1796, 74,1228,1507,  2550,  55,   7,   0,12003
10:01:45,1709, 103,1760, 74,1214,1473,  2555,  55,   7,   0,12019
10:01:55,1715, 103,1766, 74,1214,1473,  2560,  55,   7,   0,12036
10:02:05,1712, 103,1763, 74,1217,1481,  2565,  55,   7,   0,12051
10:02:15,1709, 103,1760, 74,1217,1481,  2565,  55,   7,   0,12066
10:02:25,1712, 103,1763, 74,1214,1473,  2570,  55,   7,   0,12083
10:02:35,1715, 103,1766, 74,1214,1473,  2575,  55,   7,   0,12098
10:02:45,1712, 103,1763, 74,1217,1481,  2580,  55,   7,   0,12115
10:02:55,1718, 103,1769, 74,1214,1473,  2585,  55,   7,   0,12133
10:03:05,1715, 103,1766, 74,1217,1481,  2585,  55,   7,   0,12151
10:03:15,1697, 106,1798, 74,1228,1507,  2590,  55,   7,   0,12165
10:03:25,1712, 103,1763, 74,1214,1473,  2595,  55,   7,   0,12181
10:03:35,1709, 103,1760, 74,1219,1485,  2600,  55,   7,   0,12196
10:03:45,1712, 103,1763, 74,1211,1466,  2605,  55,   7,   0,12213
10:03:55,1697, 106,1798, 74,1222,1493,  2610,  55,   7,   0,12231
10:04:05,1709, 103,1760, 74,1219,1485,  2610,  55,   7,   0,12248
10:04:15,1712, 103,1763, 74,1217,1481,  2615,  55,   7,   0,12268
10:04:25,1718, 103,1769, 74,1217,1481,  2620,  55,   7,   0,12282
10:04:35,1712, 103,1763, 74,1214,1473,  2625,  55,   7,   0,12296
10:04:45,1715, 103,1766, 74,1214,1473,  2630,  55,   7,   0,12308
10:04:55,1712, 103,1763, 74,1214,1473,  2630,  55,   7,   0,12322
10:05:05,1715, 103,1766, 74,1219,1485,  2635,  55,   7,   0,12337
10:05:15,1709, 103,1760, 74,1214,1473,  2640,  55,   7,   0,12351
10:05:25,1706, 103,1757, 74,1214,1473,  2645,  55,   7,   0,12364
10:05:35,1715, 103,1766, 74,1214,1473,  2650,  55,   7,   0,12380
10:05:45,1715, 103,1766, 74,1214,1473,  2655,  55,   7,   0,12396
10:05:55,1715, 104,1783, 73,1219,1485,  2655,  55,   7,   0,12411
10:06:05,1712, 103,1763, 74,1217,1481,  2660,  55,   7,   0,12425
10:06:15,1712, 103,1763, 74,1214,1473,  2665,  55,   7,   0,12441
10:06:25,1715, 103,1766, 74,1217,1481,  2670,  55,   7,   0,12461
10:06:35,1715, 103,1766, 74,1217,1481,  2675,  55,   7,   0,12476
10:06:45,1718, 103,1769, 74,1217,1481,  2680,  55,   7,   0,12494
10:06:55,1715, 103,1766, 74,1214,1473,  2680,  55,   7,   0,12513
10:07:05,1715, 103,1766, 74,1214,1473,  2685,  55,   7,   0,12530
10:07:15,1692, 106,1793, 74,1222,1493,  2690,  55,   7,   0,12546
10:07:25,1712, 103,1763, 74,1217,1481,  2695,  55,   7,   0,12562
10:07:35,1712, 103,1763, 74,1219,1485,  2700,  55,   7,   0,12577
10:07:45,1712, 104,1780, 73,1219,1485,  2700,  55,   7,   0,12593
10:07:55,1706, 103,1757, 74,1219,1485,  2705,  55,   7,   0,12609
10:08:05,1712, 104,1780, 73,1219,1485,  2710,  55,   7,   0,12628
10:08:15,1718, 104,1786, 73,1214,1473,  2715,  55,   7,   0,12648
10:08:25,1712, 103,1763, 74,1217,1481,  2720,  55,   7,   0,12666
10:08:35,1718, 103,1769, 74,1217,1481,  2725,  55,   7,   0,12682
10:08:45,1712, 103,1763, 74,1217,1481,  2725,  55,   7,   0,12701
10:08:55,1712, 104,1780, 73,1219,1485,  2730,  55,   7,   0,12716
10:09:05,1692, 106,1793, 74,1225,1500,  2735,  55,   7,   0,12735
10:09:15,1715, 103,1766, 74,1219,1485,  2740,  55,   7,   0,12752
10:09:25,1715, 103,1766, 74,1211,1466,  2745,  55,   7,   0,12767
10:09:36,1709, 103,1760, 74,1217,1481,  2750,  55,   7,   0,12784
10:09:46,1695, 106,1796, 74,1222,1493,  2750,  55,   7,   0,12800
10:09:56,1695, 106,1796, 74,1222,1493,  2755,  55,   7,   0,12817
10:10:06,1706, 103,1757, 74,1217,1481,  2760,  55,   7,   0,12832
10:10:16,1695, 106,1796, 74,1228,1507,  2765,  55,   7,   0,12846
10:10:26,1712, 103,1763, 74,1214,1473,  2770,  55,   7,   0,12863
10:10:36,1692, 106,1793, 74,1222,1493,  2770,  55,   7,   0,12876
10:10:46,1692, 106,1793, 75,1228,1507,  2775,  55,   7,   0,12892
10:10:56,1700, 106,1802, 74,1222,1493,  2780,  55,   7,   0,12910
10:11:06,1712, 103,1763, 74,1217,1481,  2785,  55,   7,   0,12927
10:11:16,1709, 103,1760, 74,1211,1466,  2790,  55,   7,   0,12943
10:11:26,1709, 103,1760, 74,1211,1466,  2795,  55,   7,   0,12958
10:11:36,1709, 103,1760, 74,1211,1466,  2795,  55,   7,   0,12974
10:11:46,1712, 103,1763, 74,1219,1485,  2800,  55,   7,   0,12992
10:11:56,1712, 103,1763, 74,1214,1473,  2805,  55,   7,   0,13009
10:12:06,1712, 103,1763, 74,1217,1481,  2810,  55,   7,   0,13028
10:12:16,1712, 103,1763, 74,1219,1485,  2815,  55,   7,   0,13046
10:12:26,1697, 106,1798, 74,1222,1493,  2815,  55,   7,   0,13066
10:12:36,1686, 108,1820, 75,1237,1530,  2820,  55,   7,   0,13082
10:12:46,1680, 108,1814, 76,1234,1522,  2825,  55,   7,   0,13095
10:12:56,1668, 111,1851, 76,1246,1552,  2830,  55,   7,   0,13112
10:13:06,1703, 106,1805, 75,1225,1500,  2835,  55,   7,   0,13131
10:13:16,1718, 103,1769, 74,1217,1481,  2840,  55,   7,   0,13149
10:13:26,1724, 104,1792, 73,1219,1485,  2845,  55,   7,   0,13166
10:13:36,1727, 104,1796, 72,1225,1500,  2845,  55,   7,   0,13183
10:13:46,1712, 107,1831, 75,1240,1537,  2850,  55,   7,   0,13203
10:13:56,1695, 110,1864, 75,1249,1560,  2855,  55,   7,   0,13221
10:14:06,1733, 105,1819, 72,1234,1522,  2860,  55,   7,   0,13238
10:14:16,1674, 101,1690, 73,1187,1408,  2865,  55,   7,   0,13257
10:14:26,1642,  89,1461, 70,1099,1207,  2865,  55,   8,   0,13276
10:14:36,1612,  91,1466, 71,1102,1214,  2870,  55,   8,   0,13296
10:14:46,1539,  89,1369, 71,1067,1138,  2875,  55,   8,   0,13316
10:14:56,1668,  97,1617, 72,1158,1340,  2875,  55,   9,   0,13335
10:15:06,1557,  91,1416, 71,1085,1177,  2880,  55,   9,   0,13355
10:15:16,1442,  81,1168, 71, 982, 964,  2885,  55,  11,   0,13373
10:15:26,1319,  73, 962, 70, 894, 799,  2885,  55,  12,   0,13392
10:15:36,1645,  86,1414, 68,1079,1164,  2890,  55,  12,   0,13411
10:15:46,1724,  87,1499, 67,1117,1247,  2890,  55,  12,   0,13431
10:15:56,1545,  87,1344, 70,1055,1113,  2895,  55,  12,   0,13449
10:16:06,1651,  89,1469, 69,1108,1227,  2900,  55,  12,   0,13468
10:16:16,1777,  90,1599, 67,1152,1327,  2900,  55,  12,   0,13488
10:16:26,1739,  81,1408, 65,1087,1181,  2905,  55,  12,   0,13508
10:16:36,1800,  81,1458, 62,1108,1227,  2910,  55,  12,   0,13526
10:16:46,1850,  76,1406, 61,1085,1177,  2910,  55,  12,   0,13543
10:16:56,1844,  76,1401, 61,1085,1177,  2915,  55,  12,   0,13563
10:17:06,1838,  76,1396, 61,1085,1177,  2920,  55,  12,   0,13583
10:17:16,1844,  76,1401, 61,1079,1164,  2920,  55,  12,   0,13603
10:17:26,1841,  76,1399, 61,1082,1170,  2925,  55,  12,   0,13623
10:17:36,1841,  76,1399, 61,1079,1164,  2930,  55,  12,   0,13640
10:17:46,1835,  76,1394, 61,1085,1177,  2930,  55,  12,   0,13658
10:17:56,1838,  76,1396, 61,1082,1170,  2935,  55,  12,   0,13673
10:18:06,1838,  76,1396, 61,1076,1157,  2940,  55,  12,   0,13692
10:18:16,1838,  76,1396, 61,1076,1157,  2940,  55,  12,   0,13709
10:18:26,1835,  76,1394, 61,1076,1157,  2945,  55,  12,   0,13725
10:18:36,1824,  79,1440, 62,1096,1201,  2950,  55,  12,   0,13740
10:18:46,1838,  76,1396, 61,1073,1151,  2950,  55,  12,   0,13756
10:18:56,1835,  76,1394, 61,1073,1151,  2955,  55,  12,   0,13769
10:19:06,1824,  79,1440, 62,1090,1188,  2960,  55,  12,   0,13783
10:19:16,1829,  79,1444, 62,1093,1194,  2960,  55,  12,   0,13796
10:19:26,1791,  87,1558, 65,1143,1306,  2965,  55,  12,   0,13814
10:19:36,1794,  87,1560, 65,1137,1292,  2970,  55,  12,   0,13834
10:19:46,1809,  82,1483, 63,1114,1240,  2970,  55,  12,   0,13849
10:19:56,1780,  90,1602, 67,1149,1320,  2975,  55,  12,   0,13869
10:20:06,1739,  98,1704, 71,1193,1423,  2980,  55,  12,   0,13888
10:20:16,1756,  95,1668, 69,1175,1380,  2985,  55,  12,   0,13905
10:20:26,1768,  93,1644, 68,1164,1354,  2985,  55,  12,   0,13922
10:20:36,1771,  93,1647, 68,1170,1368,  2990,  55,  12,   0,13940
10:20:46,1780,  90,1602, 66,1155,1334,  2995,  55,  12,   0,13958
10:20:56,1800,  84,1512, 64,1126,1267,  3000,  55,  12,   0,13976
10:21:06,1785,  87,1552, 65,1134,1285,  3000,  55,  12,   0,13995
10:21:16,1821,  78,1420, 62,1087,1181,  3005,  55,  12,   0,14012
10:21:26,1812,  81,1467, 63,1105,1221,  3010,  55,  12,   0,14030
10:21:36,1797,  84,1509, 64,1117,1247,  3010,  55,  12,   0,14050
10:21:46,1815,  78,1415, 62,1090,1188,  3015,  55,  12,   0,14068
10:21:56,1797,  84,1509, 64,1120,1254,  3020,  55,  12,   0,14086
10:22:07,1818,  79,1436, 62,1087,1181,  3020,  55,  12,   0,14104
10:22:17,1788,  87,1555, 65,1134,1285,  3025,  55,  12,   0,14123
10:22:27,1785,  87,1552, 65,1131,1279,  3030,  55,  12,   0,14142
10:22:37,1782,  87,1550, 65,1137,1292,  3030,  55,  12,   0,14161
10:22:47,1797,  84,1509, 64,1120,1254,  3035,  55,  12,   0,14178
10:22:57,1818,  78,1418, 62,1087,1181,  3040,  55,  12,   0,14195
10:23:07,1815,  78,1415, 61,1087,1181,  3040,  55,  12,   1,14214
10:23:17,1803,  81,1460, 62,1108,1227,  3045,  55,  12,   1,14232
10:23:27,1809,  81,1465, 63,1108,1227,  3050,  55,  12,   1,14251
10:23:37,1809,  81,1465, 63,1108,1227,  3055,  55,  12,   1,14267
10:23:47,1815,  79,1433, 62,1090,1188,  3055,  55,  12,   1,14285
10:23:57,1797,  84,1509, 64,1117,1247,  3060,  55,  12,   1,14300
10:24:07,1815,  78,1415, 62,1087,1181,  3065,  55,  12,   1,14318
10:24:17,1818,  78,1418, 61,1087,1181,  3065,  55,  12,   1,14337
10:24:27,1812,  78,1413, 61,1090,1188,  3070,  55,  12,   1,14357
10:24:37,1818,  78,1418, 61,1085,1177,  3075,  55,  12,   1,14376
10:24:47,1803,  81,1460, 62,1102,1214,  3075,  55,  12,   2,14393
10:24:57,1824,  76,1386, 61,1067,1138,  3080,  55,  12,   2,14413
10:25:07,1824,  75,1368, 61,1070,1144,  3080,  55,  12,   2,14433
10:25:17,1824,  75,1368, 61,1073,1151,  3085,  55,  12,   2,14453
10:25:27,1818,  76,1381, 61,1064,1132,  3090,  55,  12,   2,14472
10:25:37,1826,  75,1369, 61,1070,1144,  3090,  55,  12,   2,14492
10:25:47,1812,  78,1413, 62,1090,1188,  3095,  55,  12,   2,14512
10:25:57,1824,  76,1386, 61,1067,1138,  3100,  55,  12,   3,14530
10:26:07,1791,  83,1486, 65,1117,1247,  3100,  55,  12,   3,14550
10:26:17,1797,  84,1509, 65,1123,1261,  3105,  55,  12,   3,14568
10:26:27,1774,  90,1596, 66,1149,1320,  3110,  55,  12,   3,14587
10:26:37,1777,  89,1581, 66,1152,1327,  3115,  55,  12,   3,14607
10:26:47,1803,  81,1460, 63,1099,1207,  3115,  55,  12,   3,14627
10:26:57,1794,  84,1506, 63,1123,1261,  3120,  55,  12,   3,14646
10:27:07,1794,  84,1506, 64,1126,1267,  3125,  55,  12,   3,14666
10:27:17,1777,  86,1528, 65,1134,1285,  3125,  55,  12,   3,14684
10:27:27,1812,  78,1413, 62,1082,1170,  3130,  55,  12,   3,14701
10:27:37,1821,  78,1420, 61,1087,1181,  3135,  55,  12,   3,14721
10:27:47,1815,  78,1415, 61,1090,1188,  3135,  55,  12,   3,14741
10:27:57,1824,  78,1422, 61,1090,1188,  3140,  55,  12,   3,14761
10:28:07,1806,  78,1408, 61,1085,1177,  3145,  55,  12,   3,14781
10:28:17,1806,  81,1462, 62,1108,1227,  3145,  55,  12,   3,14800
10:28:27,1818,  78,1418, 61,1085,1177,  3150,  55,  12,   3,14820
10:28:37,1782,  77,1372, 62,1070,1144,  3155,  55,  12,   3,14840
10:28:47,1759,  79,1389, 63,1076,1157,  3155,  55,  12,   3,14856
10:28:57,1806,  77,1390, 61,1079,1164,  3160,  55,  12,   3,14876
10:29:07,1806,  78,1408, 61,1079,1164,  3165,  55,  12,   3,14896
10:29:17,1826,  79,1442, 61,1099,1207,  3165,  55,  12,   5,14911
10:29:27,1826,  79,1442, 61,1096,1201,  3170,  55,  12,   5,14925
10:29:37,1803,  84,1514, 64,1129,1274,  3175,  55,  12,   5,14943
10:29:47,1821,  82,1493, 63,1117,1247,  3175,  55,  12,   5,14961
10:29:57,1812,  84,1522, 63,1129,1274,  3180,  55,  12,   5,14981
10:30:07,1832,  79,1447, 61,1096,1201,  3185,  55,  12,   5,14996
10:30:17,1835,  79,1449, 61,1096,1201,  3185,  55,  12,   5,15016
10:30:27,1832,  79,1447, 61,1099,1207,  3190,  55,  12,   5,15036
10:30:37,1835,  79,1449, 61,1096,1201,  3195,  55,  12,   5,15056
10:30:47,1835,  79,1449, 61,1105,1221,  3195,  55,  12,   5,15076
10:30:57,1826,  79,1442, 61,1093,1194,  3200,  55,  12,   5,15096
10:31:07,1832,  79,1447, 61,1099,1207,  3205,  55,  12,   5,15116
10:31:17,1835,  79,1449, 61,1105,1221,  3205,  55,  12,   5,15136
10:31:27,1835,  79,1449, 61,1102,1214,  3210,  55,  12,   5,15156
10:31:37,1832,  79,1447, 61,1102,1214,  3215,  55,  12,   5,15176
10:31:47,1797,  81,1455, 63,1096,1201,  3215,  55,  12,   5,15196
10:31:57,1785,  83,1481, 63,1111,1234,  3220,  55,  12,   5,15214
10:32:07,1818,  82,1490, 63,1108,1227,  3225,  55,  12,   5,15231
10:32:17,1838,  79,1452, 62,1105,1221,  3225,  55,  12,   5,15250
10:32:27,1774,  79,1401, 62,1079,1164,  3230,  55,  12,   5,15268
10:32:37,1762,  79,1391, 63,1073,1151,  3235,  55,  12,   5,15286
10:32:47,1689,  80,1351, 64,1055,1113,  3235,  56,  12,   5,15305
10:32:57,1633,  77,1257, 64,1014,1028,  3240,  56,  12,   5,15325
10:33:07,1507,  76,1145, 66, 970, 940,  3240,  56,  12,   5,15345
10:33:17,1806,  85,1535, 64,1129,1274,  3245,  57,  12,   5,15364
10:33:27,1785,  87,1552, 66,1140,1299,  3250,  57,  12,   5,15383
10:33:37,1821,  82,1493, 63,1114,1240,  3255,  57,  12,   5,15401
10:33:47,1829,  79,1444, 61,1093,1194,  3255,  57,  12,   5,15417
10:33:57,1782,  80,1425, 63,1090,1188,  3260,  58,  12,   5,15436
10:34:07,1791,  84,1504, 64,1117,1247,  3265,  58,  12,   5,15455
10:34:17,1797,  81,1455, 64,1099,1207,  3265,  58,  12,   5,15469
10:34:43,1,0,0,0,0,0,0
10:34:53,1832,  79,1447, 62,1099,1207,  3270,  58,  13,   5,15498
10:35:03,1847,  79,1459, 62,1108,1227,  3275,  58,  13,   5,15513
10:35:13,1812,  85,1540, 65,1131,1279,  3275,  58,  13,   5,15532
10:35:23,1850,  80,1480, 62,1111,1234,  3280,  58,  13,   5,15548
10:35:33,1624,  70,1136, 61, 970, 940,  3285,  58,  13,   5,15565
10:35:43,1856,  80,1484, 62,1117,1247,  3285,  58,  13,   5,15584
10:35:53,1841,  83,1528, 64,1131,1279,  3290,  58,  13,   5,15601
10:36:03,1800,  91,1638, 66,1170,1368,  3295,  58,  13,   5,15618
10:36:13,1780,  90,1602, 66,1158,1340,  3300,  58,  13,   5,15636
10:36:23,1824,  82,1495, 62,1114,1240,  3300,  58,  13,   5,15654
10:36:33,1727,  78,1347, 64,1055,1113,  3305,  58,  13,   5,15674
10:36:43,1706,  77,1313, 63,1046,1094,  3310,  58,  13,   5,15693
10:36:53,1574,  74,1164, 63, 976, 952,  3310,  59,  13,   5,15711
10:37:22,1,0,0,0,0,0,0
10:37:48,1,0,0,0,0,0,0
10:37:58,1777,  71,1261, 60,1023,1046,  3315,  59,  16,   5,15759
10:38:08,1475,  58, 855, 59, 835, 697,  3320,  59,  16,   5,15778
10:38:30,1,0,0,0,0,0,0
10:38:56,1,0,0,0,0,0,0
10:39:22,1,0,0,0,0,0,0
10:39:47,1,0,0,0,0,0,0
10:40:13,1,0,0,0,0,0,0
10:40:38,1,0,0,0,0,0,0
10:41:04,1,0,0,0,0,0,0
10:41:29,1,0,0,0,0,0,0
10:41:55,1,0,0,0,0,0,0
10:42:20,1,0,0,0,0,0,0
10:42:46,1,0,0,0,0,0,0
10:43:11,1,0,0,0,0,0,0
10:43:37,1,0,0,0,0,0,0
10:44:02,1,0,0,0,0,0,0
10:44:28,1,0,0,0,0,0,0
10:44:53,1,0,0,0,0,0,0
10:45:19,1,0,0,0,0,0,0
10:45:44,1,0,0,0,0,0,0
10:46:10,1,0,0,0,0,0,0
10:46:35,1,0,0,0,0,0,0
10:47:02,1,0,0,0,0,0,0
10:47:27,1,0,0,0,0,0,0
10:47:53,1,0,0,0,0,0,0
10:48:18,1,0,0,0,0,0,0
10:48:44,1,0,0,0,0,0,0
10:49:09,1,0,0,0,0,0,0
10:49:35,1,0,0,0,0,0,0
10:50:00,1,0,0,0,0,0,0
10:50:26,1,0,0,0,0,0,0
10:50:51,1,0,0,0,0,0,0
10:51:17,1,0,0,0,0,0,0
10:51:42,1,0,0,0,0,0,0
10:52:08,1,0,0,0,0,0,0
10:52:33,1,0,0,0,0,0,0
10:52:59,1,0,0,0,0,0,0
10:53:24,1,0,0,0,0,0,0
10:53:50,1,0,0,0,0,0,0
10:54:15,1,0,0,0,0,0,0
10:54:41,1,0,0,0,0,0,0
10:55:06,1,0,0,0,0,0,0
10:55:36,1,0,0,0,0,0,0
10:56:01,1,0,0,0,0,0,0
10:56:27,1,0,0,0,0,0,0
10:56:52,1,0,0,0,0,0,0
10:57:18,1,0,0,0,0,0,0
10:57:43,1,0,0,0,0,0,0
10:58:09,1,0,0,0,0,0,0
10:58:34,1,0,0,0,0,0,0
10:58:44,1865,  80,1492, 62,1117,1247,  3335,  69,  25,   5,16253
10:58:54,1938,  84,1627, 62,1170,1368,  3335,  69,  25,   5,16270
10:59:04,1944,  83,1613, 62,1167,1361,  3340,  69,  25,   5,16288
10:59:14,1941,  83,1611, 62,1161,1347,  3345,  69,  25,   5,16308
10:59:25,1914,  86,1646, 63,1173,1375,  3350,  69,  25,   5,16326
10:59:35,1753,  86,1507, 65,1111,1234,  3350,  69,  25,   5,16346
11:00:02,1,0,0,0,0,0,0
11:00:28,1,0,0,0,0,0,0
11:00:53,1,0,0,0,0,0,0
11:01:19,1,0,0,0,0,0,0
11:01:44,1,0,0,0,0,0,0
11:01:54,1920,  73,1401, 58,1085,1177,  3355,  69,  25,   5,16424
11:02:04,1932,  73,1410, 57,1093,1194,  3360,  69,  25,   5,16440
11:02:14,1920,  76,1459, 59,1102,1214,  3365,  69,  25,   5,16459
11:02:24,1914,  79,1512, 60,1123,1261,  3365,  69,  25,   5,16476
11:02:34,1929,  79,1523, 60,1134,1285,  3370,  69,  25,   5,16493
11:02:44,1885,  84,1583, 62,1152,1327,  3375,  69,  25,   5,16512
11:02:54,1920,  79,1516, 60,1126,1267,  3380,  69,  25,   5,16530
11:03:04,1703,  77,1311, 63,1043,1087,  3380,  69,  25,   5,16549
11:03:14,1228,  52, 638, 62, 727, 528,  3385,  69,  25,   5,16569
11:03:36,1,0,0,0,0,0,0
11:03:46,1859,  77,1431, 60,1093,1194,  3385,  69,  25,   5,16593
11:03:56,1906,  69,1315, 57,1046,1094,  3390,  69,  25,   5,16610
11:04:25,1,0,0,0,0,0,0
11:04:51,1,0,0,0,0,0,0
11:05:16,1,0,0,0,0,0,0
11:05:42,1,0,0,0,0,0,0
11:06:07,1,0,0,0,0,0,0
11:06:33,1,0,0,0,0,0,0
11:06:58,1,0,0,0,0,0,0
11:07:24,1,0,0,0,0,0,0
11:07:49,1,0,0,0,0,0,0
11:08:16,1,0,0,0,0,0,0
11:08:42,1,0,0,0,0,0,0
11:09:07,1,0,0,0,0,0,0
11:09:33,1,0,0,0,0,0,0
11:09:58,1,0,0,0,0,0,0
11:10:24,1,0,0,0,0,0,0
11:10:49,1,0,0,0,0,0,0
11:11:15,1,0,0,0,0,0,0
11:11:40,1,0,0,0,0,0,0
11:12:07,1,0,0,0,0,0,0
11:12:32,1,0,0,0,0,0,0
11:12:58,1,0,0,0,0,0,0
11:13:23,1,0,0,0,0,0,0
11:13:49,1,0,0,0,0,0,0
11:14:14,1,0,0,0,0,0,0
11:14:40,1,0,0,0,0,0,0
11:15:05,1,0,0,0,0,0,0
11:15:31,1,0,0,0,0,0,0
11:15:56,1,0,0,0,0,0,0
11:16:22,1,0,0,0,0,0,0
11:16:47,1,0,0,0,0,0,0
11:17:13,1,0,0,0,0,0,0
11:17:38,1,0,0,0,0,0,0
11:18:04,1,0,0,0,0,0,0
11:18:29,1,0,0,0,0,0,0
11:18:55,1,0,0,0,0,0,0
11:19:20,1,0,0,0,0,0,0
11:19:46,1,0,0,0,0,0,0
11:20:11,1,0,0,0,0,0,0
11:20:37,1,0,0,0,0,0,0
11:21:06,1,0,0,0,0,0,0
11:21:16,1944,  80,1555, 60,1137,1292,  3405,  70,  31,   5,17066
11:21:26,1941,  77,1494, 60,1123,1261,  3410,  70,  31,   5,17084
11:21:36,1929,  80,1543, 60,1137,1292,  3410,  70,  31,   5,17101
11:21:46,1923,  79,1519, 60,1131,1279,  3415,  70,  31,   5,17119
11:21:56,1944,  73,1419, 58,1090,1188,  3420,  70,  31,   5,17138
11:22:06,1935,  73,1412, 57,1087,1181,  3420,  70,  31,   5,17157
11:22:16,1938,  73,1414, 57,1096,1201,  3425,  70,  31,   5,17177
11:22:26,1929,  79,1523, 60,1131,1279,  3430,  70,  31,   5,17196
11:22:36,1932,  76,1468, 60,1117,1247,  3430,  70,  31,   5,17215
11:22:46,1914,  79,1512, 60,1129,1274,  3435,  70,  31,   5,17234
11:22:56,1929,  73,1408, 57,1090,1188,  3440,  70,  31,   5,17251
11:23:06,1870,  71,1327, 58,1055,1113,  3440,  70,  31,   5,17269
11:23:16,1914,  76,1454, 59,1099,1207,  3445,  70,  31,   5,17285
11:23:26,1906,  75,1429, 59,1096,1201,  3450,  71,  31,   5,17301
11:23:36,1862,  83,1545, 63,1143,1306,  3450,  71,  31,   5,17320
11:23:46,1876,  81,1519, 61,1129,1274,  3455,  71,  31,   5,17337
11:23:56,1882,  78,1467, 60,1108,1227,  3460,  71,  31,   5,17356
11:24:06,1290,  51, 657, 59, 727, 528,  3460,  71,  31,   5,17375
11:24:30,1,0,0,0,0,0,0
11:24:55,1,0,0,0,0,0,0
11:25:05,1868,  81,1513, 61,1117,1247,  3465,  71,  31,   5,17410
11:25:15,1129,  49, 553, 63, 671, 450,  3465,  71,  31,   5,17430
11:25:35,1,0,0,0,0,0,0
11:25:45,1923,  73,1403, 58,1079,1164,  3470,  71,  31,   5,17449
11:25:55,1917,  73,1399, 57,1079,1164,  3475,  71,  31,   5,17469
11:26:05,1900,  76,1444, 59,1096,1201,  3475,  71,  31,   5,17488
11:26:15,1917,  73,1399, 57,1087,1181,  3480,  71,  31,   5,17506
11:26:25,1917,  73,1399, 57,1076,1157,  3485,  71,  31,   5,17525
11:26:35,1917,  72,1380, 57,1076,1157,  3485,  71,  31,   5,17542
11:26:45,1909,  72,1374, 57,1073,1151,  3490,  71,  31,   5,17556
11:26:55,1888,  72,1359, 58,1064,1132,  3495,  71,  31,   5,17573
11:27:05,1838,  73,1341, 60,1052,1106,  3495,  71,  31,   5,17593
11:27:15,1882,  75,1411, 59,1085,1177,  3500,  71,  31,   5,17612
11:27:25,1868,  80,1494, 62,1117,1247,  3500,  71,  31,   5,17630
11:27:35,1879,  77,1446, 60,1105,1221,  3505,  71,  31,   5,17650
11:27:45,1888,  78,1472, 60,1105,1221,  3510,  71,  31,   5,17670
11:27:55,1865,  74,1380, 60,1067,1138,  3510,  71,  31,   5,17689
11:28:05,1199,  45, 539, 58, 659, 434,  3515,  71,  31,   5,17708
11:28:27,1,0,0,0,0,0,0
11:28:37,1395,  58, 809, 61, 806, 649,  3520,  71,  32,   5,17732
11:29:01,1,0,0,0,0,0,0
11:29:29,1,0,0,0,0,0,0
11:29:54,1,0,0,0,0,0,0
11:30:20,1,0,0,0,0,0,0
11:30:45,1,0,0,0,0,0,0
