time,VIn,AIn,PIn,PWM,VOut,POut,EnProd,CNT1,CNT2,CNT3,CNT4
08:26:08,0,0,0,0,0,0,0
08:26:08,1,0,0,0,0,0,0
08:26:33,1,0,0,0,0,0,0
08:26:58,1,0,0,0,0,0,0
08:27:24,1,0,0,0,0,0,0
08:27:49,1,0,0,0,0,0,0
08:28:15,1,0,0,0,0,0,0
08:28:40,1,0,0,0,0,0,0
08:29:06,1,0,0,0,0,0,0
08:29:31,1,0,0,0,0,0,0
08:29:58,1,0,0,0,0,0,0
08:30:23,1,0,0,0,0,0,0
08:30:49,1,0,0,0,0,0,0
08:31:14,1,0,0,0,0,0,0
08:31:40,1,0,0,0,0,0,0
08:32:05,1,0,0,0,0,0,0
08:32:31,1,0,0,0,0,0,0
08:32:56,1,0,0,0,0,0,0
08:33:22,1,0,0,0,0,0,0
08:33:47,1,0,0,0,0,0,0
08:34:13,1,0,0,0,0,0,0
08:34:38,1,0,0,0,0,0,0
08:35:04,1,0,0,0,0,0,0
08:35:29,1,0,0,0,0,0,0
08:35:39,1580, 115,1817, 58, 876, 767,     0,   0,   0,   0, 243
08:36:00,1,0,0,0,0,0,0
08:36:10,1627, 120,1952, 59, 926, 857,     5,   0,   0,   0, 264
08:36:20,1838, 121,2223, 55, 985, 970,    10,   0,   0,   0, 281
08:36:30,1741, 122,2124, 57, 976, 952,    10,   0,   0,   0, 299
08:36:40,1847, 121,2234, 55, 994, 988,    15,   0,   0,   0, 316
08:36:50,1812, 122,2210, 56, 997, 994,    15,   0,   0,   0, 335
08:37:00,1803, 122,2199, 57, 988, 976,    20,   0,   0,   0, 355
08:37:10,1753, 123,2156, 57, 982, 964,    20,   0,   0,   0, 375
08:37:20,1703, 124,2111, 59, 976, 952,    25,   0,   0,   0, 395
08:37:30,1888, 122,2303, 55,1017,1034,    25,   0,   0,   0, 414
08:37:40,1850, 124,2294, 57,1020,1040,    30,   0,   0,   0, 428
08:37:50,1695, 126,2135, 61, 988, 976,    30,   0,   0,   0, 447
08:38:00,1601, 125,2001, 62, 953, 908,    35,   0,   0,   0, 466
08:38:10,1692, 126,2131, 61, 991, 982,    40,   0,   0,   0, 484
08:38:20,1466, 124,1817, 64, 909, 826,    40,   0,   0,   0, 503
08:38:30,1574, 127,1998, 63, 958, 917,    45,   0,   0,   0, 522
08:38:40,1542, 128,1973, 64, 956, 913,    45,   0,   0,   0, 542
08:38:50,1381, 122,1684, 65, 873, 762,    50,   0,   0,   0, 560
08:39:10,1,0,0,0,0,0,0
08:39:35,1,0,0,0,0,0,0
08:40:01,1,0,0,0,0,0,0
08:40:26,1,0,0,0,0,0,0
08:40:52,1,0,0,0,0,0,0
08:41:02,1923, 129,2480, 58,1082,1170,    55,   0,   1,   0, 628
08:41:12,1923, 133,2557, 60,1108,1227,    60,   0,   1,   0, 648
08:41:22,1926, 133,2561, 60,1108,1227,    60,   0,   1,   0, 666
08:41:32,1832, 139,2546, 63,1123,1261,    65,   0,   1,   0, 685
08:41:42,1841, 139,2558, 63,1129,1274,    70,   0,   1,   0, 705
08:41:52,1838, 139,2554, 63,1126,1267,    70,   0,   1,   0, 722
08:42:02,1879, 138,2593, 61,1129,1274,    75,   0,   1,   0, 740
08:42:12,1941, 131,2542, 58,1090,1188,    80,   0,   1,   0, 756
08:42:22,1973, 129,2545, 57,1087,1181,    80,   0,   1,   0, 774
08:42:32,1932, 130,2511, 57,1085,1177,    85,   0,   1,   0, 793
08:42:43,1994, 129,2572, 56,1102,1214,    90,   0,   1,   0, 810
08:42:53,1976, 128,2529, 57,1093,1194,    90,   1,   1,   0, 828
08:43:03,1956, 131,2562, 58,1105,1221,    95,   1,   1,   0, 848
08:43:13,1956, 130,2542, 58,1105,1221,   100,   1,   1,   0, 867
08:43:23,1935, 140,2709, 62,1164,1354,   100,   1,   1,   0, 887
08:43:33,1926, 144,2773, 63,1184,1401,   105,   1,   1,   0, 905
08:43:43,1950, 137,2671, 60,1143,1306,   110,   1,   1,   0, 923
08:43:53,1935, 131,2534, 58,1090,1188,   115,   1,   1,   0, 941
08:44:03,1929, 131,2526, 58,1090,1188,   115,   1,   1,   0, 958
08:44:13,1894, 136,2575, 60,1117,1247,   120,   1,   1,   0, 977
08:44:23,1906, 129,2458, 58,1076,1157,   125,   1,   1,   0, 997
08:44:33,1695, 127,2152, 60, 991, 982,   125,   1,   1,   0,1016
08:44:43,1709, 127,2170, 60,1002,1004,   130,   1,   1,   0,1036
08:44:53,1941, 131,2542, 57,1099,1207,   130,   1,   1,   0,1055
08:45:03,1914, 132,2526, 59,1108,1227,   135,   1,   1,   0,1074
08:45:13,1938, 130,2519, 58,1096,1201,   140,   1,   1,   0,1094
08:45:23,1917, 129,2472, 58,1082,1170,   140,   1,   1,   0,1112
08:45:33,1782, 121,2156, 56, 982, 964,   145,   2,   3,   0,1129
08:45:43,1774, 124,2199, 57, 997, 994,   145,   2,   6,   0,1146
08:45:53,1736, 119,2065, 57, 953, 908,   150,   2,   7,   0,1165
08:46:03,1829, 129,2359, 59,1049,1100,   155,   2,   8,   0,1184
08:46:13,1806, 131,2365, 61,1058,1119,   155,   2,   8,   0,1204
08:46:23,1771, 132,2337, 62,1064,1132,   160,   2,   8,   0,1222
08:46:33,1835, 129,2367, 59,1055,1113,   160,   2,   8,   0,1240
08:46:43,1530, 116,1774, 60, 870, 756,   165,   2,   8,   0,1260
08:46:53,1715, 126,2160, 60,1000,1000,   165,   2,   8,   0,1280
08:47:03,1706, 129,2200, 62,1020,1040,   170,   3,   9,   0,1298
08:47:13,1788, 129,2306, 61,1049,1100,   175,   3,   9,   0,1316
08:47:23,1829, 131,2395, 60,1076,1157,   175,   3,   9,   0,1336
08:47:33,1859, 129,2398, 59,1067,1138,   180,   3,   9,   0,1354
08:47:43,1838, 132,2426, 61,1085,1177,   185,   3,   9,   0,1373
08:47:53,1700, 135,2295, 64,1061,1125,   185,   3,   9,   0,1392
08:48:03,1516, 131,1985, 66, 973, 946,   190,   3,   9,   0,1411
08:48:13,1648, 135,2224, 65,1046,1094,   190,   3,   9,   0,1431
08:48:23,1680, 134,2251, 64,1043,1087,   195,   3,   9,   0,1450
08:48:33,1648, 132,2175, 65,1017,1034,   200,   3,   9,   0,1469
08:48:43,1680, 134,2251, 64,1046,1094,   200,   3,   9,   0,1486
08:48:53,1709, 132,2255, 63,1043,1087,   205,   3,  10,   0,1505
08:49:03,1551, 125,1938, 64, 944, 891,   205,   3,  10,   0,1525
08:49:26,1,0,0,0,0,0,0
08:49:36,1642, 123,2019, 60, 958, 917,   210,   3,  12,   0,1551
08:50:04,1,0,0,0,0,0,0
08:50:30,1,0,0,0,0,0,0
08:50:40,1780, 120,2136, 57, 976, 952,   215,   3,  12,   0,1600
08:50:50,1712, 117,2003, 56, 935, 874,   220,   3,  12,   0,1620
08:51:00,1780, 120,2136, 56, 976, 952,   220,   3,  12,   0,1640
08:51:10,1838, 122,2242, 57,1008,1016,   225,   3,  12,   0,1660
08:51:20,1841, 123,2264, 57,1011,1022,   225,   3,  12,   0,1679
08:51:30,1818, 125,2272, 57,1020,1040,   230,   3,  12,   0,1698
08:51:40,1826, 122,2227, 57,1005,1010,   230,   3,  12,   0,1718
08:51:50,1621, 117,1896, 57, 906, 820,   235,   3,  12,   0,1738
08:52:17,1,0,0,0,0,0,0
08:52:27,1733, 118,2044, 57, 944, 891,   240,   4,  12,   0,1772
08:52:37,1583, 118,1867, 59, 906, 820,   240,   4,  12,   0,1792
08:53:03,1,0,0,0,0,0,0
08:53:13,1445, 119,1719, 63, 873, 762,   245,   4,  12,   0,1824
08:53:33,1,0,0,0,0,0,0
08:53:43,1659, 121,2007, 58, 950, 902,   245,   4,  12,   0,1843
08:54:10,1,0,0,0,0,0,0
08:54:36,1,0,0,0,0,0,0
08:54:46,1914, 122,2335, 55,1029,1058,   250,   4,  12,   0,1890
08:54:56,1973, 121,2387, 54,1043,1087,   255,   4,  12,   0,1909
08:55:06,1900, 128,2432, 57,1070,1144,   260,   4,  12,   0,1928
08:55:16,1926, 125,2407, 57,1064,1132,   260,   4,  12,   0,1944
08:55:27,1950, 121,2359, 54,1026,1052,   265,   4,  12,   0,1962
08:55:37,1944, 123,2391, 55,1049,1100,   265,   4,  12,   0,1981
08:55:47,1973, 121,2387, 54,1038,1077,   270,   4,  12,   0,1996
08:55:57,1979, 118,2335, 54,1017,1034,   275,   4,  12,   0,2011
08:56:07,1821, 119,2166, 56, 976, 952,   275,   5,  12,   0,2030
08:56:17,1994, 122,2432, 54,1049,1100,   280,   5,  12,   0,2050
08:56:27,1870, 127,2374, 57,1052,1106,   280,   5,  12,   0,2070
08:56:37,1976, 121,2390, 54,1041,1083,   285,   5,  12,   0,2090
08:56:47,1985, 121,2401, 53,1049,1100,   290,   5,  12,   0,2108
08:56:57,1935, 126,2438, 57,1067,1138,   290,   5,  12,   0,2128
08:57:07,1932, 129,2492, 58,1090,1188,   295,   5,  12,   0,2148
08:57:17,1947, 130,2531, 58,1105,1221,   295,   5,  12,   0,2168
08:57:27,1970, 127,2501, 56,1087,1181,   300,   5,  12,   0,2186
08:57:37,1976, 124,2450, 56,1061,1125,   305,   5,  12,   0,2205
08:57:47,1994, 121,2412, 53,1049,1100,   305,   5,  12,   0,2219
08:57:57,1991, 121,2409, 53,1049,1100,   310,   5,  12,   0,2239
08:58:07,1985, 121,2401, 53,1046,1094,   315,   5,  12,   0,2259
08:58:17,1979, 121,2394, 53,1046,1094,   315,   5,  12,   0,2275
08:58:27,1976, 121,2390, 54,1043,1087,   320,   5,  12,   0,2291
08:58:37,1976, 121,2390, 54,1043,1087,   320,   5,  12,   0,2306
08:58:47,1976, 121,2390, 54,1041,1083,   325,   5,  12,   0,2319
08:58:57,1970, 124,2442, 56,1061,1125,   330,   5,  12,   0,2335
08:59:07,1976, 121,2390, 54,1038,1077,   330,   5,  12,   0,2355
08:59:17,1967, 123,2419, 55,1055,1113,   335,   5,  12,   0,2373
08:59:27,1967, 120,2360, 55,1038,1077,   335,   5,  12,   0,2393
08:59:37,1967, 120,2360, 55,1035,1071,   340,   5,  12,   0,2413
08:59:47,1953, 126,2460, 56,1076,1157,   345,   5,  12,   0,2431
08:59:57,1967, 124,2439, 56,1064,1132,   345,   5,  12,   0,2449
09:00:07,1958, 127,2486, 56,1085,1177,   350,   5,  12,   0,2465
09:00:17,1950, 126,2457, 56,1076,1157,   355,   5,  12,   0,2485
09:00:27,1958, 121,2369, 54,1032,1065,   355,   5,  12,   0,2505
09:00:37,1906, 127,2420, 58,1070,1144,   360,   5,  12,   0,2525
09:00:47,1917, 135,2587, 60,1126,1267,   365,   5,  12,   0,2542
09:00:57,1947, 133,2589, 59,1123,1261,   365,   5,  12,   0,2559
09:01:07,1935, 136,2631, 60,1143,1306,   370,   5,  12,   0,2578
09:01:17,1932, 135,2608, 61,1140,1299,   375,   5,  12,   0,2598
09:01:27,1947, 133,2589, 60,1129,1274,   375,   5,  12,   0,2615
09:01:37,1947, 133,2589, 59,1120,1254,   380,   5,  12,   0,2635
09:01:47,1912, 141,2695, 63,1173,1375,   385,   5,  12,   0,2655
09:01:57,1906, 138,2630, 62,1146,1313,   390,   5,  12,   0,2673
09:02:07,1850, 135,2497, 62,1114,1240,   390,   5,  12,   0,2692
09:02:17,1697, 138,2341, 65,1082,1170,   395,   5,  12,   0,2711
09:02:27,1741, 139,2419, 65,1102,1214,   400,   5,  12,   0,2730
09:02:37,1530, 136,2080, 69,1020,1040,   400,   5,  12,   0,2750
09:02:47,1568, 136,2132, 67,1029,1058,   405,   5,  12,   0,2768
09:02:57,1574, 134,2109, 67,1017,1034,   405,   5,  12,   0,2786
09:03:07,1521, 131,1992, 66, 988, 976,   410,   5,  12,   0,2805
09:03:35,1,0,0,0,0,0,0
09:03:45,1870, 123,2300, 57,1029,1058,   415,   5,  12,   0,2841
09:03:55,1829, 119,2176, 55, 982, 964,   420,   5,  12,   0,2859
09:04:05,1932, 122,2357, 55,1038,1077,   420,   5,  12,   0,2879
09:04:15,1941, 125,2426, 57,1070,1144,   425,   5,  12,   0,2898
09:04:25,1873, 133,2491, 61,1099,1207,   425,   5,  12,   0,2918
09:04:35,1888, 134,2529, 61,1111,1234,   430,   5,  12,   0,2935
09:04:45,1923, 125,2403, 57,1058,1119,   435,   5,  12,   0,2953
09:04:55,1914, 125,2392, 56,1055,1113,   435,   5,  12,   0,2973
09:05:05,1601, 121,1937, 60, 935, 874,   440,   5,  12,   0,2993
09:05:30,1,0,0,0,0,0,0
09:05:40,1633, 119,1943, 59, 926, 857,   445,   5,  12,   0,3025
09:05:50,1756, 125,2195, 59,1005,1010,   445,   5,  12,   0,3045
09:06:00,1923, 135,2596, 60,1131,1279,   450,   5,  12,   0,3064
09:06:10,1903, 141,2683, 63,1170,1368,   450,   5,  12,   0,3083
09:06:20,1868, 146,2727, 66,1196,1430,   455,   5,  12,   0,3100
09:06:30,1826, 147,2684, 67,1187,1408,   460,   5,  12,   0,3118
09:06:40,1856, 146,2709, 66,1184,1401,   465,   5,  12,   0,3135
09:06:50,1809, 150,2713, 68,1199,1437,   470,   5,  12,   0,3153
09:07:00,1865, 142,2648, 65,1164,1354,   470,   5,  12,   0,3170
09:07:10,1882, 140,2634, 63,1155,1334,   475,   5,  12,   0,3190
09:07:20,1888, 140,2643, 63,1155,1334,   480,   5,  12,   0,3204
09:07:30,1912, 135,2581, 60,1123,1261,   485,   5,  12,   0,3224
09:07:40,1868, 139,2596, 63,1140,1299,   485,   5,  12,   0,3243
09:07:50,1815, 143,2595, 65,1155,1334,   490,   5,  12,   0,3263
09:08:00,1821, 134,2440, 61,1093,1194,   495,   5,  12,   0,3282
09:08:10,1736, 136,2360, 64,1085,1177,   495,   5,  12,   0,3300
09:08:20,1592, 135,2149, 67,1029,1058,   500,   5,  12,   0,3319
09:08:31,1744, 133,2319, 63,1064,1132,   505,   5,  12,   0,3338
09:08:41,1765, 135,2382, 63,1079,1164,   505,   5,  12,   0,3356
09:08:51,1674, 127,2125, 61,1000,1000,   510,   5,  13,   0,3375
09:09:01,1653, 123,2033, 60, 964, 929,   510,   5,  13,   0,3395
09:09:11,1510, 117,1766, 60, 873, 762,   515,   5,  13,   0,3415
09:09:33,1,0,0,0,0,0,0
09:09:58,1,0,0,0,0,0,0
09:10:24,1,0,0,0,0,0,0
09:10:49,1,0,0,0,0,0,0
09:11:15,1,0,0,0,0,0,0
09:11:40,1,0,0,0,0,0,0
09:12:06,1,0,0,0,0,0,0
09:12:31,1,0,0,0,0,0,0
09:12:57,1,0,0,0,0,0,0
09:13:07,1744, 130,2267, 61,1041,1083,   525,   5,  13,   0,3532
09:13:17,1800, 129,2322, 60,1055,1113,   525,   5,  13,   0,3549
09:13:27,1841, 128,2356, 58,1058,1119,   530,   5,  13,   0,3566
09:13:37,1847, 134,2474, 61,1108,1227,   535,   5,  13,   0,3585
09:13:47,1709, 131,2238, 63,1041,1083,   535,   5,  13,   0,3605
09:13:57,1824, 134,2444, 62,1090,1188,   540,   5,  13,   0,3625
09:14:07,1826, 137,2501, 63,1117,1247,   545,   5,  13,   0,3645
09:14:17,1847, 134,2474, 62,1105,1221,   545,   5,  13,   0,3662
09:14:27,1879, 133,2499, 61,1105,1221,   550,   5,  13,   0,3679
09:14:37,1882, 133,2503, 60,1105,1221,   555,   5,  13,   0,3695
09:14:47,1935, 129,2496, 58,1090,1188,   555,   5,  13,   0,3711
09:14:57,1953, 126,2460, 57,1076,1157,   560,   5,  13,   0,3731
09:15:07,1956, 126,2464, 57,1079,1164,   565,   5,  13,   0,3751
09:15:17,1961, 126,2470, 56,1079,1164,   565,   9,  13,   0,3763
09:15:27,1976, 124,2450, 56,1070,1144,   570,   9,  13,   0,3782
09:15:37,1973, 124,2446, 56,1067,1138,   575,   9,  13,   0,3801
09:15:47,1947, 130,2531, 58,1102,1214,   575,   9,  13,   0,3820
09:15:57,1976, 123,2430, 56,1067,1138,   580,   9,  13,   0,3839
09:16:07,1944, 133,2585, 59,1123,1261,   585,   9,  13,   0,3857
09:16:17,1985, 124,2461, 56,1067,1138,   585,   9,  13,   0,3875
09:16:27,1392, 105,1461, 56, 753, 567,   590,   9,  13,   0,3895
09:16:49,1,0,0,0,0,0,0
09:17:14,1,0,0,0,0,0,0
09:17:40,1,0,0,0,0,0,0
09:18:05,1,0,0,0,0,0,0
09:18:31,1,0,0,0,0,0,0
09:18:56,1,0,0,0,0,0,0
09:19:22,1,0,0,0,0,0,0
09:19:47,1,0,0,0,0,0,0
09:19:57,1973, 127,2505, 56,1087,1181,   595,  11,  15,   0,3992
09:20:07,2000, 127,2540, 56,1102,1214,   595,  11,  15,   0,4012
09:20:17,1985, 130,2580, 57,1120,1254,   600,  11,  15,   0,4031
09:20:27,1697, 125,2121, 60, 994, 988,   605,  11,  15,   0,4050
09:20:37,1953, 129,2519, 58,1099,1207,   605,  11,  16,   0,4069
09:21:07,1,0,0,0,0,0,0
09:21:33,1,0,0,0,0,0,0
09:21:43,1967, 135,2655, 60,1158,1340,   610,  11,  17,   0,4120
09:21:53,1961, 136,2666, 61,1158,1340,   615,  11,  17,   0,4138
09:22:03,1958, 133,2604, 59,1129,1274,   620,  11,  17,   0,4158
09:22:13,1973, 130,2564, 57,1114,1240,   620,  11,  17,   0,4174
09:22:23,2000, 121,2420, 55,1055,1113,   625,  11,  17,   0,4193
09:22:33,1976, 126,2489, 57,1090,1188,   630,  11,  17,   0,4212
09:22:43,1973, 126,2485, 56,1090,1188,   630,  11,  17,   0,4230
09:22:53,1991, 117,2329, 53,1029,1058,   635,  11,  17,   0,4249
09:23:03,1988, 124,2465, 55,1070,1144,   640,  11,  17,   0,4268
09:23:13,1985, 124,2461, 56,1076,1157,   640,  11,  17,   0,4286
09:23:23,1988, 124,2465, 55,1073,1151,   645,  11,  17,   0,4304
09:23:33,1973, 126,2485, 57,1087,1181,   645,  11,  17,   0,4324
09:23:43,1988, 123,2445, 56,1073,1151,   650,  11,  17,   0,4343
09:23:53,1982, 126,2497, 57,1090,1188,   655,  11,  17,   0,4362
09:24:03,1967, 130,2557, 58,1108,1227,   655,  11,  17,   0,4382
09:24:13,1953, 136,2656, 59,1152,1327,   660,  11,  17,   0,4398
09:24:23,1956, 136,2660, 60,1152,1327,   665,  11,  17,   0,4418
09:24:33,1964, 133,2612, 59,1134,1285,   670,  11,  17,   0,4437
09:24:43,1991, 121,2409, 55,1049,1100,   670,  11,  17,   0,4456
09:24:53,2005, 115,2305, 51,1005,1010,   675,  11,  17,   0,4476
09:25:03,1988, 115,2286, 51,1000,1000,   680,  11,  17,   0,4495
09:25:13,2000, 115,2300, 51,1002,1004,   680,  11,  17,   0,4514
09:25:23,1982, 115,2279, 51, 997, 994,   685,  11,  17,   0,4534
09:25:33,1956, 117,2288, 53,1011,1022,   685,  11,  17,   0,4551
09:25:43,1739, 115,1999, 55, 932, 868,   690,  11,  17,   0,4569
09:26:06,1,0,0,0,0,0,0
09:26:16,1615, 120,1938, 61, 941, 885,   690,  11,  17,   0,4595
09:26:26,1879, 129,2423, 59,1082,1170,   695,  11,  18,   0,4614
09:26:50,1,0,0,0,0,0,0
09:27:00,1648, 124,2043, 62, 985, 970,   700,  11,  18,   0,4643
09:27:28,1,0,0,0,0,0,0
09:27:38,1941, 125,2426, 57,1067,1138,   705,  11,  18,   0,4677
09:27:48,1932, 125,2415, 56,1064,1132,   705,  11,  18,   0,4696
09:27:58,1316,  96,1263, 54, 677, 458,   710,  11,  18,   0,4716
09:28:19,1,0,0,0,0,0,0
09:28:44,1,0,0,0,0,0,0
09:29:10,1,0,0,0,0,0,0
09:29:35,1,0,0,0,0,0,0
09:30:01,1,0,0,0,0,0,0
09:30:26,1,0,0,0,0,0,0
09:30:52,1,0,0,0,0,0,0
09:31:17,1,0,0,0,0,0,0
09:31:43,1,0,0,0,0,0,0
09:32:08,1,0,0,0,0,0,0
09:32:18,1900, 126,2394, 58,1067,1138,   715,  14,  24,   0,4827
09:32:28,1888, 126,2378, 58,1061,1125,   715,  14,  24,   0,4846
09:32:38,1891, 129,2439, 59,1090,1188,   720,  14,  24,   0,4865
09:32:48,1938, 125,2422, 56,1067,1138,   725,  14,  24,   0,4882
09:32:58,1865, 122,2275, 56,1026,1052,   725,  14,  26,   0,4900
09:33:28,1,0,0,0,0,0,0
09:33:38,1733, 120,2079, 58, 970, 940,   730,  14,  27,   0,4938
09:33:48,1865, 125,2331, 58,1052,1106,   735,  14,  27,   0,4956
09:33:58,1662, 117,1944, 59, 929, 863,   740,  14,  27,   0,4976
09:34:08,1815, 123,2232, 57,1017,1034,   740,  14,  27,   0,4995
09:34:18,1712, 119,2037, 58, 956, 913,   745,  14,  27,   0,5015
09:34:28,1730, 120,2076, 58, 973, 946,   745,  14,  27,   0,5035
09:34:38,1677, 118,1978, 57, 935, 874,   750,  14,  27,   0,5055
09:35:04,1,0,0,0,0,0,0
09:35:30,1,0,0,0,0,0,0
09:35:40,1636, 118,1930, 59, 935, 874,   750,  16,  27,   0,5094
09:35:50,1709, 119,2033, 58, 958, 917,   755,  16,  27,   0,5113
09:36:00,1636, 118,1930, 59, 935, 874,   755,  16,  27,   0,5133
09:36:27,1,0,0,0,0,0,0
09:36:53,1,0,0,0,0,0,0
09:37:18,1,0,0,0,0,0,0
09:37:44,1,0,0,0,0,0,0
09:38:09,1,0,0,0,0,0,0
09:38:35,1,0,0,0,0,0,0
09:38:45,1876, 116,2176, 54, 985, 970,   765,  17,  27,   0,5225
09:38:55,1912, 117,2237, 54,1000,1000,   765,  17,  27,   0,5243
09:39:05,1991, 114,2269, 52, 997, 994,   770,  17,  27,   0,5259
09:39:15,1909, 117,2233, 54,1000,1000,   775,  17,  27,   0,5279
09:39:25,1832, 113,2070, 53, 938, 879,   775,  17,  27,   0,5296
09:39:35,1882, 114,2145, 54, 967, 935,   780,  17,  27,   0,5315
09:39:45,1832, 115,2106, 54, 961, 923,   780,  17,  27,   0,5334
09:39:55,1821, 115,2094, 54, 956, 913,   785,  17,  27,   0,5353
09:40:05,1653, 107,1768, 54, 844, 712,   785,  17,  27,   0,5373
09:40:26,1,0,0,0,0,0,0
09:40:36,1747, 114,1991, 55, 935, 874,   790,  17,  27,   0,5397
09:40:46,1765, 118,2082, 56, 967, 935,   790,  17,  27,   0,5417
09:40:56,1847, 121,2234, 56,1011,1022,   795,  17,  29,   0,5435
09:41:06,1870, 125,2337, 57,1052,1106,   795,  17,  29,   0,5453
09:41:16,1809, 126,2279, 59,1041,1083,   800,  17,  29,   0,5473
09:41:26,1879, 123,2311, 57,1035,1071,   805,  17,  29,   0,5492
09:41:36,1492, 115,1715, 60, 868, 753,   805,  17,  29,   0,5512
09:42:01,1,0,0,0,0,0,0
09:42:26,1,0,0,0,0,0,0
09:42:52,1,0,0,0,0,0,0
09:43:17,1,0,0,0,0,0,0
09:43:43,1,0,0,0,0,0,0
09:44:08,1,0,0,0,0,0,0
09:44:34,1,0,0,0,0,0,0
09:44:59,1,0,0,0,0,0,0
09:45:09,1560, 112,1747, 58, 873, 762,   815,  18,  29,   0,5624
09:45:30,1,0,0,0,0,0,0
09:45:40,1680, 117,1965, 57, 938, 879,   815,  18,  31,   0,5644
09:45:50,1803, 122,2199, 57,1011,1022,   820,  18,  31,   0,5664
09:46:00,1961, 122,2392, 55,1058,1119,   820,  18,  31,   0,5683
09:46:10,2011, 118,2372, 54,1035,1071,   825,  18,  31,   0,5703
09:46:20,2017, 124,2501, 55,1090,1188,   825,  18,  31,   0,5722
09:46:30,1991, 130,2588, 59,1123,1261,   830,  18,  31,   0,5741
09:46:40,1947, 138,2686, 61,1175,1380,   835,  18,  31,   0,5760
09:46:50,1994, 133,2652, 59,1149,1320,   840,  18,  31,   0,5779
09:47:00,1979, 143,2829, 63,1214,1473,   840,  18,  31,   0,5799
09:47:10,1744, 138,2406, 65,1105,1221,   845,  18,  31,   0,5818
09:47:20,1979, 139,2750, 62,1190,1416,   850,  18,  31,   0,5836
09:47:30,1953, 146,2851, 64,1217,1481,   855,  19,  31,   0,5855
09:47:40,1929, 151,2912, 66,1258,1582,   860,  19,  32,   0,5874
09:47:50,1897, 157,2978, 69,1284,1648,   860,  19,  32,   0,5892
09:48:01,1873, 159,2978, 70,1284,1648,   865,  19,  32,   0,5907
09:48:11,1865, 163,3039, 72,1302,1695,   870,  19,  32,   0,5926
09:48:21,1873, 160,2996, 70,1293,1671,   875,  19,  32,   0,5944
09:48:31,1859, 159,2955, 71,1281,1640,   880,  19,  32,   0,5962
09:48:41,1803, 163,2938, 73,1284,1648,   885,  19,  32,   0,5978
09:48:51,1835, 161,2954, 71,1281,1640,   890,  19,  32,   0,5996
09:49:01,1818, 160,2908, 71,1269,1610,   895,  19,  32,   0,6014
09:49:11,1862, 152,2830, 67,1240,1537,   900,  19,  32,   0,6033
09:49:21,1879, 149,2799, 66,1219,1485,   905,  19,  32,   0,6048
09:49:31,1876, 149,2795, 66,1219,1485,   905,  19,  32,   0,6061
09:49:41,1885, 149,2808, 66,1225,1500,   910,  19,  32,   0,6079
09:49:51,1873, 148,2772, 66,1219,1485,   915,  19,  32,   0,6097
09:50:01,1870, 148,2767, 67,1214,1473,   920,  19,  32,   0,6113
09:50:11,1868, 148,2764, 67,1211,1466,   925,  19,  32,   0,6131
09:50:21,1794, 147,2637, 68,1184,1401,   925,  19,  32,   0,6151
09:50:31,1780, 150,2670, 69,1202,1444,   930,  19,  32,   0,6170
09:50:41,1609, 149,2397, 73,1137,1292,   935,  19,  32,   0,6188
09:50:51,1416, 140,1982, 75,1014,1028,   940,  19,  32,   0,6208
09:51:01,1381, 137,1891, 75, 988, 976,   940,  19,  32,   0,6228
09:51:11,1442, 145,2090, 76,1049,1100,   945,  19,  33,   0,6247
09:51:21,1434, 140,2007, 75,1023,1046,   945,  19,  34,   0,6266
09:51:31,1390, 138,1918, 75, 994, 988,   950,  19,  34,   0,6286
09:51:41,1363, 136,1853, 75, 976, 952,   950,  19,  34,   0,6306
09:52:08,1,0,0,0,0,0,0
09:52:36,1,0,0,0,0,0,0
09:52:46,1906, 124,2363, 56,1055,1113,   960,  19,  35,   0,6356
09:52:56,1838, 127,2334, 59,1055,1113,   960,  19,  35,   0,6375
09:53:06,1914, 124,2373, 57,1055,1113,   965,  19,  35,   0,6394
09:53:16,1894, 126,2386, 59,1067,1138,   970,  19,  35,   0,6413
09:53:26,1712, 127,2174, 62,1023,1046,   970,  19,  35,   0,6433
09:53:36,1677, 125,2096, 62, 997, 994,   975,  19,  35,   0,6453
09:53:46,1762, 130,2290, 61,1061,1125,   975,  19,  35,   0,6472
09:53:56,1826, 127,2319, 59,1046,1094,   980,  19,  35,   0,6490
09:54:06,1909, 124,2367, 57,1049,1100,   985,  19,  35,   0,6510
09:54:16,1888, 126,2378, 57,1058,1119,   985,  19,  35,   0,6530
09:54:26,1923, 124,2384, 56,1058,1119,   990,  19,  35,   0,6550
09:54:36,1912, 125,2390, 56,1058,1119,   990,  19,  35,   0,6569
09:54:46,1923, 127,2442, 59,1085,1177,   995,  19,  35,   0,6588
09:54:56,1929, 125,2411, 56,1061,1125,  1000,  19,  35,   0,6607
09:55:06,1891, 130,2458, 59,1090,1188,  1000,  19,  35,   0,6625
09:55:16,1920, 127,2438, 58,1079,1164,  1005,  19,  35,   0,6644
09:55:26,1912, 124,2370, 57,1052,1106,  1010,  19,  35,   0,6664
09:55:36,1947, 125,2433, 56,1073,1151,  1010,  19,  35,   0,6683
09:55:46,1967, 126,2478, 56,1082,1170,  1015,  19,  35,   0,6701
09:55:56,1970, 123,2423, 55,1058,1119,  1020,  19,  35,   0,6713
09:56:06,1979, 123,2434, 55,1070,1144,  1020,  19,  35,   0,6729
09:56:16,1979, 127,2513, 56,1093,1194,  1025,  19,  35,   0,6749
09:56:26,1979, 126,2493, 56,1087,1181,  1030,  19,  35,   0,6769
09:56:36,1976, 123,2430, 55,1061,1125,  1030,  19,  35,   0,6788
09:56:46,1958, 122,2388, 55,1055,1113,  1035,  19,  35,   0,6808
09:56:56,1935, 125,2418, 57,1064,1132,  1035,  19,  35,   0,6827
09:57:06,1950, 128,2496, 57,1096,1201,  1040,  19,  35,   0,6846
09:57:16,1926, 137,2638, 61,1152,1327,  1045,  19,  35,   0,6866
09:57:26,1932, 134,2588, 61,1137,1292,  1045,  19,  35,   0,6885
09:57:36,1873, 142,2659, 64,1175,1380,  1050,  19,  35,   0,6905
09:57:46,1891, 139,2628, 63,1155,1334,  1055,  19,  35,   0,6924
09:57:56,1794, 140,2511, 66,1134,1285,  1060,  19,  35,   0,6942
09:58:06,1689, 138,2330, 67,1090,1188,  1060,  19,  35,   0,6962
09:58:16,1656, 134,2219, 66,1046,1094,  1065,  19,  35,   0,6977
09:58:26,1639, 133,2179, 65,1035,1071,  1070,  19,  35,   0,6996
09:58:36,1595, 130,2073, 65,1008,1016,  1070,  19,  35,   0,7016
09:58:46,1695, 136,2305, 66,1076,1157,  1075,  19,  35,   0,7036
09:58:56,1715, 137,2349, 65,1093,1194,  1075,  19,  35,   0,7054
09:59:06,1730, 135,2335, 65,1076,1157,  1080,  19,  35,   0,7074
09:59:16,1906, 136,2592, 61,1146,1313,  1085,  19,  35,   0,7092
09:59:26,1956, 135,2640, 60,1158,1340,  1085,  19,  35,   0,7112
09:59:36,1985, 127,2520, 56,1090,1188,  1090,  19,  35,   0,7130
09:59:46,1970, 130,2561, 57,1114,1240,  1095,  19,  35,   0,7149
09:59:56,1976, 126,2489, 57,1090,1188,  1095,  19,  35,   0,7169
10:00:06,1947, 129,2511, 59,1105,1221,  1100,  19,  35,   0,7187
10:00:16,1929, 134,2584, 60,1134,1285,  1105,  19,  35,   0,7207
10:00:26,1956, 132,2581, 59,1131,1279,  1110,  19,  35,   0,7224
10:00:36,1917, 124,2377, 57,1055,1113,  1110,  19,  35,   0,7244
10:00:46,1809, 126,2279, 59,1043,1087,  1115,  19,  35,   0,7264
10:00:56,1947, 128,2492, 58,1093,1194,  1120,  19,  35,   0,7281
10:01:06,1953, 125,2441, 57,1076,1157,  1120,  19,  35,   0,7301
10:01:17,1917, 130,2492, 59,1099,1207,  1125,  19,  35,   0,7319
10:01:27,1970, 129,2541, 57,1108,1227,  1130,  19,  35,   0,7337
10:01:37,1973, 126,2485, 57,1093,1194,  1130,  19,  35,   0,7357
10:01:47,1973, 123,2426, 55,1067,1138,  1135,  19,  35,   0,7377
10:01:57,1961, 125,2451, 56,1087,1181,  1140,  19,  35,   0,7395
10:02:07,1956, 125,2445, 56,1076,1157,  1140,  19,  35,   0,7415
10:02:17,1906, 130,2477, 60,1096,1201,  1145,  19,  35,   0,7434
10:02:27,1953, 126,2460, 56,1079,1164,  1145,  19,  35,   0,7453
10:02:37,1976, 123,2430, 55,1064,1132,  1150,  19,  35,   0,7470
10:02:47,1935, 131,2534, 59,1111,1234,  1155,  19,  35,   0,7490
10:02:57,1953, 131,2558, 59,1120,1254,  1155,  19,  35,   0,7510
10:03:07,1612, 126,2031, 63, 982, 964,  1160,  19,  35,   0,7530
10:03:36,1,0,0,0,0,0,0
10:04:02,1,0,0,0,0,0,0
10:04:12,1982, 127,2517, 56,1093,1194,  1165,  19,  35,   0,7578
10:04:22,1985, 126,2501, 56,1093,1194,  1170,  19,  35,   0,7595
10:04:32,1970, 132,2600, 60,1134,1285,  1175,  19,  35,   0,7615
10:04:42,1979, 127,2513, 57,1093,1194,  1175,  19,  35,   0,7635
10:04:52,1991, 126,2508, 56,1096,1201,  1180,  19,  35,   0,7651
10:05:02,1997, 124,2476, 56,1073,1151,  1185,  19,  35,   0,7670
10:05:12,1991, 124,2468, 56,1073,1151,  1185,  19,  35,   0,7687
10:05:22,1932, 131,2530, 59,1114,1240,  1190,  19,  35,   0,7704
10:05:32,1973, 126,2485, 56,1090,1188,  1195,  19,  35,   0,7723
10:05:42,1961, 132,2588, 59,1134,1285,  1195,  19,  35,   0,7743
10:05:52,1950, 125,2437, 57,1079,1164,  1200,  19,  35,   0,7760
10:06:02,1914, 127,2430, 58,1082,1170,  1205,  19,  35,   0,7777
10:06:12,1750, 127,2222, 61,1026,1052,  1205,  19,  35,   0,7797
10:06:40,1,0,0,0,0,0,0
10:06:50,1938, 128,2480, 57,1093,1194,  1210,  19,  35,   0,7833
10:07:00,1762, 124,2184, 59,1005,1010,  1215,  19,  35,   0,7852
10:07:10,1982, 129,2556, 57,1114,1240,  1220,  19,  35,   0,7870
10:07:20,1964, 135,2651, 61,1155,1334,  1220,  19,  35,   0,7890
10:07:30,1923, 144,2769, 64,1205,1452,  1225,  19,  35,   0,7908
10:07:40,1859, 135,2509, 62,1117,1247,  1230,  19,  35,   0,7928
10:07:50,1624, 129,2094, 64,1005,1010,  1230,  19,  35,   0,7948
10:08:13,1,0,0,0,0,0,0
10:08:39,1,0,0,0,0,0,0
10:08:49,1903, 129,2454, 59,1087,1181,  1235,  19,  36,   0,7985
10:08:59,1794, 135,2421, 63,1099,1207,  1240,  19,  36,   0,8004
10:09:09,1736, 129,2239, 62,1038,1077,  1245,  19,  36,   0,8021
10:09:37,1,0,0,0,0,0,0
10:10:06,1,0,0,0,0,0,0
10:10:16,1489, 114,1697, 60, 859, 737,  1250,  20,  36,   0,8076
10:10:36,1,0,0,0,0,0,0
10:11:02,1,0,0,0,0,0,0
10:11:27,1,0,0,0,0,0,0
10:11:53,1,0,0,0,0,0,0
10:12:18,1,0,0,0,0,0,0
10:12:44,1,0,0,0,0,0,0
10:13:09,1,0,0,0,0,0,0
10:13:35,1,0,0,0,0,0,0
10:14:00,1,0,0,0,0,0,0
10:14:27,1,0,0,0,0,0,0
10:14:52,1,0,0,0,0,0,0
10:15:02,1944, 128,2488, 58,1090,1188,  1255,  21,  38,   0,8198
10:15:12,1730, 119,2058, 58, 967, 935,  1260,  21,  38,   0,8216
10:15:38,1,0,0,0,0,0,0
10:15:48,1495, 115,1719, 60, 873, 762,  1260,  21,  39,   0,8246
10:15:58,1935, 124,2399, 57,1067,1138,  1265,  21,  39,   0,8265
10:16:08,1950, 125,2437, 57,1073,1151,  1270,  21,  39,   0,8284
10:16:18,1967, 125,2458, 56,1082,1170,  1270,  21,  39,   0,8303
10:16:28,1967, 122,2399, 56,1061,1125,  1275,  21,  39,   0,8322
10:16:38,1780, 122,2171, 58,1002,1004,  1280,  21,  39,   0,8340
10:16:48,1909, 121,2309, 55,1026,1052,  1280,  21,  39,   0,8355
10:16:58,1780, 119,2118, 56, 985, 970,  1285,  21,  39,   0,8375
10:17:08,1967, 116,2281, 52,1008,1016,  1285,  21,  39,   0,8394
10:17:18,1973, 120,2367, 54,1035,1071,  1290,  21,  39,   0,8412
10:17:28,1932, 121,2337, 56,1041,1083,  1290,  21,  39,   0,8431
10:17:38,2011, 117,2352, 52,1032,1065,  1295,  21,  39,   0,8449
10:17:48,1973, 117,2308, 53,1011,1022,  1300,  21,  39,   0,8469
10:17:58,1923, 121,2326, 56,1035,1071,  1300,  21,  39,   0,8488
10:18:26,1,0,0,0,0,0,0
10:18:52,1,0,0,0,0,0,0
10:19:02,1835, 126,2312, 59,1052,1106,  1305,  21,  39,   0,8538
10:19:12,1829, 126,2304, 59,1046,1094,  1310,  21,  40,   0,8557
10:19:22,1844, 127,2341, 60,1058,1119,  1315,  21,  41,   0,8576
10:19:32,1744, 132,2302, 63,1067,1138,  1315,  21,  41,   0,8596
10:19:59,1,0,0,0,0,0,0
10:20:25,1,0,0,0,0,0,0
10:20:35,1343, 105,1410, 59, 762, 580,  1320,  21,  43,   0,8642
10:20:56,1,0,0,0,0,0,0
10:21:21,1,0,0,0,0,0,0
10:21:47,1,0,0,0,0,0,0
10:21:57,1612, 114,1837, 57, 897, 804,  1325,  21,  43,   0,8689
10:22:20,1,0,0,0,0,0,0
10:22:45,1,0,0,0,0,0,0
10:23:11,1,0,0,0,0,0,0
10:23:36,1,0,0,0,0,0,0
10:24:02,1,0,0,0,0,0,0
10:24:27,1,0,0,0,0,0,0
10:24:53,1,0,0,0,0,0,0
10:25:18,1,0,0,0,0,0,0
10:25:44,1,0,0,0,0,0,0
10:26:09,1,0,0,0,0,0,0
10:26:35,1,0,0,0,0,0,0
10:27:00,1,0,0,0,0,0,0
10:27:10,1803, 119,2145, 56, 988, 976,  1330,  23,  48,   0,8833
10:27:20,1706, 118,2013, 57, 956, 913,  1335,  23,  48,   0,8852
10:27:30,1780, 118,2100, 57, 973, 946,  1335,  23,  48,   0,8870
10:27:40,1504, 115,1729, 60, 873, 762,  1340,  24,  48,   0,8888
10:28:02,1,0,0,0,0,0,0
10:28:12,1841, 123,2264, 58,1038,1077,  1345,  25,  48,   0,8909
10:28:22,1765, 123,2170, 59,1008,1016,  1345,  25,  48,   0,8927
10:28:32,1601, 124,1985, 62, 976, 952,  1350,  25,  48,   0,8947
10:28:42,1821, 129,2349, 60,1070,1144,  1350,  25,  48,   0,8967
10:28:52,1909, 124,2367, 56,1049,1100,  1355,  25,  48,   0,8987
10:29:02,1906, 123,2344, 57,1046,1094,  1360,  25,  48,   0,9003
10:29:12,1818, 123,2236, 58,1020,1040,  1360,  25,  48,   0,9023
10:29:22,1788, 125,2235, 59,1029,1058,  1365,  25,  48,   0,9043
10:29:32,1873, 122,2285, 56,1032,1065,  1365,  25,  48,   0,9063
10:29:42,1935, 121,2341, 55,1043,1087,  1370,  25,  48,   0,9081
10:29:52,1970, 122,2403, 55,1061,1125,  1370,  25,  48,   0,9100
10:30:02,1976, 123,2430, 55,1070,1144,  1375,  25,  48,   0,9118
10:30:12,1988, 123,2445, 55,1070,1144,  1380,  26,  48,   0,9133
10:30:22,1985, 123,2441, 55,1073,1151,  1380,  26,  48,   0,9152
10:30:32,1991, 120,2389, 55,1052,1106,  1385,  26,  48,   0,9172
10:30:42,1967, 129,2537, 57,1114,1240,  1390,  26,  48,   0,9191
10:30:52,1973, 126,2485, 57,1082,1170,  1390,  26,  48,   0,9210
10:31:02,1944, 135,2624, 60,1146,1313,  1395,  26,  48,   0,9228
10:31:12,1961, 132,2588, 59,1129,1274,  1400,  26,  48,   0,9248
10:31:22,1947, 135,2628, 61,1143,1306,  1400,  26,  48,   0,9265
10:31:32,1979, 130,2572, 58,1120,1254,  1405,  26,  48,   0,9280
10:31:42,1988, 120,2385, 55,1049,1100,  1410,  26,  48,   0,9300
10:31:52,1994, 120,2392, 55,1055,1113,  1410,  26,  48,   0,9317
10:32:02,1958, 125,2447, 56,1079,1164,  1415,  26,  48,   0,9334
10:32:12,1882, 122,2296, 56,1032,1065,  1420,  26,  48,   0,9353
10:32:22,1873, 122,2285, 56,1032,1065,  1420,  26,  48,   0,9373
10:32:32,1794, 119,2134, 56, 988, 976,  1425,  26,  48,   0,9393
10:32:42,1736, 114,1979, 55, 929, 863,  1425,  26,  48,   0,9412
10:32:52,1568, 108,1693, 55, 838, 702,  1430,  26,  48,   0,9432
10:33:14,1,0,0,0,0,0,0
10:33:24,1897, 126,2390, 58,1067,1138,  1435,  26,  48,   0,9457
10:33:34,1906, 130,2477, 59,1096,1201,  1435,  26,  48,   0,9476
10:33:44,1917, 127,2434, 57,1085,1177,  1440,  26,  48,   0,9496
10:33:54,1894, 133,2519, 61,1114,1240,  1440,  26,  48,   0,9516
10:34:04,1829, 139,2542, 64,1143,1306,  1445,  26,  48,   0,9535
10:34:14,1838, 140,2573, 65,1149,1320,  1450,  26,  48,   0,9555
10:34:24,1800, 141,2538, 66,1143,1306,  1455,  26,  48,   0,9574
10:34:34,1870, 141,2636, 65,1167,1361,  1455,  26,  48,   0,9591
10:34:44,1841, 143,2632, 65,1170,1368,  1460,  26,  48,   0,9611
10:34:54,1809, 145,2623, 66,1173,1375,  1465,  26,  48,   0,9629
10:35:04,1826, 139,2538, 64,1143,1306,  1470,  26,  48,   0,9647
10:35:14,1865, 138,2573, 62,1143,1306,  1470,  26,  48,   0,9664
10:35:24,1847, 133,2456, 61,1111,1234,  1475,  26,  48,   0,9678
10:35:34,1812, 135,2446, 63,1105,1221,  1480,  26,  48,   0,9696
10:35:44,1759, 136,2392, 65,1099,1207,  1480,  26,  48,   0,9715
10:35:54,1560, 131,2043, 66,1008,1016,  1485,  26,  48,   0,9734
10:36:04,1510, 128,1932, 67, 970, 940,  1490,  26,  48,   0,9753
10:36:14,1651, 133,2195, 65,1043,1087,  1490,  26,  48,   0,9772
10:36:24,1762, 133,2343, 62,1076,1157,  1495,  26,  48,   0,9790
10:36:34,1695, 129,2186, 63,1035,1071,  1495,  26,  48,   0,9810
10:36:44,1700, 130,2210, 63,1035,1071,  1500,  26,  48,   0,9827
10:36:54,1507, 125,1883, 65, 950, 902,  1505,  26,  48,   0,9846
10:37:24,1,0,0,0,0,0,0
10:37:34,1709, 119,2033, 58, 958, 917,  1510,  26,  48,   0,9885
10:37:44,1876, 116,2176, 54, 985, 970,  1510,  27,  48,   0,9903
10:37:54,1909, 121,2309, 55,1026,1052,  1515,  27,  48,   0,9922
10:38:04,1935, 121,2341, 55,1038,1077,  1515,  27,  48,   0,9936
10:38:14,1947, 119,2316, 54,1020,1040,  1520,  27,  48,   0,9955
10:38:24,1958, 119,2330, 54,1032,1065,  1520,  27,  48,   0,9973
10:38:34,1947, 121,2355, 55,1043,1087,  1525,  27,  48,   0,9992
10:38:44,1964, 119,2337, 55,1035,1071,  1530,  27,  48,   0,10011
10:38:54,1903, 120,2283, 55,1023,1046,  1530,  27,  48,   0,10031
10:39:04,1953, 115,2245, 54,1002,1004,  1535,  27,  48,   0,10047
10:39:14,1964, 119,2337, 54,1032,1065,  1535,  27,  48,   0,10066
10:39:24,1973, 116,2288, 53,1014,1028,  1540,  27,  48,   0,10083
10:39:34,1947, 122,2375, 55,1049,1100,  1540,  27,  48,   0,10101
10:39:44,1914, 129,2469, 59,1099,1207,  1545,  27,  48,   0,10121
10:39:54,1903, 129,2454, 60,1090,1188,  1550,  27,  48,   0,10137
10:40:04,1844, 133,2452, 62,1105,1221,  1550,  27,  48,   0,10153
10:40:14,1697, 133,2257, 65,1058,1119,  1555,  27,  48,   0,10173
10:40:24,1762, 136,2396, 64,1099,1207,  1560,  27,  48,   0,10193
10:40:34,1739, 135,2347, 65,1082,1170,  1560,  27,  48,   0,10211
10:40:44,1721, 134,2306, 65,1076,1157,  1565,  27,  48,   0,10230
10:40:54,1560, 131,2043, 67,1002,1004,  1570,  27,  48,   0,10248
10:41:05,1243, 120,1491, 71, 838, 702,  1570,  27,  48,   0,10268
10:41:26,1,0,0,0,0,0,0
10:41:52,1,0,0,0,0,0,0
10:42:02,1568, 117,1834, 60, 912, 831,  1575,  27,  50,   0,10301
10:42:25,1,0,0,0,0,0,0
10:42:35,1668, 119,1984, 59, 956, 913,  1575,  28,  50,   0,10326
10:42:45,1709, 118,2016, 57, 958, 917,  1580,  28,  50,   0,10344
10:42:55,1800, 119,2142, 57, 988, 976,  1580,  28,  50,   0,10364
10:43:05,1668, 122,2034, 61, 973, 946,  1585,  28,  50,   0,10384
10:43:15,1653, 121,2000, 61, 967, 935,  1590,  28,  50,   0,10403
10:43:25,1480, 121,1790, 64, 909, 826,  1590,  28,  50,   0,10422
10:43:35,1469, 121,1777, 64, 912, 831,  1590,  28,  50,   0,10440
10:44:02,1,0,0,0,0,0,0
10:44:28,1,0,0,0,0,0,0
10:44:53,1,0,0,0,0,0,0
10:45:19,1,0,0,0,0,0,0
10:45:44,1,0,0,0,0,0,0
10:46:10,1,0,0,0,0,0,0
10:46:35,1,0,0,0,0,0,0
10:47:01,1,0,0,0,0,0,0
10:47:26,1,0,0,0,0,0,0
10:47:52,1,0,0,0,0,0,0
10:48:17,1,0,0,0,0,0,0
10:48:43,1,0,0,0,0,0,0
10:49:08,1,0,0,0,0,0,0
10:49:34,1,0,0,0,0,0,0
10:49:59,1,0,0,0,0,0,0
10:50:25,1,0,0,0,0,0,0
10:50:50,1,0,0,0,0,0,0
10:51:16,1,0,0,0,0,0,0
10:51:41,1,0,0,0,0,0,0
10:51:51,1762, 120,2114, 58, 991, 982,  1610,  42,  53,   0,10667
10:52:01,1803, 122,2199, 58,1011,1022,  1610,  42,  53,   0,10685
10:52:11,1829, 121,2213, 57,1002,1004,  1615,  42,  53,   0,10700
10:52:21,1630, 120,1956, 60, 947, 896,  1615,  42,  53,   0,10718
10:52:31,1721, 121,2082, 59, 985, 970,  1620,  42,  53,   0,10735
10:52:41,1850, 121,2238, 56,1014,1028,  1625,  42,  53,   0,10754
10:52:51,1850, 125,2312, 57,1041,1083,  1625,  42,  53,   0,10773
10:53:01,1885, 125,2356, 57,1061,1125,  1630,  42,  53,   0,10792
10:53:11,1900, 120,2280, 55,1020,1040,  1630,  42,  53,   0,10812
10:53:37,1,0,0,0,0,0,0
10:54:03,1,0,0,0,0,0,0
10:54:29,1,0,0,0,0,0,0
10:54:55,1,0,0,0,0,0,0
10:55:20,1,0,0,0,0,0,0
10:55:30,1997, 136,2715, 60,1173,1375,  1640,  44,  55,   0,10888
10:55:40,2011, 127,2553, 57,1108,1227,  1640,  44,  55,   0,10908
10:55:50,2011, 127,2553, 57,1105,1221,  1645,  44,  55,   0,10928
10:56:00,2011, 127,2553, 57,1108,1227,  1650,  44,  55,   0,10948
10:56:10,2002, 126,2522, 57,1108,1227,  1650,  44,  55,   0,10965
10:56:20,2000, 127,2540, 57,1108,1227,  1655,  44,  55,   0,10983
10:56:30,1982, 133,2636, 59,1143,1306,  1660,  45,  55,   0,11000
10:56:40,1973, 136,2683, 60,1161,1347,  1665,  45,  55,   0,11019
10:56:50,1979, 129,2552, 57,1114,1240,  1665,  45,  55,   0,11039
10:57:00,1985, 129,2560, 58,1120,1254,  1670,  45,  55,   0,11058
10:57:10,1979, 129,2552, 57,1111,1234,  1675,  45,  55,   0,11078
10:57:20,1979, 130,2572, 57,1117,1247,  1675,  45,  55,   0,11097
10:57:30,1979, 129,2552, 57,1123,1261,  1680,  45,  55,   0,11117
10:57:40,1976, 129,2549, 57,1120,1254,  1685,  45,  55,   0,11137
10:57:50,1976, 130,2568, 57,1120,1254,  1685,  45,  55,   0,11157
10:58:00,1979, 129,2552, 57,1120,1254,  1690,  45,  55,   0,11177
10:58:10,1973, 129,2545, 58,1111,1234,  1695,  45,  55,   0,11195
10:58:20,1750, 121,2117, 58, 982, 964,  1695,  45,  55,   0,11215
10:58:30,1548, 112,1733, 58, 862, 743,  1700,  45,  55,   0,11235
10:58:52,1,0,0,0,0,0,0
10:59:02,1639, 121,1983, 61, 956, 913,  1700,  45,  56,   0,11259
10:59:12,1736, 129,2239, 61,1038,1077,  1705,  45,  56,   0,11279
10:59:40,1,0,0,0,0,0,0
11:00:05,1,0,0,0,0,0,0
11:00:31,1,0,0,0,0,0,0
11:00:56,1,0,0,0,0,0,0
11:01:06,1991, 129,2568, 58,1123,1261,  1710,  46,  56,   0,11341
11:01:16,1973, 136,2683, 61,1161,1347,  1715,  46,  56,   0,11358
11:01:26,1944, 141,2741, 63,1196,1430,  1720,  46,  56,   0,11375
11:01:36,1961, 135,2647, 60,1152,1327,  1720,  46,  56,   0,11394
11:01:46,1938, 131,2538, 59,1114,1240,  1725,  46,  56,   0,11410
11:01:56,1586, 124,1966, 63, 961, 923,  1730,  46,  56,   0,11430
11:02:24,1,0,0,0,0,0,0
11:02:34,1947, 128,2492, 58,1096,1201,  1735,  46,  56,   0,11467
11:02:44,1316, 102,1342, 58, 724, 524,  1735,  46,  57,   0,11486
11:03:06,1,0,0,0,0,0,0
11:03:31,1,0,0,0,0,0,0
11:03:41,1891, 123,2325, 57,1041,1083,  1740,  46,  57,   0,11521
11:03:51,1756, 121,2124, 58, 988, 976,  1740,  46,  57,   0,11540
11:04:01,1956, 125,2445, 57,1079,1164,  1745,  46,  57,   0,11558
11:04:11,1997, 120,2396, 55,1052,1106,  1750,  46,  57,   0,11577
11:04:21,1806, 114,2058, 54, 944, 891,  1750,  46,  57,   0,11597
11:04:44,1,0,0,0,0,0,0
11:05:13,1,0,0,0,0,0,0
11:05:39,1,0,0,0,0,0,0
11:06:04,1,0,0,0,0,0,0
11:06:30,1,0,0,0,0,0,0
11:06:40,2000, 127,2540, 57,1108,1227,  1755,  48,  57,   0,11669
11:06:50,1991, 126,2508, 57,1093,1194,  1760,  48,  57,   0,11687
11:07:00,1988, 123,2445, 56,1076,1157,  1765,  48,  57,   0,11707
11:07:10,1979, 126,2493, 56,1090,1188,  1765,  48,  57,   0,11726
11:07:21,1970, 125,2462, 57,1085,1177,  1770,  48,  57,   0,11744
11:07:31,1956, 128,2503, 58,1105,1221,  1775,  48,  57,   0,11762
11:07:41,1953, 128,2499, 58,1102,1214,  1775,  48,  57,   0,11782
11:07:51,1961, 126,2470, 56,1082,1170,  1780,  48,  57,   0,11799
11:08:01,1961, 126,2470, 56,1082,1170,  1785,  48,  57,   0,11819
11:08:11,1953, 125,2441, 56,1079,1164,  1785,  48,  57,   0,11839
11:08:21,1953, 125,2441, 56,1076,1157,  1790,  48,  57,   0,11859
11:08:31,1947, 125,2433, 56,1076,1157,  1795,  48,  57,   0,11878
11:08:41,1944, 125,2430, 57,1079,1164,  1795,  48,  57,   0,11895
11:08:51,1941, 125,2426, 57,1070,1144,  1800,  48,  57,   0,11908
11:09:01,1917, 130,2492, 59,1105,1221,  1805,  48,  57,   0,11925
11:09:11,1926, 127,2446, 58,1087,1181,  1805,  48,  57,   0,11942
11:09:21,1941, 125,2426, 56,1067,1138,  1810,  48,  57,   0,11962
11:09:31,1932, 124,2395, 57,1064,1132,  1815,  48,  57,   0,11982
11:09:41,1929, 127,2449, 58,1085,1177,  1815,  48,  57,   0,12002
11:09:51,1938, 124,2403, 56,1064,1132,  1820,  48,  57,   0,12021
11:10:01,1920, 127,2438, 58,1085,1177,  1825,  48,  57,   0,12039
11:10:11,1923, 127,2442, 58,1082,1170,  1825,  48,  57,   0,12059
11:10:21,1935, 125,2418, 56,1064,1132,  1830,  48,  57,   0,12078
11:10:31,1906, 133,2534, 60,1123,1261,  1830,  48,  57,   0,12098
11:10:41,1912, 134,2562, 60,1129,1274,  1835,  48,  57,   0,12112
11:10:51,1923, 127,2442, 57,1085,1177,  1840,  48,  57,   0,12129
11:11:01,1929, 125,2411, 57,1067,1138,  1845,  48,  57,   0,12146
11:11:11,1926, 128,2465, 59,1087,1181,  1845,  48,  57,   0,12162
11:11:21,1917, 130,2492, 59,1108,1227,  1850,  48,  57,   0,12181
11:11:31,1882, 126,2371, 58,1061,1125,  1850,  48,  57,   0,12199
11:11:41,1709, 119,2033, 58, 956, 913,  1855,  48,  57,   0,12219
11:12:02,1,0,0,0,0,0,0
11:12:12,1909, 133,2538, 60,1120,1254,  1860,  53,  57,   0,12238
11:12:22,1879, 135,2536, 61,1129,1274,  1860,  54,  57,   0,12255
11:12:32,1879, 138,2593, 63,1155,1334,  1865,  54,  57,   0,12272
11:12:42,1900, 132,2508, 61,1120,1254,  1870,  54,  57,   0,12291
11:12:52,1894, 132,2500, 61,1114,1240,  1875,  54,  57,   0,12311
11:13:02,1903, 133,2530, 61,1120,1254,  1875,  54,  57,   0,12331
11:13:12,1900, 132,2508, 61,1117,1247,  1880,  54,  57,   0,12351
11:13:22,1894, 132,2500, 61,1117,1247,  1885,  54,  57,   0,12369
11:13:32,1888, 132,2492, 61,1108,1227,  1885,  54,  57,   0,12387
11:13:42,1879, 134,2517, 61,1126,1267,  1890,  54,  57,   0,12402
11:13:52,1879, 135,2536, 61,1129,1274,  1895,  54,  57,   0,12418
11:14:02,1891, 132,2496, 61,1114,1240,  1895,  54,  57,   0,12431
11:14:12,1862, 136,2532, 63,1140,1299,  1900,  54,  57,   0,12446
11:14:22,1868, 136,2540, 63,1146,1313,  1905,  54,  57,   0,12465
11:14:32,1876, 133,2495, 62,1126,1267,  1910,  54,  57,   0,12481
11:14:42,1865, 136,2536, 63,1140,1299,  1910,  54,  57,   0,12501
11:14:52,1868, 136,2540, 63,1143,1306,  1915,  54,  57,   0,12520
11:15:02,1859, 136,2528, 63,1140,1299,  1920,  56,  57,   0,12536
11:15:12,1868, 136,2540, 63,1143,1306,  1925,  56,  57,   0,12556
11:15:22,1879, 134,2517, 62,1131,1279,  1925,  56,  57,   0,12574
11:15:32,1876, 134,2513, 62,1129,1274,  1930,  56,  57,   0,12593
11:15:42,1870, 133,2487, 61,1123,1261,  1935,  58,  57,   0,12606
11:15:52,1847, 135,2493, 63,1131,1279,  1935,  58,  57,   0,12623
11:16:02,1838, 138,2536, 64,1149,1320,  1940,  58,  57,   0,12641
11:16:12,1038,  99,1027, 65, 645, 416,  1945,  58,  57,   0,12661
11:16:35,1,0,0,0,0,0,0
11:16:45,1894, 134,2537, 61,1140,1299,  1945,  58,  57,   0,12686
11:16:55,1876, 133,2495, 62,1126,1267,  1950,  58,  57,   0,12705
11:17:05, 882,  85, 749, 61, 492, 242,  1955,  58,  58,   0,12723
11:17:25,1,0,0,0,0,0,0
11:17:35,1885, 137,2582, 62,1155,1334,  1955,  61,  58,   0,12741
11:17:45,1862, 142,2644, 65,1187,1408,  1960,  61,  58,   0,12760
11:17:55,1876, 136,2551, 63,1149,1320,  1965,  61,  58,   0,12779
11:18:05,1865, 139,2592, 64,1167,1361,  1970,  61,  58,   0,12799
11:18:15,1862, 138,2569, 65,1161,1347,  1970,  61,  58,   0,12817
11:18:25,1865, 139,2592, 64,1167,1361,  1975,  61,  58,   0,12835
11:18:35,1862, 139,2588, 64,1161,1347,  1980,  61,  58,   0,12855
11:18:45,1870, 136,2543, 63,1143,1306,  1985,  61,  58,   0,12873
11:18:55,1850, 141,2608, 65,1178,1387,  1985,  61,  58,   0,12889
11:19:05,1832, 144,2638, 66,1187,1408,  1990,  61,  58,   0,12909
11:19:15,1865, 136,2536, 63,1143,1306,  1995,  61,  58,   0,12924
11:19:25,1853, 139,2575, 64,1164,1354,  2000,  61,  58,   0,12944
11:19:35,1838, 141,2591, 65,1170,1368,  2000,  61,  58,   0,12964
11:19:45,1826, 144,2629, 67,1184,1401,  2005,  61,  58,   0,12982
11:19:55,1856, 139,2579, 65,1161,1347,  2010,  61,  58,   0,12997
11:20:05,1868, 133,2484, 62,1120,1254,  2015,  61,  58,   0,13016
11:20:15,1862, 136,2532, 63,1140,1299,  2015,  61,  58,   0,13035
11:20:26,1870, 133,2487, 61,1126,1267,  2020,  61,  58,   0,13049
11:20:36,1856, 135,2505, 63,1137,1292,  2025,  61,  58,   0,13064
11:20:46,1856, 136,2524, 63,1140,1299,  2025,  61,  58,   0,13083
11:20:56,1856, 135,2505, 63,1137,1292,  2030,  61,  58,   0,13102
11:21:06,1859, 135,2509, 62,1137,1292,  2035,  61,  58,   0,13120
11:21:16,1865, 133,2480, 62,1117,1247,  2040,  61,  58,   0,13134
11:21:26,1850, 135,2497, 63,1137,1292,  2040,  61,  58,   0,13150
11:21:36,1844, 135,2489, 63,1129,1274,  2045,  61,  58,   0,13167
11:21:46,1859, 132,2453, 62,1114,1240,  2050,  61,  58,   0,13185
11:21:56,1832, 138,2528, 64,1146,1313,  2050,  61,  58,   0,13202
11:22:06,1826, 140,2556, 65,1158,1340,  2055,  61,  58,   0,13217
11:22:16,1832, 137,2509, 65,1146,1313,  2060,  61,  58,   0,13236
11:22:26,1806, 142,2564, 66,1173,1375,  2065,  61,  58,   0,13251
11:22:36,1821, 140,2549, 65,1164,1354,  2065,  61,  58,   0,13268
11:22:46,1756, 147,2581, 69,1184,1401,  2070,  61,  58,   0,13288
11:22:56,1812, 143,2591, 67,1178,1387,  2075,  61,  58,   0,13303
11:23:06,1838, 137,2518, 64,1143,1306,  2080,  61,  58,   0,13320
11:23:16,1832, 138,2528, 64,1149,1320,  2080,  61,  58,   0,13332
11:23:26,1818, 140,2545, 65,1161,1347,  2085,  61,  58,   0,13346
11:23:36,1768, 147,2598, 69,1187,1408,  2090,  61,  58,   0,13364
11:23:46,1791, 142,2543, 67,1161,1347,  2095,  61,  58,   0,13380
11:23:56,1768, 144,2545, 68,1170,1368,  2095,  61,  58,   0,13396
11:24:06,1791, 141,2525, 67,1155,1334,  2100,  61,  58,   0,13414
11:24:16,1266, 113,1430, 66, 803, 644,  2105,  61,  58,   0,13433
11:24:40,1,0,0,0,0,0,0
11:24:50,1803, 120,2163, 58,1011,1022,  2105,  62,  58,   0,13461
11:25:00,1868, 129,2409, 60,1090,1188,  2110,  63,  58,   0,13479
11:25:10,1856, 129,2394, 61,1087,1181,  2115,  63,  58,   0,13499
11:25:20,1850, 131,2423, 62,1111,1234,  2115,  63,  58,   0,13518
11:25:30,1108,  96,1063, 62, 651, 423,  2120,  63,  58,   0,13538
11:25:51,1,0,0,0,0,0,0
11:26:17,1,0,0,0,0,0,0
11:26:27,1888, 123,2322, 58,1064,1132,  2125,  63,  58,   0,13572
11:26:37,1824, 124,2261, 60,1049,1100,  2125,  63,  58,   0,13589
11:26:47,1310, 106,1388, 62, 771, 594,  2130,  63,  58,   0,13609
11:27:07,1,0,0,0,0,0,0
11:27:33,1,0,0,0,0,0,0
11:27:43,1900, 127,2413, 60,1096,1201,  2135,  64,  62,   0,13638
11:27:53,1891, 127,2401, 59,1087,1181,  2135,  64,  64,   0,13656
11:28:03,1894, 127,2405, 60,1087,1181,  2140,  64,  69,   0,13671
11:28:13,1891, 127,2401, 59,1087,1181,  2140,  64,  74,   0,13686
11:28:23,1888, 127,2397, 59,1087,1181,  2145,  64,  79,   0,13701
11:28:33,1891, 127,2401, 59,1093,1194,  2150,  64,  82,   0,13718
11:28:43,1897, 127,2409, 60,1093,1194,  2150,  64,  85,   0,13735
11:28:53,1897, 127,2409, 60,1093,1194,  2155,  64,  89,   0,13751
11:29:03,1897, 124,2352, 59,1067,1138,  2160,  64,  92,   0,13768
11:29:13,1750, 115,2012, 57, 958, 917,  2160,  64,  93,   0,13787
11:29:23,1651, 109,1799, 55, 882, 777,  2165,  64,  94,   0,13806
11:29:46,1,0,0,0,0,0,0
11:30:11,1,0,0,0,0,0,0
11:30:37,1,0,0,0,0,0,0
11:31:02,1,0,0,0,0,0,0
11:31:12,1935, 128,2476, 59,1114,1240,  2170,  65,  98,   0,13861
11:31:22,1917, 134,2568, 62,1152,1327,  2170,  65,  98,   0,13880
11:31:32,1917, 134,2568, 62,1152,1327,  2175,  65,  98,   0,13897
11:31:42,1920, 127,2438, 59,1108,1227,  2180,  65,  98,   0,13917
11:31:52,1900, 133,2527, 61,1140,1299,  2185,  65,  98,   0,13934
11:32:02,1873, 132,2472, 62,1123,1261,  2185,  65,  98,   0,13954
11:32:12,1909, 130,2481, 61,1117,1247,  2190,  65,  98,   0,13972
11:32:22,1903, 133,2530, 62,1140,1299,  2195,  65,  98,   0,13991
11:32:32,1900, 127,2413, 59,1093,1194,  2195,  65,  98,   0,14011
11:33:01,1,0,0,0,0,0,0
11:33:27,1,0,0,0,0,0,0
11:33:37,1938, 121,2344, 57,1070,1144,  2200,  65,  99,   0,14059
11:33:47,1771, 116,2054, 56, 976, 952,  2205,  65,  99,   0,14079
11:34:13,1,0,0,0,0,0,0
11:34:39,1,0,0,0,0,0,0
11:35:04,1,0,0,0,0,0,0
11:35:30,1,0,0,0,0,0,0
11:35:55,1,0,0,0,0,0,0
11:36:21,1,0,0,0,0,0,0
11:36:46,1,0,0,0,0,0,0
11:37:12,1,0,0,0,0,0,0
11:37:37,1,0,0,0,0,0,0
11:38:03,1,0,0,0,0,0,0
11:38:28,1,0,0,0,0,0,0
11:38:54,1,0,0,0,0,0,0
11:39:19,1,0,0,0,0,0,0
11:39:45,1,0,0,0,0,0,0
11:40:10,1,0,0,0,0,0,0
11:40:36,1,0,0,0,0,0,0
11:41:01,1,0,0,0,0,0,0
11:41:27,1,0,0,0,0,0,0
11:41:52,1,0,0,0,0,0,0
11:42:18,1,0,0,0,0,0,0
11:42:43,1,0,0,0,0,0,0
11:43:09,1,0,0,0,0,0,0
11:43:34,1,0,0,0,0,0,0
11:44:00,1,0,0,0,0,0,0
11:44:25,1,0,0,0,0,0,0
11:44:51,1,0,0,0,0,0,0
11:45:16,1,0,0,0,0,0,0
11:45:42,1,0,0,0,0,0,0
11:46:07,1,0,0,0,0,0,0
11:46:33,1,0,0,0,0,0,0
11:46:59,1,0,0,0,0,0,0
11:47:25,1,0,0,0,0,0,0
11:47:50,1,0,0,0,0,0,0
11:48:16,1,0,0,0,0,0,0
11:48:41,1,0,0,0,0,0,0
11:49:07,1,0,0,0,0,0,0
11:49:32,1,0,0,0,0,0,0
11:49:58,1,0,0,0,0,0,0
11:50:23,1,0,0,0,0,0,0
11:50:49,1,0,0,0,0,0,0
11:51:14,1,0,0,0,0,0,0
11:51:40,1,0,0,0,0,0,0
11:52:05,1,0,0,0,0,0,0
11:52:31,1,0,0,0,0,0,0
11:52:56,1,0,0,0,0,0,0
11:53:22,1,0,0,0,0,0,0
11:53:47,1,0,0,0,0,0,0
11:54:13,1,0,0,0,0,0,0
11:54:38,1,0,0,0,0,0,0
11:55:04,1,0,0,0,0,0,0
11:55:29,1,0,0,0,0,0,0
11:55:55,1,0,0,0,0,0,0
11:56:20,1,0,0,0,0,0,0
11:56:46,1,0,0,0,0,0,0
11:57:11,1,0,0,0,0,0,0
11:57:37,1,0,0,0,0,0,0
11:58:02,1,0,0,0,0,0,0
11:58:28,1,0,0,0,0,0,0
11:58:53,1,0,0,0,0,0,0
11:59:19,1,0,0,0,0,0,0
11:59:44,1,0,0,0,0,0,0
12:00:11,1,0,0,0,0,0,0
12:00:36,1,0,0,0,0,0,0
12:01:02,1,0,0,0,0,0,0
12:01:27,1,0,0,0,0,0,0
12:01:53,1,0,0,0,0,0,0
12:02:18,1,0,0,0,0,0,0
12:02:44,1,0,0,0,0,0,0
12:03:09,1,0,0,0,0,0,0
12:03:35,1,0,0,0,0,0,0
12:04:00,1,0,0,0,0,0,0
12:04:26,1,0,0,0,0,0,0
12:04:51,1,0,0,0,0,0,0
12:05:17,1,0,0,0,0,0,0
12:05:42,1,0,0,0,0,0,0
12:06:08,1,0,0,0,0,0,0
12:06:33,1,0,0,0,0,0,0
12:06:59,1,0,0,0,0,0,0
12:07:24,1,0,0,0,0,0,0
12:07:50,1,0,0,0,0,0,0
12:08:15,1,0,0,0,0,0,0
12:08:41,1,0,0,0,0,0,0
12:09:06,1,0,0,0,0,0,0
12:09:32,1,0,0,0,0,0,0
12:09:57,1,0,0,0,0,0,0
12:10:23,1,0,0,0,0,0,0
12:10:48,1,0,0,0,0,0,0
12:11:14,1,0,0,0,0,0,0
12:11:39,1,0,0,0,0,0,0
12:12:05,1,0,0,0,0,0,0
12:12:30,1,0,0,0,0,0,0
12:12:56,1,0,0,0,0,0,0
12:13:22,1,0,0,0,0,0,0
12:13:48,1,0,0,0,0,0,0
12:14:13,1,0,0,0,0,0,0
12:14:39,1,0,0,0,0,0,0
12:15:04,1,0,0,0,0,0,0
12:15:30,1,0,0,0,0,0,0
12:15:55,1,0,0,0,0,0,0
12:16:21,1,0,0,0,0,0,0
12:16:46,1,0,0,0,0,0,0
12:17:12,1,0,0,0,0,0,0
12:17:37,1,0,0,0,0,0,0
12:18:03,1,0,0,0,0,0,0
12:18:28,1,0,0,0,0,0,0
12:18:54,1,0,0,0,0,0,0
12:19:19,1,0,0,0,0,0,0
12:19:45,1,0,0,0,0,0,0
12:20:10,1,0,0,0,0,0,0
12:20:36,1,0,0,0,0,0,0
12:21:01,1,0,0,0,0,0,0
12:21:27,1,0,0,0,0,0,0
12:21:52,1,0,0,0,0,0,0
12:22:18,1,0,0,0,0,0,0
12:22:43,1,0,0,0,0,0,0
12:23:09,1,0,0,0,0,0,0
12:23:34,1,0,0,0,0,0,0
12:24:00,1,0,0,0,0,0,0
12:24:25,1,0,0,0,0,0,0
12:24:51,1,0,0,0,0,0,0
12:25:16,1,0,0,0,0,0,0
12:25:42,1,0,0,0,0,0,0
12:26:07,1,0,0,0,0,0,0
12:26:34,1,0,0,0,0,0,0
12:26:59,1,0,0,0,0,0,0
12:27:25,1,0,0,0,0,0,0
12:27:50,1,0,0,0,0,0,0
12:28:16,1,0,0,0,0,0,0
12:28:41,1,0,0,0,0,0,0
12:29:07,1,0,0,0,0,0,0
12:29:32,1,0,0,0,0,0,0
12:29:58,1,0,0,0,0,0,0
12:30:23,1,0,0,0,0,0,0
12:30:49,1,0,0,0,0,0,0
12:31:14,1,0,0,0,0,0,0
12:31:40,1,0,0,0,0,0,0
12:32:05,1,0,0,0,0,0,0
12:32:31,1,0,0,0,0,0,0
12:32:56,1,0,0,0,0,0,0
12:33:22,1,0,0,0,0,0,0
12:33:47,1,0,0,0,0,0,0
12:34:13,1,0,0,0,0,0,0
12:34:34,1,0,0,0,0,0,0
