time,VIn,AIn,PIn,PWM,VOut,POut,EnProd,CNT1,CNT2,CNT3,CNT4
08:14:14,0,0,0,0,0,0,0
08:14:14,1,0,0,0,0,0,0
08:14:21,1800,  74,1332, 62,1079,1164,     0,   0,   0,   1,  13
08:14:31,1803,  74,1334, 62,1076,1157,     5,   0,   0,   1,  32
08:14:41,1809,  71,1284, 60,1058,1119,     5,   0,   0,   1,  47
08:14:51,1818,  72,1308, 60,1070,1144,    10,   0,   0,   1,  66
08:15:01,1824,  69,1258, 59,1049,1100,    10,   0,   0,   1,  85
08:15:11,1803,  74,1334, 62,1076,1157,    15,   0,   0,   1, 103
08:15:21,1826,  69,1259, 59,1046,1094,    20,   0,   0,   1, 119
08:15:31,1803,  74,1334, 61,1076,1157,    20,   0,   0,   1, 138
08:15:41,1812,  72,1304, 61,1064,1132,    25,   0,   0,   1, 157
08:15:51,1815,  72,1306, 61,1064,1132,    30,   0,   0,   1, 170
08:16:01,1812,  72,1304, 61,1064,1132,    30,   0,   0,   1, 190
08:16:11,1824,  69,1258, 59,1049,1100,    35,   0,   0,   1, 208
08:16:21,1797,  74,1329, 62,1076,1157,    40,   0,   0,   1, 228
08:16:31,1791,  77,1379, 63,1096,1201,    40,   0,   0,   1, 248
08:16:41,1788,  77,1376, 63,1093,1194,    45,   0,   0,   1, 263
08:16:51,1809,  72,1302, 61,1064,1132,    45,   0,   0,   1, 280
08:17:01,1812,  72,1304, 61,1064,1132,    50,   0,   0,   1, 300
08:17:11,1806,  71,1282, 61,1058,1119,    55,   0,   0,   1, 311
08:17:21,1815,  72,1306, 60,1067,1138,    55,   0,   0,   1, 331
08:17:31,1818,  69,1254, 59,1046,1094,    60,   0,   0,   1, 349
08:17:41,1824,  69,1258, 58,1046,1094,    65,   0,   0,   1, 369
08:17:51,1821,  69,1256, 59,1046,1094,    65,   0,   0,   1, 387
08:18:01,1821,  69,1256, 59,1046,1094,    70,   0,   0,   1, 406
08:18:11,1806,  72,1300, 60,1061,1125,    70,   0,   0,   1, 424
08:18:22,1806,  71,1282, 60,1058,1119,    75,   0,   0,   1, 441
08:18:32,1821,  69,1256, 60,1046,1094,    80,   0,   0,   1, 459
08:18:42,1809,  72,1302, 60,1067,1138,    80,   0,   0,   1, 478
08:18:52,1812,  72,1304, 61,1064,1132,    85,   0,   0,   1, 498
08:19:02,1824,  70,1276, 59,1052,1106,    90,   0,   0,   1, 513
08:19:12,1809,  72,1302, 61,1061,1125,    90,   0,   0,   1, 528
08:19:22,1812,  73,1322, 60,1070,1144,    95,   0,   0,   1, 548
08:19:32,1812,  72,1304, 60,1064,1132,    95,   0,   0,   1, 567
08:19:42,1824,  69,1258, 60,1046,1094,   100,   0,   0,   1, 587
08:19:52,1824,  69,1258, 59,1049,1100,   105,   0,   0,   1, 607
08:20:02,1824,  69,1258, 59,1049,1100,   105,   0,   0,   1, 624
08:20:12,1826,  69,1259, 58,1052,1106,   110,   0,   0,   1, 637
08:20:22,1826,  69,1259, 58,1049,1100,   110,   0,   0,   1, 654
08:20:32,1829,  70,1280, 58,1052,1106,   115,   0,   0,   1, 672
08:20:42,1829,  70,1280, 58,1052,1106,   120,   0,   0,   1, 690
08:20:52,1829,  70,1280, 58,1055,1113,   120,   0,   0,   1, 706
08:21:02,1826,  70,1278, 58,1052,1106,   125,   0,   0,   1, 721
08:21:12,1829,  70,1280, 58,1052,1106,   130,   0,   0,   1, 734
08:21:22,1824,  69,1258, 59,1049,1100,   130,   0,   0,   1, 747
08:21:32,1797,  74,1329, 62,1079,1164,   135,   0,   0,   1, 764
08:21:42,1824,  69,1258, 59,1052,1106,   135,   0,   0,   1, 780
08:21:52,1797,  75,1347, 62,1079,1164,   140,   0,   0,   1, 800
08:22:02,1824,  70,1276, 58,1049,1100,   145,   0,   0,   1, 818
08:22:12,1818,  73,1327, 61,1070,1144,   145,   0,   0,   1, 837
08:22:22,1818,  72,1308, 61,1070,1144,   150,   0,   0,   1, 855
08:22:32,1829,  70,1280, 58,1052,1106,   155,   0,   0,   1, 870
08:22:42,1826,  70,1278, 58,1049,1100,   155,   0,   0,   1, 885
08:22:52,1832,  70,1282, 58,1055,1113,   160,   0,   0,   1, 901
08:23:02,1824,  70,1276, 59,1052,1106,   160,   0,   0,   1, 916
08:23:12,1824,  70,1276, 59,1049,1100,   165,   0,   0,   1, 931
08:23:22,1829,  70,1280, 58,1052,1106,   170,   0,   0,   1, 946
08:23:32,1824,  69,1258, 59,1049,1100,   170,   0,   0,   1, 958
08:23:42,1812,  72,1304, 60,1067,1138,   175,   0,   0,   1, 972
08:23:52,1826,  70,1278, 59,1052,1106,   180,   0,   0,   1, 991
08:24:02,1800,  75,1350, 62,1079,1164,   180,   0,   0,   1,1008
08:24:12,1826,  70,1278, 58,1052,1106,   185,   0,   0,   1,1024
08:24:22,1824,  70,1276, 59,1049,1100,   185,   0,   0,   1,1038
08:24:32,1824,  70,1276, 58,1052,1106,   190,   0,   0,   1,1049
08:24:42,1826,  70,1278, 58,1052,1106,   195,   0,   0,   1,1064
08:24:52,1826,  69,1259, 58,1049,1100,   195,   0,   0,   1,1081
08:25:02,1824,  69,1258, 58,1049,1100,   200,   0,   0,   1,1098
08:25:12,1829,  70,1280, 58,1055,1113,   200,   0,   0,   1,1113
08:25:22,1826,  70,1278, 58,1052,1106,   205,   0,   0,   1,1129
08:25:32,1824,  69,1258, 58,1049,1100,   210,   0,   0,   1,1147
08:25:42,1824,  70,1276, 58,1049,1100,   210,   0,   0,   1,1160
08:25:52,1826,  69,1259, 58,1052,1106,   215,   0,   0,   1,1176
08:26:02,1821,  69,1256, 59,1049,1100,   220,   0,   0,   1,1190
08:26:12,1824,  70,1276, 59,1052,1106,   220,   0,   0,   1,1204
08:26:22,1829,  70,1280, 58,1052,1106,   225,   0,   0,   1,1222
08:26:32,1826,  70,1278, 58,1052,1106,   225,   0,   0,   1,1237
08:26:42,1826,  70,1278, 58,1055,1113,   230,   0,   0,   1,1254
08:26:52,1824,  69,1258, 58,1052,1106,   235,   0,   0,   1,1273
08:27:02,1824,  69,1258, 58,1049,1100,   235,   0,   0,   1,1290
08:27:12,1832,  67,1227, 59,1035,1071,   240,   0,   0,   1,1304
08:27:22,1838,  66,1213, 59,1035,1071,   245,   0,   0,   1,1318
08:27:32,1832,  67,1227, 59,1035,1071,   245,   0,   0,   1,1330
08:27:42,1841,  67,1233, 59,1035,1071,   250,   0,   0,   1,1347
08:27:52,1838,  67,1231, 59,1038,1077,   250,   0,   0,   1,1364
08:28:02,1838,  67,1231, 59,1032,1065,   255,   0,   0,   1,1384
08:28:12,1838,  67,1231, 59,1038,1077,   260,   0,   0,   1,1401
08:28:22,1835,  67,1229, 59,1038,1077,   260,   0,   0,   1,1419
08:28:32,1838,  67,1231, 59,1041,1083,   265,   0,   0,   1,1437
08:28:42,1841,  67,1233, 59,1041,1083,   265,   0,   0,   1,1456
08:28:52,1838,  66,1213, 59,1032,1065,   270,   0,   0,   1,1476
08:29:02,1838,  67,1231, 59,1038,1077,   275,   0,   0,   1,1496
08:29:12,1838,  67,1231, 59,1035,1071,   275,   0,   0,   1,1516
08:29:22,1835,  67,1229, 59,1038,1077,   280,   0,   0,   1,1536
08:29:32,1841,  67,1233, 59,1038,1077,   285,   0,   0,   1,1556
08:29:42,1841,  67,1233, 59,1041,1083,   285,   0,   0,   1,1575
08:29:52,1844,  67,1235, 59,1038,1077,   290,   0,   0,   1,1595
08:30:02,1841,  67,1233, 59,1041,1083,   290,   0,   0,   1,1615
08:30:12,1841,  67,1233, 59,1041,1083,   295,   0,   0,   1,1635
08:30:22,1844,  67,1235, 59,1038,1077,   300,   0,   0,   1,1655
08:30:32,1841,  67,1233, 59,1041,1083,   300,   0,   0,   1,1675
08:30:42,1847,  67,1237, 59,1038,1077,   305,   0,   0,   1,1695
08:30:52,1841,  66,1215, 59,1038,1077,   305,   0,   0,   1,1715
08:31:02,1847,  67,1237, 59,1041,1083,   310,   0,   0,   1,1735
08:31:12,1838,  67,1231, 59,1038,1077,   315,   0,   0,   1,1755
08:31:22,1832,  69,1264, 59,1052,1106,   315,   0,   0,   1,1774
08:31:32,1832,  70,1282, 59,1058,1119,   320,   0,   0,   1,1794
08:31:42,1832,  70,1282, 59,1055,1113,   325,   0,   0,   1,1814
08:31:52,1829,  70,1280, 59,1055,1113,   325,   0,   0,   1,1834
08:32:02,1832,  69,1264, 59,1055,1113,   330,   0,   0,   1,1854
08:32:12,1832,  69,1264, 59,1052,1106,   330,   0,   0,   1,1874
08:32:22,1832,  70,1282, 59,1058,1119,   335,   0,   0,   1,1894
08:32:32,1835,  70,1284, 59,1058,1119,   340,   0,   0,   1,1914
08:32:42,1832,  70,1282, 59,1055,1113,   340,   0,   0,   1,1934
08:32:52,1832,  70,1282, 59,1055,1113,   345,   0,   0,   1,1954
08:33:02,1832,  70,1282, 59,1055,1113,   350,   0,   0,   1,1974
08:33:12,1835,  70,1284, 59,1058,1119,   350,   0,   0,   1,1994
08:33:22,1832,  69,1264, 59,1055,1113,   355,   0,   0,   1,2012
08:33:32,1835,  70,1284, 59,1058,1119,   355,   0,   0,   1,2032
08:33:42,1832,  70,1282, 59,1058,1119,   360,   0,   0,   1,2052
08:33:52,1832,  70,1282, 59,1058,1119,   365,   0,   0,   1,2072
08:34:02,1832,  69,1264, 59,1055,1113,   365,   0,   0,   1,2092
08:34:12,1835,  70,1284, 59,1061,1125,   370,   0,   0,   1,2112
08:34:22,1832,  70,1282, 59,1055,1113,   370,   0,   0,   1,2132
08:34:32,1835,  70,1284, 59,1058,1119,   375,   0,   0,   1,2152
08:34:42,1835,  70,1284, 59,1055,1113,   380,   0,   0,   1,2172
08:34:52,1829,  69,1262, 59,1055,1113,   380,   0,   0,   1,2192
08:35:02,1829,  70,1280, 59,1055,1113,   385,   0,   0,   1,2212
08:35:12,1829,  70,1280, 59,1055,1113,   390,   0,   0,   1,2232
08:35:22,1832,  70,1282, 59,1055,1113,   390,   0,   0,   1,2252
08:35:32,1832,  69,1264, 59,1055,1113,   395,   0,   0,   1,2272
08:35:42,1832,  70,1282, 59,1055,1113,   395,   0,   0,   1,2292
08:35:52,1829,  69,1262, 59,1055,1113,   400,   0,   0,   1,2312
08:36:02,1832,  70,1282, 59,1058,1119,   405,   0,   0,   1,2332
08:36:12,1829,  69,1262, 59,1052,1106,   405,   0,   0,   1,2352
08:36:22,1829,  70,1280, 59,1055,1113,   410,   0,   0,   1,2372
08:36:32,1829,  69,1262, 59,1052,1106,   415,   0,   0,   1,2392
08:36:42,1832,  70,1282, 59,1058,1119,   415,   0,   0,   1,2412
08:36:52,1829,  69,1262, 59,1052,1106,   420,   0,   0,   1,2432
08:37:02,1832,  69,1264, 59,1052,1106,   420,   0,   0,   1,2452
08:37:12,1832,  70,1282, 59,1055,1113,   425,   0,   0,   1,2472
08:37:22,1832,  69,1264, 59,1052,1106,   430,   0,   0,   1,2492
08:37:32,1829,  70,1280, 59,1055,1113,   430,   0,   0,   1,2512
08:37:42,1829,  69,1262, 59,1055,1113,   435,   0,   0,   1,2532
08:37:52,1832,  69,1264, 59,1055,1113,   435,   0,   0,   1,2552
08:38:02,1826,  69,1259, 59,1055,1113,   440,   0,   0,   1,2572
08:38:12,1829,  69,1262, 59,1055,1113,   445,   0,   0,   1,2592
08:38:22,1832,  69,1264, 59,1052,1106,   445,   0,   0,   1,2611
08:38:32,1829,  69,1262, 59,1055,1113,   450,   0,   0,   1,2631
08:38:42,1829,  69,1262, 59,1052,1106,   455,   0,   0,   1,2651
08:38:52,1832,  69,1264, 59,1058,1119,   455,   0,   0,   1,2671
08:39:02,1829,  69,1262, 59,1055,1113,   460,   0,   0,   1,2691
08:39:12,1829,  69,1262, 59,1055,1113,   460,   0,   0,   1,2711
08:39:22,1829,  69,1262, 59,1055,1113,   465,   0,   0,   1,2731
08:39:32,1832,  69,1264, 59,1055,1113,   470,   0,   0,   1,2751
08:39:42,1829,  69,1262, 59,1052,1106,   470,   0,   0,   1,2771
08:39:52,1832,  69,1264, 59,1055,1113,   475,   0,   0,   1,2791
08:40:02,1829,  69,1262, 59,1055,1113,   480,   0,   0,   1,2811
08:40:12,1829,  69,1262, 59,1055,1113,   480,   0,   0,   1,2831
08:40:22,1829,  69,1262, 59,1055,1113,   485,   0,   0,   1,2851
08:40:32,1832,  69,1264, 59,1052,1106,   485,   0,   0,   1,2871
08:40:42,1832,  70,1282, 59,1055,1113,   490,   0,   0,   1,2891
08:40:53,1829,  69,1262, 59,1052,1106,   495,   0,   0,   1,2911
08:41:03,1826,  69,1259, 59,1052,1106,   495,   0,   0,   1,2931
08:41:13,1829,  69,1262, 59,1055,1113,   500,   0,   0,   1,2951
08:41:23,1829,  69,1262, 59,1052,1106,   500,   0,   0,   1,2971
08:41:33,1829,  69,1262, 59,1055,1113,   505,   0,   0,   1,2991
08:41:43,1832,  69,1264, 59,1052,1106,   510,   0,   0,   1,3011
08:41:53,1826,  70,1278, 59,1055,1113,   510,   0,   0,   1,3031
08:42:03,1829,  69,1262, 59,1052,1106,   515,   0,   0,   1,3051
08:42:13,1829,  69,1262, 59,1052,1106,   520,   0,   0,   1,3070
08:42:23,1829,  69,1262, 59,1052,1106,   520,   0,   0,   1,3089
08:42:33,1832,  69,1264, 59,1055,1113,   525,   0,   0,   1,3109
08:42:43,1832,  69,1264, 59,1055,1113,   525,   0,   0,   1,3129
08:42:53,1832,  69,1264, 59,1055,1113,   530,   0,   0,   1,3149
08:43:03,1832,  69,1264, 59,1058,1119,   535,   0,   0,   1,3169
08:43:13,1832,  69,1264, 59,1058,1119,   535,   0,   0,   1,3189
08:43:23,1832,  69,1264, 59,1058,1119,   540,   0,   0,   1,3209
08:43:33,1835,  69,1266, 59,1055,1113,   540,   0,   0,   1,3229
08:43:43,1832,  69,1264, 59,1055,1113,   545,   0,   0,   1,3249
08:43:53,1832,  69,1264, 59,1055,1113,   550,   0,   0,   1,3269
08:44:03,1838,  70,1286, 59,1061,1125,   550,   0,   0,   1,3289
08:44:13,1835,  69,1266, 59,1058,1119,   555,   0,   0,   1,3308
08:44:23,1835,  69,1266, 59,1058,1119,   560,   0,   0,   1,3328
08:44:33,1832,  69,1264, 59,1058,1119,   560,   0,   0,   1,3348
08:44:43,1832,  69,1264, 59,1055,1113,   565,   0,   0,   1,3367
08:44:53,1829,  72,1316, 59,1073,1151,   565,   0,   0,   1,3386
08:45:03,1835,  70,1284, 59,1055,1113,   570,   0,   0,   1,3406
08:45:13,1832,  69,1264, 59,1055,1113,   575,   0,   0,   1,3426
08:45:23,1835,  70,1284, 59,1058,1119,   575,   0,   0,   1,3446
08:45:33,1835,  69,1266, 59,1055,1113,   580,   0,   0,   1,3466
08:45:43,1835,  70,1284, 59,1058,1119,   585,   0,   0,   1,3486
08:45:53,1832,  70,1282, 59,1055,1113,   585,   0,   0,   1,3506
08:46:03,1826,  72,1314, 59,1070,1144,   590,   0,   0,   1,3526
08:46:13,1835,  70,1284, 59,1055,1113,   590,   0,   0,   1,3542
08:46:23,1835,  70,1284, 59,1058,1119,   595,   0,   0,   1,3561
08:46:33,1835,  69,1266, 59,1058,1119,   600,   0,   0,   1,3581
08:46:43,1835,  69,1266, 59,1052,1106,   600,   0,   0,   1,3601
08:46:53,1832,  70,1282, 59,1058,1119,   605,   0,   0,   1,3621
08:47:03,1835,  69,1266, 59,1055,1113,   605,   0,   0,   1,3641
08:47:13,1832,  69,1264, 59,1055,1113,   610,   0,   0,   1,3661
08:47:23,1832,  69,1264, 59,1055,1113,   615,   0,   0,   1,3681
08:47:33,1829,  69,1262, 59,1052,1106,   615,   0,   0,   1,3701
08:47:43,1832,  69,1264, 59,1055,1113,   620,   0,   0,   1,3721
08:47:53,1832,  70,1282, 59,1058,1119,   625,   0,   0,   1,3741
08:48:03,1829,  69,1262, 59,1058,1119,   625,   0,   0,   1,3761
08:48:13,1832,  70,1282, 59,1055,1113,   630,   0,   0,   1,3781
08:48:23,1832,  69,1264, 59,1052,1106,   630,   0,   0,   1,3801
08:48:33,1832,  69,1264, 59,1055,1113,   635,   0,   0,   1,3821
08:48:43,1829,  69,1262, 59,1052,1106,   640,   0,   0,   1,3841
08:48:53,1829,  69,1262, 59,1049,1100,   640,   0,   0,   1,3861
08:49:03,1826,  70,1278, 59,1055,1113,   645,   0,   0,   1,3881
08:49:13,1832,  69,1264, 59,1052,1106,   650,   0,   0,   1,3901
08:49:23,1829,  69,1262, 59,1052,1106,   650,   0,   0,   1,3921
08:49:33,1832,  69,1264, 59,1052,1106,   655,   0,   0,   1,3941
08:49:43,1835,  69,1266, 59,1055,1113,   655,   0,   0,   1,3961
08:49:53,1829,  69,1262, 59,1049,1100,   660,   0,   0,   1,3981
08:50:03,1832,  70,1282, 59,1058,1119,   665,   0,   0,   1,4001
08:50:13,1835,  69,1266, 59,1052,1106,   665,   0,   0,   1,4021
08:50:23,1829,  69,1262, 59,1052,1106,   670,   0,   0,   1,4041
08:50:33,1832,  69,1264, 59,1055,1113,   670,   0,   0,   1,4061
08:50:43,1832,  69,1264, 59,1055,1113,   675,   0,   0,   1,4081
08:50:53,1832,  70,1282, 59,1055,1113,   680,   0,   0,   1,4101
08:51:03,1829,  69,1262, 59,1052,1106,   680,   0,   0,   1,4121
08:51:13,1832,  69,1264, 59,1055,1113,   685,   0,   0,   1,4141
08:51:23,1826,  69,1259, 59,1052,1106,   690,   0,   0,   1,4160
08:51:33,1832,  66,1209, 59,1035,1071,   690,   1,   0,   1,4178
08:51:43,1829,  69,1262, 59,1055,1113,   695,   2,   0,   1,4193
08:51:53,1832,  69,1264, 59,1055,1113,   695,   2,   0,   1,4213
08:52:04,1835,  69,1266, 59,1052,1106,   700,   2,   0,   1,4233
08:52:14,1832,  69,1264, 59,1058,1119,   705,   2,   0,   1,4253
08:52:24,1835,  69,1266, 59,1055,1113,   705,   2,   0,   1,4271
08:52:34,1832,  69,1264, 59,1052,1106,   710,   2,   0,   1,4291
08:52:44,1835,  70,1284, 59,1058,1119,   710,   2,   0,   1,4311
08:52:54,1835,  69,1266, 59,1061,1125,   715,   2,   0,   1,4331
08:53:04,1838,  69,1268, 59,1055,1113,   720,   2,   0,   1,4351
08:53:14,1838,  69,1268, 59,1055,1113,   720,   2,   0,   1,4370
08:53:24,1835,  70,1284, 59,1058,1119,   725,   2,   0,   1,4390
08:53:34,1824,  72,1313, 59,1076,1157,   730,   2,   0,   1,4409
08:53:44,1818,  74,1345, 59,1087,1181,   730,   2,   0,   1,4429
08:53:54,1832,  69,1264, 59,1058,1119,   735,   2,   0,   1,4447
08:54:04,1835,  69,1266, 59,1058,1119,   735,   2,   0,   1,4465
08:54:14,1826,  72,1314, 59,1076,1157,   740,   2,   0,   1,4485
08:54:24,1806,  77,1390, 59,1105,1221,   745,   2,   0,   1,4501
08:54:34,1829,  72,1316, 59,1079,1164,   745,   2,   0,   1,4520
08:54:44,1826,  72,1314, 59,1073,1151,   750,   2,   0,   1,4540
08:54:53,1826,  69,1259, 59,1052,1106,   755,   2,   0,   1,4559
08:55:04,1824,  65,1185, 57,1026,1052,   755,   2,   0,   1,4578
08:55:14,1832,  63,1154, 56,1008,1016,   760,   2,   1,   1,4597
08:55:23,1832,  63,1154, 56,1008,1016,   765,   2,   2,   1,4616
08:55:33,1832,  63,1154, 56,1008,1016,   765,   2,   3,   1,4635
08:55:43,1835,  63,1156, 56,1008,1016,   770,   2,   3,   1,4655
08:55:53,1841,  63,1159, 56,1017,1034,   770,   2,   8,   1,4670
08:56:03,1841,  64,1178, 57,1014,1028,   775,   2,  15,   1,4683
08:56:13,1829,  65,1188, 57,1029,1058,   775,   2,  23,   1,4695
08:56:23,1835,  66,1211, 57,1029,1058,   780,   2,  30,   1,4708
08:56:33,1838,  66,1213, 57,1035,1071,   780,   2,  35,   1,4723
08:56:43,1835,  66,1211, 57,1032,1065,   785,   2,  41,   1,4737
08:56:53,1835,  66,1211, 57,1032,1065,   790,   2,  44,   1,4754
08:57:03,1835,  66,1211, 57,1032,1065,   790,   2,  47,   1,4771
08:57:13,1832,  66,1209, 57,1032,1065,   795,   2,  49,   1,4789
08:57:23,1838,  63,1157, 57,1011,1022,   795,   2,  52,   1,4806
08:57:33,1832,  66,1209, 57,1032,1065,   800,   2,  55,   1,4823
08:57:43,1832,  66,1209, 57,1029,1058,   800,   2,  58,   1,4840
08:57:53,1838,  66,1213, 57,1038,1077,   805,   2,  61,   1,4857
08:58:03,1835,  66,1211, 57,1032,1065,   810,   2,  65,   1,4873
08:58:13,1838,  66,1213, 57,1035,1071,   810,   2,  67,   1,4891
08:58:23,1835,  66,1211, 57,1032,1065,   815,   2,  67,   1,4911
08:58:33,1838,  66,1213, 57,1035,1071,   815,   2,  70,   1,4928
08:58:43,1844,  66,1217, 58,1038,1077,   820,   2,  74,   1,4944
08:58:53,1841,  66,1215, 58,1038,1077,   825,   2,  80,   1,4958
08:59:03,1824,  72,1313, 60,1073,1151,   825,   2,  83,   1,4975
08:59:13,1818,  72,1308, 60,1067,1138,   830,   2,  83,   1,4994
08:59:23,1782,  79,1407, 64,1117,1247,   830,   2,  83,   1,5012
08:59:33,1821,  71,1292, 60,1067,1138,   835,   2,  83,   1,5032
08:59:43,1844,  66,1217, 59,1035,1071,   840,   3,  83,   1,5048
08:59:53,1844,  66,1217, 59,1038,1077,   840,   3,  83,   1,5064
09:00:03,1844,  66,1217, 59,1041,1083,   845,   3,  83,   1,5080
09:00:13,1847,  67,1237, 59,1041,1083,   850,   3,  83,   1,5094
09:00:23,1829,  69,1262, 59,1055,1113,   850,   4,  83,   1,5110
09:00:33,1847,  66,1219, 59,1038,1077,   855,   5,  83,   1,5128
09:00:43,1844,  67,1235, 59,1038,1077,   855,   5,  83,   1,5141
09:00:53,1847,  67,1237, 59,1043,1087,   860,   5,  83,   1,5157
09:01:03,1838,  70,1286, 58,1055,1113,   865,   6,  83,   1,5176
09:01:13,1838,  69,1268, 59,1058,1119,   865,   7,  83,   1,5194
09:01:23,1838,  69,1268, 58,1055,1113,   870,   8,  83,   1,5210
09:01:33,1838,  69,1268, 58,1058,1119,   870,   8,  83,   1,5226
09:01:43,1835,  69,1266, 58,1058,1119,   875,  10,  83,   1,5242
09:01:53,1835,  69,1266, 58,1055,1113,   880,  10,  83,   1,5257
09:02:03,1835,  69,1266, 58,1058,1119,   880,  10,  83,   1,5274
09:02:13,1829,  69,1262, 59,1052,1106,   885,  12,  83,   1,5285
09:02:23,1835,  69,1266, 59,1058,1119,   890,  12,  83,   1,5298
09:02:33,1829,  69,1262, 59,1052,1106,   890,  12,  83,   1,5309
09:02:43,1829,  68,1243, 59,1052,1106,   895,  15,  83,   1,5319
09:02:53,1829,  69,1262, 60,1052,1106,   895,  15,  83,   1,5335
09:03:03,1835,  69,1266, 59,1055,1113,   900,  15,  83,   1,5354
09:03:13,1829,  68,1243, 59,1052,1106,   905,  16,  83,   1,5365
09:03:23,1829,  69,1262, 59,1052,1106,   905,  17,  83,   1,5379
09:03:33,1832,  68,1245, 59,1049,1100,   910,  18,  83,   1,5389
09:03:43,1818,  71,1290, 60,1067,1138,   910,  18,  83,   1,5408
09:03:53,1818,  72,1308, 60,1067,1138,   915,  18,  83,   1,5428
09:04:04,1818,  71,1290, 61,1067,1138,   920,  18,  83,   1,5448
09:04:14,1829,  69,1262, 59,1058,1119,   920,  19,  83,   1,5463
09:04:24,1832,  69,1264, 59,1055,1113,   925,  19,  83,   1,5483
09:04:34,1821,  71,1292, 60,1070,1144,   930,  19,  83,   1,5502
09:04:44,1826,  68,1241, 60,1049,1100,   930,  19,  83,   1,5522
09:04:54,1803,  74,1334, 61,1082,1170,   935,  19,  83,   1,5540
09:05:04,1824,  68,1240, 60,1046,1094,   940,  19,  83,   1,5555
09:05:14,1826,  69,1259, 59,1049,1100,   940,  19,  83,   1,5575
09:05:24,1812,  72,1304, 60,1070,1144,   945,  19,  83,   1,5594
09:05:34,1821,  68,1238, 60,1046,1094,   945,  19,  83,   1,5612
09:05:44,1794,  74,1327, 61,1076,1157,   950,  19,  83,   1,5630
09:05:54,1800,  74,1332, 61,1082,1170,   955,  19,  83,   1,5646
09:06:04,1768,  79,1396, 64,1102,1214,   955,  19,  83,   1,5664
09:06:14,1780,  79,1406, 64,1114,1240,   960,  19,  83,   1,5682
09:06:24,1800,  77,1386, 62,1099,1207,   965,  19,  83,   1,5702
09:06:34,1806,  74,1336, 61,1082,1170,   965,  19,  83,   1,5718
09:06:44,1768,  79,1396, 65,1105,1221,   970,  19,  83,   1,5737
09:06:54,1706,  86,1467, 68,1126,1267,   975,  19,  83,   1,5754
09:07:04,1639,  89,1458, 70,1123,1261,   975,  19,  83,   1,5772
09:07:14,1700,  85,1445, 68,1126,1267,   980,  19,  83,   1,5786
09:07:24,1750,  81,1417, 65,1114,1240,   985,  19,  83,   1,5804
09:07:34,1750,  81,1417, 65,1111,1234,   985,  19,  83,   1,5817
09:07:44,1680,  84,1411, 68,1111,1234,   990,  19,  83,   1,5835
09:07:54,1568,  87,1364, 72,1090,1188,   995,  19,  83,   1,5854
09:08:04,1662,  87,1445, 69,1117,1247,  1000,  19,  83,   1,5870
09:08:14,1697,  89,1510, 69,1140,1299,  1000,  19,  83,   1,5887
09:08:24,1768,  81,1432, 66,1123,1261,  1005,  19,  83,   1,5903
09:08:34,1782,  79,1407, 64,1117,1247,  1010,  19,  83,   1,5917
09:08:44,1826,  72,1314, 61,1076,1157,  1010,  19,  83,   1,5933
09:08:54,1847,  66,1219, 59,1038,1077,  1015,  19,  83,   1,5951
09:09:04,1844,  70,1290, 59,1064,1132,  1020,  19,  83,   1,5970
09:09:14,1838,  72,1323, 61,1082,1170,  1020,  19,  83,   1,5990
09:09:24,1847,  69,1274, 60,1061,1125,  1025,  19,  83,   1,6006
09:09:34,1835,  72,1321, 60,1082,1170,  1025,  19,  83,   1,6024
09:09:44,1847,  69,1274, 59,1061,1125,  1030,  19,  83,   1,6040
09:09:54,1859,  67,1245, 59,1046,1094,  1035,  19,  83,   1,6053
09:10:04,1862,  67,1247, 59,1049,1100,  1035,  19,  83,   1,6066
09:10:14,1865,  67,1249, 59,1046,1094,  1040,  19,  83,   1,6080
09:10:24,1862,  67,1247, 59,1052,1106,  1045,  19,  83,   1,6096
09:10:34,1856,  67,1243, 59,1043,1087,  1045,  19,  83,   1,6112
09:10:44,1853,  70,1297, 59,1064,1132,  1050,  19,  83,   1,6128
09:10:54,1850,  69,1276, 59,1067,1138,  1050,  19,  83,   1,6143
09:11:04,1844,  69,1272, 59,1064,1132,  1055,  19,  83,   1,6157
09:11:14,1850,  70,1295, 59,1067,1138,  1060,  19,  83,   1,6171
09:11:24,1862,  67,1247, 59,1052,1106,  1060,  19,  83,   1,6185
09:11:34,1847,  69,1274, 59,1061,1125,  1065,  19,  83,   1,6202
09:11:44,1853,  70,1297, 59,1067,1138,  1070,  19,  83,   1,6217
09:11:54,1856,  67,1243, 59,1049,1100,  1070,  19,  83,   1,6230
09:12:04,1862,  67,1247, 59,1052,1106,  1075,  19,  83,   1,6244
09:12:14,1862,  67,1247, 59,1052,1106,  1075,  19,  83,   1,6262
09:12:24,1853,  70,1297, 59,1064,1132,  1080,  19,  83,   1,6281
09:12:34,1862,  67,1247, 59,1052,1106,  1085,  19,  83,   1,6298
09:12:44,1862,  67,1247, 59,1052,1106,  1085,  19,  83,   1,6316
09:12:54,1865,  67,1249, 59,1046,1094,  1090,  19,  83,   1,6333
09:13:04,1862,  67,1247, 59,1049,1100,  1090,  19,  83,   1,6351
09:13:14,1862,  67,1247, 59,1052,1106,  1095,  19,  83,   1,6370
09:13:24,1862,  67,1247, 59,1046,1094,  1100,  19,  83,   1,6387
09:13:34,1870,  67,1252, 59,1049,1100,  1100,  19,  83,   1,6403
09:13:44,1868,  67,1251, 59,1052,1106,  1105,  19,  83,   1,6423
09:13:54,1865,  67,1249, 59,1052,1106,  1110,  19,  83,   1,6443
09:14:04,1870,  67,1252, 59,1055,1113,  1110,  19,  83,   1,6463
09:14:14,1865,  67,1249, 59,1052,1106,  1115,  19,  83,   1,6483
09:14:24,1870,  67,1252, 59,1049,1100,  1115,  19,  83,   1,6503
09:14:34,1868,  67,1251, 59,1049,1100,  1120,  19,  83,   1,6523
09:14:44,1868,  67,1251, 59,1049,1100,  1125,  19,  83,   1,6543
09:14:54,1870,  67,1252, 59,1055,1113,  1125,  19,  83,   1,6563
09:15:04,1870,  68,1271, 59,1052,1106,  1130,  19,  83,   1,6583
09:15:14,1862,  67,1247, 59,1052,1106,  1130,  19,  83,   1,6603
09:15:24,1862,  67,1247, 59,1046,1094,  1135,  19,  83,   1,6623
09:15:34,1865,  67,1249, 59,1049,1100,  1140,  19,  83,   1,6643
09:15:44,1862,  67,1247, 59,1049,1100,  1140,  19,  83,   1,6662
09:15:54,1865,  67,1249, 59,1049,1100,  1145,  19,  83,   1,6680
09:16:04,1865,  67,1249, 59,1052,1106,  1145,  19,  83,   1,6696
09:16:14,1862,  67,1247, 59,1052,1106,  1150,  19,  83,   1,6712
09:16:25,1865,  67,1249, 59,1046,1094,  1155,  19,  83,   1,6728
09:16:35,1862,  67,1247, 59,1046,1094,  1155,  19,  83,   1,6742
09:16:45,1862,  67,1247, 59,1046,1094,  1160,  19,  83,   1,6759
09:16:55,1862,  67,1247, 59,1049,1100,  1165,  19,  83,   1,6773
09:17:05,1865,  67,1249, 59,1052,1106,  1165,  19,  83,   1,6790
09:17:15,1865,  67,1249, 59,1052,1106,  1170,  19,  83,   1,6808
09:17:25,1862,  67,1247, 59,1046,1094,  1170,  19,  83,   1,6824
09:17:35,1868,  67,1251, 59,1052,1106,  1175,  19,  83,   1,6842
09:17:45,1847,  70,1292, 59,1061,1125,  1180,  20,  84,   1,6859
09:17:55,1835,  72,1321, 60,1079,1164,  1180,  20,  84,   1,6877
09:18:05,1850,  70,1295, 58,1064,1132,  1185,  20,  84,   1,6896
09:18:15,1838,  72,1323, 61,1082,1170,  1185,  20,  84,   1,6916
09:18:25,1815,  77,1397, 62,1111,1234,  1190,  20,  84,   1,6936
09:18:35,1812,  81,1467, 64,1131,1279,  1195,  20,  84,   1,6954
09:18:45,1800,  77,1386, 63,1099,1207,  1200,  20,  84,   1,6972
09:18:55,1703,  82,1396, 66,1105,1221,  1200,  20,  84,   1,6990
09:19:05,1703,  82,1396, 66,1099,1207,  1205,  20,  84,   1,7008
09:19:15,1733,  81,1403, 66,1105,1221,  1210,  20,  84,   1,7026
09:19:25,1753,  75,1314, 63,1073,1151,  1210,  20,  84,   1,7042
09:19:35,1756,  75,1317, 62,1073,1151,  1215,  20,  84,   1,7061
09:19:45,1809,  71,1284, 61,1061,1125,  1215,  20,  84,   1,7078
09:19:55,1806,  68,1228, 59,1041,1083,  1220,  20,  84,   1,7096
09:20:05,1741,  71,1236, 62,1041,1083,  1225,  20,  84,   1,7115
09:20:15,1797,  74,1329, 61,1079,1164,  1225,  20,  84,   1,7135
09:20:25,1768,  73,1290, 62,1061,1125,  1230,  20,  84,   1,7153
09:20:35,1797,  74,1329, 62,1079,1164,  1235,  20,  84,   1,7173
09:20:45,1832,  69,1264, 59,1055,1113,  1235,  20,  84,   1,7193
09:20:55,1815,  71,1288, 60,1070,1144,  1240,  20,  84,   1,7207
09:21:05,1794,  80,1435, 64,1123,1261,  1245,  20,  84,   1,7226
09:21:15,1826,  71,1296, 60,1070,1144,  1245,  20,  84,   1,7244
09:21:25,1859,  70,1301, 58,1070,1144,  1250,  20,  84,   1,7261
09:21:35,1850,  70,1295, 58,1070,1144,  1250,  20,  84,   1,7278
09:21:45,1821,  72,1311, 60,1073,1151,  1255,  20,  84,   1,7298
09:21:55,1824,  74,1349, 61,1087,1181,  1260,  20,  84,   1,7317
09:22:05,1800,  70,1260, 60,1058,1119,  1260,  20,  84,   1,7336
09:22:15,1821,  68,1238, 58,1046,1094,  1265,  20,  84,   1,7350
09:22:25,1800,  74,1332, 62,1082,1170,  1270,  20,  84,   1,7369
09:22:35,1750,  81,1417, 65,1117,1247,  1270,  20,  84,   1,7387
09:22:45,1653,  83,1371, 68,1090,1188,  1275,  20,  84,   1,7406
09:22:55,1642,  82,1346, 67,1082,1170,  1280,  20,  84,   1,7425
09:23:05,1621,  81,1313, 68,1067,1138,  1280,  20,  84,   1,7443
09:23:15,1492,  77,1148, 70,1000,1000,  1285,  20,  84,   1,7463
09:23:25,1398,  74,1034, 70, 953, 908,  1285,  20,  84,   1,7483
09:23:35,1442,  80,1153, 71,1002,1004,  1290,  20,  84,   1,7503
09:23:45,1451,  80,1160, 71,1002,1004,  1290,  20,  84,   1,7523
09:23:55,1724,  86,1482, 69,1137,1292,  1295,  20,  84,   1,7542
09:24:05,1768,  89,1573, 68,1167,1361,  1300,  20,  84,   1,7561
09:24:15,1818,  81,1472, 64,1134,1285,  1305,  20,  84,   1,7581
09:24:25,1853,  73,1352, 61,1090,1188,  1305,  20,  84,   1,7596
09:24:35,1868,  73,1363, 60,1093,1194,  1310,  20,  84,   1,7613
09:24:45,1841,  73,1343, 60,1087,1181,  1315,  20,  84,   1,7631
09:24:55,1841,  73,1343, 60,1087,1181,  1315,  20,  84,   1,7651
09:25:05,1829,  79,1444, 63,1123,1261,  1320,  20,  84,   1,7671
09:25:15,1853,  73,1352, 60,1090,1188,  1325,  20,  84,   1,7691
09:25:25,1835,  72,1321, 60,1079,1164,  1325,  20,  84,   1,7710
09:25:35,1838,  72,1323, 60,1082,1170,  1330,  20,  84,   1,7729
09:25:45,1847,  70,1292, 58,1064,1132,  1335,  20,  84,   1,7742
09:25:55,1800,  71,1278, 61,1058,1119,  1335,  20,  84,   1,7762
09:26:05,1832,  72,1319, 61,1073,1151,  1340,  20,  84,   1,7778
09:26:15,1853,  70,1297, 59,1070,1144,  1340,  20,  84,   1,7798
09:26:25,1835,  68,1247, 58,1058,1119,  1345,  20,  84,   1,7816
09:26:35,1824,  68,1240, 59,1049,1100,  1350,  20,  84,   1,7832
09:26:45,1780,  70,1246, 60,1043,1087,  1350,  20,  84,   1,7852
09:26:55,1809,  68,1230, 58,1041,1083,  1355,  20,  84,   1,7870
09:27:05,1727,  70,1208, 62,1032,1065,  1360,  20,  84,   1,7889
09:27:15,1838,  72,1323, 60,1079,1164,  1360,  20,  84,   1,7909
09:27:25,1741,  68,1183, 61,1023,1046,  1365,  20,  84,   1,7928
09:27:35,1771,  70,1239, 60,1041,1083,  1365,  20,  84,   1,7946
09:27:45,1800,  68,1224, 59,1035,1071,  1370,  20,  84,   1,7964
09:27:55,1771,  67,1186, 59,1017,1034,  1375,  21,  85,   1,7982
09:28:05,1797,  67,1203, 59,1032,1065,  1375,  22,  85,   1,7999
09:28:15,1780,  70,1246, 61,1046,1094,  1380,  24,  85,   1,8017
09:28:25,1809,  68,1230, 59,1041,1083,  1380,  24,  85,   1,8036
09:28:35,1824,  72,1313, 61,1070,1144,  1385,  24,  85,   1,8055
09:28:46,1882,  67,1260, 58,1058,1119,  1390,  24,  85,   1,8072
09:28:56,1873,  70,1311, 59,1076,1157,  1390,  24,  85,   1,8091
09:29:06,1862,  70,1303, 59,1073,1151,  1395,  24,  85,   1,8111
09:29:16,1856,  70,1299, 59,1070,1144,  1395,  24,  85,   1,8131
09:29:26,1862,  70,1303, 60,1076,1157,  1400,  24,  85,   1,8150
09:29:36,1841,  72,1325, 60,1082,1170,  1405,  24,  85,   1,8166
09:29:46,1829,  68,1243, 59,1052,1106,  1405,  24,  85,   1,8184
09:29:56,1826,  69,1259, 58,1052,1106,  1410,  24,  85,   1,8203
09:30:06,1847,  70,1292, 59,1064,1132,  1415,  24,  85,   1,8223
09:30:16,1856,  73,1354, 61,1087,1181,  1415,  24,  85,   1,8243
09:30:25,1856,  73,1354, 61,1090,1188,  1420,  24,  85,   1,8262
09:30:35,1721,  77,1325, 61,1073,1151,  1425,  24,  85,   1,8281
09:30:45,1700,  76,1292, 61,1058,1119,  1425,  24,  85,   1,8299
09:30:55,1753,  65,1139, 61,1005,1010,  1430,  24,  85,   1,8319
09:31:05,1642,  70,1149, 61,1000,1000,  1430,  24,  85,   1,8338
09:31:15,1865,  67,1249, 61,1049,1100,  1435,  24,  85,   1,8357
09:31:25,1873,  67,1254, 61,1058,1119,  1440,  24,  85,   1,8377
09:31:35,1806,  74,1336, 61,1082,1170,  1440,  24,  85,   1,8397
09:31:45,1868,  73,1363, 61,1096,1201,  1445,  24,  85,   1,8417
09:31:55,1903,  68,1294, 61,1073,1151,  1450,  24,  85,   1,8436
09:32:05,1865,  67,1249, 61,1049,1100,  1450,  24,  85,   1,8455
09:32:15,1844,  79,1456, 61,1129,1274,  1455,  24,  85,   1,8475
09:32:25,1853,  82,1519, 61,1161,1347,  1460,  24,  85,   1,8494
09:32:35,1862,  76,1415, 61,1117,1247,  1460,  24,  85,   1,8514
09:32:45,1870,  74,1383, 61,1102,1214,  1465,  24,  85,   1,8531
09:32:55,1853,  76,1408, 61,1117,1247,  1470,  24,  85,   1,8549
09:33:05,1870,  67,1252, 61,1055,1113,  1470,  24,  85,   1,8569
09:33:15,1888,  68,1283, 61,1064,1132,  1475,  25,  85,   1,8587
09:33:25,1897,  65,1233, 61,1046,1094,  1480,  25,  85,   1,8607
09:33:35,1838,  66,1213, 61,1038,1077,  1480,  26,  85,   1,8626
09:33:45,1824,  60,1094, 61, 979, 958,  1485,  26,  86,   1,8645
09:33:55,1844,  60,1106, 61, 991, 982,  1485,  26,  87,   1,8664
09:34:05,1859,  64,1189, 61,1023,1046,  1490,  26,  91,   1,8680
09:34:15,1870,  68,1271, 61,1055,1113,  1490,  26,  91,   1,8700
09:34:25,1782,  70,1247, 61,1049,1100,  1495,  26,  91,   1,8720
09:34:35,1785,  67,1195, 61,1029,1058,  1500,  26,  91,   1,8735
09:34:45,1824,  72,1313, 61,1073,1151,  1500,  26,  91,   1,8754
09:34:55,1794,  70,1255, 61,1052,1106,  1505,  26,  91,   1,8772
09:35:05,1680,  72,1209, 61,1026,1052,  1505,  26,  91,   1,8791
09:35:15,1747,  69,1205, 61,1026,1052,  1510,  26,  91,   1,8809
09:35:25,1636,  70,1145, 61, 997, 994,  1515,  26,  91,   1,8827
09:35:35,1612,  69,1112, 61, 982, 964,  1515,  26,  91,   1,8847
09:35:45,1598,  68,1086, 61, 973, 946,  1520,  26,  91,   1,8867
09:35:55,1472,  70,1030, 61, 947, 896,  1520,  26,  91,   1,8884
09:36:05,1759,  75,1319, 61,1076,1157,  1525,  26,  91,   1,8903
09:36:15,1730,  71,1228, 61,1035,1071,  1525,  26,  91,   1,8922
09:36:25,1536,  71,1090, 61, 970, 940,  1530,  26,  91,   1,8942
09:36:35,1592,  70,1114, 61, 988, 976,  1535,  26,  91,   1,8961
09:36:45,1627,  72,1171, 61,1011,1022,  1535,  26,  91,   1,8979
09:36:55,1489,  71,1057, 61, 961, 923,  1540,  26,  91,   1,8999
09:37:05,1551,  74,1147, 61,1000,1000,  1540,  26,  91,   1,9019
09:37:32,1,0,0,0,0,0,0
09:37:42,1718,  67,1151, 61,1008,1016,  1545,  26,  91,   1,9054
09:37:52,1747,  65,1135, 61,1000,1000,  1550,  26,  91,   1,9074
09:38:02,1788,  67,1197, 61,1023,1046,  1550,  26,  91,   1,9093
09:38:12,1674,  66,1104, 61, 979, 958,  1555,  26,  91,   1,9112
09:38:22,1856,  66,1224, 61,1041,1083,  1555,  26,  91,   1,9130
09:38:32,1686,  66,1112, 61, 988, 976,  1560,  26,  92,   1,9148
09:38:42,1636,  64,1047, 61, 953, 908,  1560,  28,  92,   1,9165
09:38:52,1765,  67,1182, 61,1014,1028,  1565,  28,  92,   1,9185
09:39:02,1492,  56, 835, 61, 850, 722,  1565,  28,  92,   1,9205
09:39:22,1,0,0,0,0,0,0
09:39:32,1826,  69,1259, 61,1052,1106,  1570,  28,  93,   1,9226
09:39:42,1750,  63,1102, 61, 985, 970,  1570,  28,  94,   1,9245
09:39:52,1850,  73,1350, 61,1087,1181,  1575,  28,  94,   1,9264
09:40:02,1900,  75,1425, 61,1117,1247,  1580,  28,  94,   1,9281
09:40:12,1832,  75,1374, 61,1099,1207,  1580,  28,  94,   1,9300
09:40:22,1645,  74,1217, 61,1026,1052,  1585,  28,  94,   1,9320
09:40:32,1651,  73,1205, 61,1026,1052,  1590,  28,  94,   1,9339
09:40:42,1741,  74,1288, 61,1064,1132,  1590,  28,  94,   1,9357
09:40:52,1665,  65,1082, 61, 970, 940,  1595,  28,  94,   1,9375
09:41:03,1841,  73,1343, 61,1082,1170,  1595,  28,  95,   1,9394
09:41:13,1809,  74,1338, 61,1087,1181,  1600,  28,  95,   1,9411
09:41:23,1557,  72,1121, 61, 985, 970,  1605,  28,  95,   1,9431
09:41:33,1659,  77,1277, 61,1052,1106,  1605,  28,  95,   1,9451
09:41:43,1780,  82,1459, 61,1131,1279,  1610,  28,  95,   1,9471
09:41:53,1856,  76,1410, 61,1114,1240,  1615,  28,  95,   1,9489
09:42:03,1835,  78,1431, 61,1126,1267,  1615,  28,  95,   1,9509
09:42:13,1929,  73,1408, 61,1117,1247,  1620,  28,  95,   1,9526
09:42:23,1923,  73,1403, 61,1108,1227,  1625,  28,  95,   1,9546
09:42:33,1929,  76,1466, 61,1140,1299,  1625,  29,  95,   1,9563
09:42:43,1724,  74,1275, 61,1055,1113,  1630,  29,  95,   1,9583
09:42:53,1800,  77,1386, 61,1102,1214,  1635,  29,  95,   1,9603
09:43:03,1909,  72,1374, 61,1099,1207,  1635,  29,  95,   1,9623
09:43:13,1856,  70,1299, 61,1067,1138,  1640,  29,  98,   1,9639
09:43:23,1909,  75,1431, 61,1123,1261,  1645,  29,  98,   1,9658
09:43:33,1832,  76,1392, 61,1099,1207,  1645,  29,  99,   1,9675
09:43:43,1741,  74,1288, 61,1064,1132,  1650,  29,  99,   1,9694
09:43:53,1903,  75,1427, 61,1120,1254,  1655,  29,  99,   1,9713
09:44:03,1715,  77,1320, 61,1073,1151,  1655,  29,  99,   1,9732
09:44:13,1797,  70,1257, 61,1055,1113,  1660,  29,  99,   1,9750
09:44:23,1689,  75,1266, 61,1052,1106,  1665,  29,  99,   1,9770
09:44:33,1753,  78,1367, 61,1093,1194,  1665,  29,  99,   1,9790
09:44:43,1891,  75,1418, 61,1114,1240,  1670,  29,  99,   1,9810
09:44:53,1888,  74,1397, 61,1111,1234,  1675,  29,  99,   1,9830
09:45:03,1736,  74,1284, 61,1061,1125,  1675,  29,  99,   1,9849
09:45:13,1891,  74,1399, 61,1111,1234,  1680,  29,  99,   1,9868
09:45:23,1859,  73,1357, 61,1093,1194,  1685,  29,  99,   1,9888
09:45:33,1879,  74,1390, 61,1108,1227,  1685,  29,  99,   1,9908
09:45:43,1853,  76,1408, 61,1111,1234,  1690,  29,  99,   1,9926
09:45:53,1879,  74,1390, 61,1105,1221,  1695,  29,  99,   1,9944
09:46:03,1891,  75,1418, 61,1114,1240,  1695,  29,  99,   1,9961
09:46:13,1888,  75,1416, 61,1111,1234,  1700,  29,  99,   1,9980
09:46:23,1885,  74,1394, 61,1108,1227,  1705,  29,  99,   1,10000
09:46:33,1882,  74,1392, 61,1111,1234,  1705,  29,  99,   1,10020
09:46:43,1882,  74,1392, 61,1108,1227,  1710,  29,  99,   1,10040
09:46:53,1882,  74,1392, 61,1108,1227,  1715,  29,  99,   1,10060
09:47:03,1879,  74,1390, 61,1105,1221,  1715,  29,  99,   1,10080
09:47:13,1876,  74,1388, 61,1105,1221,  1720,  29,  99,   1,10097
09:47:23,1879,  74,1390, 61,1108,1227,  1725,  29,  99,   1,10114
09:47:33,1879,  74,1390, 61,1108,1227,  1725,  29,  99,   1,10132
09:47:42,1876,  74,1388, 61,1102,1214,  1730,  29,  99,   1,10144
09:47:52,1873,  74,1386, 61,1102,1214,  1735,  29,  99,   1,10159
09:48:02,1847,  82,1514, 61,1155,1334,  1735,  29,  99,   1,10177
09:48:12,1868,  77,1438, 61,1126,1267,  1740,  29,  99,   1,10196
09:48:22,1847,  82,1514, 61,1155,1334,  1745,  29,  99,   1,10213
09:48:32,1850,  83,1535, 61,1161,1347,  1750,  29,  99,   1,10225
09:48:42,1873,  74,1386, 61,1102,1214,  1750,  29,  99,   1,10245
09:48:52,1865,  77,1436, 61,1120,1254,  1755,  29,  99,   1,10260
09:49:02,1788,  80,1430, 61,1117,1247,  1760,  29,  99,   1,10278
09:49:12,1826,  81,1479, 61,1143,1306,  1760,  29,  99,   1,10294
09:49:22,1835,  72,1321, 61,1076,1157,  1765,  29,  99,   1,10313
09:49:32,1768,  70,1237, 61,1041,1083,  1770,  29, 103,   1,10329
09:49:42,1759,  75,1319, 61,1076,1157,  1770,  29, 103,   1,10348
09:49:52,1680,  68,1142, 61,1002,1004,  1775,  29, 103,   1,10367
09:50:02,1809,  74,1338, 61,1085,1177,  1775,  29, 103,   1,10387
09:50:12,1322,  51, 674, 61, 759, 576,  1780,  29, 103,   1,10405
09:50:35,1,0,0,0,0,0,0
09:50:45,1736,  74,1284, 61,1061,1125,  1785,  29, 103,   1,10430
09:50:55,1598,  77,1230, 61,1032,1065,  1785,  29, 103,   1,10448
09:51:05,1721,  74,1273, 61,1049,1100,  1790,  29, 103,   1,10468
09:51:15,1768,  69,1219, 61,1038,1077,  1795,  29, 103,   1,10486
09:51:25,1791,  74,1325, 61,1076,1157,  1795,  29, 103,   1,10505
09:51:35,1791,  73,1307, 61,1070,1144,  1800,  30, 103,   1,10523
09:51:45,1797,  74,1329, 61,1079,1164,  1800,  30, 103,   1,10540
09:51:55,1791,  77,1379, 61,1099,1207,  1805,  31, 103,   1,10557
09:52:05,1859,  70,1301, 61,1067,1138,  1810,  31, 103,   1,10572
09:52:15,1862,  76,1415, 61,1117,1247,  1810,  31, 103,   1,10592
09:52:25,1791,  83,1486, 61,1140,1299,  1815,  31, 103,   1,10610
09:52:35,1780,  83,1477, 61,1131,1279,  1820,  31, 103,   1,10629
09:52:45,1856,  76,1410, 61,1117,1247,  1825,  31, 103,   1,10648
09:52:55,1398,  54, 754, 61, 812, 659,  1825,  31, 104,   1,10666
09:53:18,1,0,0,0,0,0,0
09:53:43,1,0,0,0,0,0,0
09:54:09,1,0,0,0,0,0,0
09:54:34,1,0,0,0,0,0,0
09:55:00,1,0,0,0,0,0,0
09:55:10,1697,  60,1018, 61, 950, 902,  1830,  35, 105,   1,10734
09:55:20,1818,  68,1236, 61,1041,1083,  1835,  35, 108,   1,10751
09:55:30,1618,  60, 970, 61, 923, 851,  1835,  35, 111,   1,10768
09:55:55,1,0,0,0,0,0,0
09:56:21,1,0,0,0,0,0,0
09:56:46,1,0,0,0,0,0,0
09:56:56,1923,  76,1461, 61,1131,1279,  1840,  35, 111,   1,10824
09:57:06,1917,  75,1437, 61,1129,1274,  1845,  35, 111,   1,10843
09:57:16,1906,  78,1486, 61,1143,1306,  1850,  35, 111,   1,10858
09:57:26,1891,  81,1531, 61,1164,1354,  1855,  35, 111,   1,10877
09:57:36,1897,  74,1403, 61,1117,1247,  1855,  35, 111,   1,10897
09:57:46,1847,  82,1514, 61,1155,1334,  1860,  35, 111,   1,10916
09:57:56,1859,  76,1412, 61,1114,1240,  1865,  35, 111,   1,10936
09:58:06,1680,  78,1310, 61,1067,1138,  1870,  35, 111,   1,10956
09:58:16,1633,  76,1241, 61,1038,1077,  1870,  35, 112,   1,10975
09:58:26,1876,  77,1444, 61,1129,1274,  1875,  35, 112,   1,10995
09:58:36,1897,  74,1403, 61,1117,1247,  1875,  35, 112,   1,11015
09:58:46,1891,  74,1399, 61,1111,1234,  1880,  35, 112,   1,11035
09:58:56,1894,  75,1420, 61,1114,1240,  1885,  35, 112,   1,11055
09:59:06,1891,  74,1399, 61,1114,1240,  1890,  35, 112,   1,11075
09:59:16,1888,  74,1397, 61,1108,1227,  1890,  35, 112,   1,11092
09:59:26,1891,  74,1399, 61,1114,1240,  1895,  35, 112,   1,11110
09:59:36,1870,  77,1439, 61,1123,1261,  1900,  36, 112,   1,11122
09:59:46,1856,  79,1466, 61,1134,1285,  1900,  37, 112,   1,11138
09:59:56,1873,  76,1423, 61,1126,1267,  1905,  37, 112,   1,11158
10:00:06,1862,  79,1470, 61,1140,1299,  1910,  37, 112,   1,11178
10:00:16,1868,  76,1419, 61,1120,1254,  1915,  37, 112,   1,11195
10:00:26,1862,  79,1470, 61,1140,1299,  1915,  37, 112,   1,11215
10:00:36,1876,  74,1388, 61,1102,1214,  1920,  37, 112,   1,11232
10:00:46,1865,  77,1436, 61,1120,1254,  1925,  37, 112,   1,11250
10:00:56,1859,  79,1468, 61,1137,1292,  1925,  37, 112,   1,11270
10:01:06,1856,  79,1466, 61,1137,1292,  1930,  37, 112,   1,11290
10:01:16,1856,  79,1466, 61,1137,1292,  1935,  37, 112,   1,11307
10:01:26,1868,  77,1438, 61,1123,1261,  1940,  37, 112,   1,11324
10:01:36,1850,  79,1461, 61,1129,1274,  1940,  37, 112,   1,11338
10:01:46,1841,  82,1509, 61,1152,1327,  1945,  37, 112,   1,11357
10:01:56,1838,  82,1507, 61,1149,1320,  1950,  37, 112,   1,11377
10:02:06,1844,  79,1456, 61,1129,1274,  1950,  37, 112,   1,11395
10:02:16,1850,  79,1461, 61,1134,1285,  1955,  37, 112,   1,11414
10:02:26,1832,  81,1483, 61,1143,1306,  1960,  37, 112,   1,11434
10:02:36,1832,  82,1502, 61,1146,1313,  1965,  37, 112,   1,11454
10:02:46,1847,  79,1459, 61,1131,1279,  1965,  37, 112,   1,11472
10:02:56,1856,  76,1410, 61,1114,1240,  1970,  37, 112,   1,11486
10:03:06,1856,  76,1410, 61,1114,1240,  1975,  37, 112,   1,11502
10:03:16,1838,  82,1507, 61,1152,1327,  1980,  37, 112,   1,11518
10:03:26,1844,  79,1456, 61,1129,1274,  1980,  37, 112,   1,11536
10:03:36,1847,  79,1459, 61,1131,1279,  1985,  37, 112,   1,11555
10:03:46,1826,  85,1552, 61,1167,1361,  1990,  37, 112,   1,11574
10:03:56,1844,  79,1456, 61,1131,1279,  1990,  37, 112,   1,11592
10:04:06,1832,  82,1502, 61,1143,1306,  1995,  37, 112,   1,11611
10:04:16,1829,  85,1554, 61,1167,1361,  2000,  37, 112,   1,11631
10:04:26,1824,  84,1532, 61,1161,1347,  2005,  37, 112,   1,11651
10:04:36,1824,  84,1532, 61,1161,1347,  2005,  37, 112,   1,11670
10:04:46,1835,  82,1504, 61,1146,1313,  2010,  37, 112,   1,11690
10:04:56,1824,  85,1550, 61,1164,1354,  2015,  37, 112,   1,11707
10:05:05,1847,  79,1459, 61,1129,1274,  2020,  37, 112,   1,11727
10:05:15,1850,  76,1406, 61,1108,1227,  2020,  37, 112,   1,11745
10:05:25,1853,  76,1408, 61,1114,1240,  2025,  37, 112,   1,11764
10:05:36,1856,  76,1410, 61,1114,1240,  2030,  37, 112,   1,11784
10:05:46,1853,  76,1408, 61,1111,1234,  2030,  37, 112,   1,11804
10:05:56,1862,  77,1433, 61,1120,1254,  2035,  37, 112,   1,11824
10:06:06,1856,  76,1410, 61,1114,1240,  2040,  37, 112,   1,11844
10:06:16,1859,  76,1412, 61,1117,1247,  2045,  37, 112,   1,11864
10:06:26,1856,  76,1410, 61,1117,1247,  2045,  37, 112,   1,11884
10:06:36,1856,  76,1410, 61,1117,1247,  2050,  37, 112,   1,11904
10:06:46,1853,  76,1408, 61,1111,1234,  2055,  37, 112,   1,11924
10:06:56,1859,  76,1412, 61,1117,1247,  2055,  37, 112,   1,11942
10:07:06,1856,  76,1410, 61,1117,1247,  2060,  37, 112,   1,11962
10:07:16,1853,  76,1408, 61,1114,1240,  2065,  37, 112,   1,11982
10:07:26,1850,  76,1406, 61,1111,1234,  2065,  37, 112,   1,12002
10:07:36,1853,  76,1408, 61,1114,1240,  2070,  37, 112,   1,12021
10:07:46,1841,  78,1435, 61,1126,1267,  2075,  37, 112,   1,12038
10:07:56,1806,  81,1462, 61,1129,1274,  2080,  37, 112,   1,12056
10:08:06,1809,  81,1465, 61,1129,1274,  2080,  37, 112,   1,12075
10:08:16,1809,  91,1646, 61,1199,1437,  2085,  37, 112,   1,12095
10:08:26,1803,  94,1694, 61,1214,1473,  2090,  37, 112,   1,12115
10:08:36,1812,  91,1648, 61,1199,1437,  2095,  37, 112,   1,12133
10:08:46,1844,  82,1512, 61,1155,1334,  2095,  37, 112,   1,12149
10:08:56,1844,  83,1530, 61,1155,1334,  2100,  37, 112,   1,12159
10:09:06,1859,  76,1412, 61,1120,1254,  2105,  37, 112,   1,12177
10:09:16,1853,  76,1408, 61,1114,1240,  2110,  37, 112,   1,12196
10:09:26,1850,  79,1461, 61,1134,1285,  2110,  37, 112,   1,12211
10:09:36,1847,  79,1459, 61,1131,1279,  2115,  37, 112,   1,12227
10:09:46,1856,  76,1410, 61,1117,1247,  2120,  37, 112,   1,12247
10:09:56,1850,  79,1461, 61,1137,1292,  2120,  37, 112,   1,12266
10:10:06,1850,  79,1461, 61,1134,1285,  2125,  37, 112,   1,12286
10:10:16,1850,  79,1461, 61,1131,1279,  2130,  37, 112,   1,12306
10:10:26,1853,  79,1463, 61,1134,1285,  2135,  37, 112,   1,12326
10:10:36,1844,  79,1456, 61,1131,1279,  2135,  37, 112,   1,12345
10:10:46,1862,  77,1433, 61,1120,1254,  2140,  37, 112,   1,12365
10:10:56,1850,  79,1461, 61,1131,1279,  2145,  37, 112,   1,12385
10:11:06,1847,  79,1459, 61,1131,1279,  2145,  37, 112,   1,12405
10:11:16,1850,  79,1461, 61,1134,1285,  2150,  37, 112,   1,12422
10:11:26,1850,  79,1461, 61,1137,1292,  2155,  37, 112,   1,12441
10:11:36,1844,  79,1456, 61,1129,1274,  2160,  37, 112,   1,12458
10:11:46,1835,  82,1504, 61,1146,1313,  2160,  37, 112,   1,12472
10:11:56,1821,  84,1529, 61,1164,1354,  2165,  37, 112,   1,12490
10:12:06,1847,  79,1459, 61,1131,1279,  2170,  37, 112,   1,12510
10:12:16,1847,  79,1459, 61,1131,1279,  2170,  37, 112,   1,12530
10:12:26,1832,  79,1447, 61,1123,1261,  2175,  37, 112,   1,12550
10:12:36,1741,  81,1410, 61,1111,1234,  2180,  37, 112,   1,12569
10:12:46,1419,  62, 879, 61, 879, 772,  2180,  37, 112,   1,12588
10:13:14,1,0,0,0,0,0,0
10:13:40,1,0,0,0,0,0,0
10:14:05,1,0,0,0,0,0,0
10:14:31,1,0,0,0,0,0,0
10:14:56,1,0,0,0,0,0,0
10:15:06,1782,  70,1247, 61,1046,1094,  2190,  38, 115,   1,12666
10:15:16,1609,  62, 997, 61, 938, 879,  2195,  38, 117,   1,12684
10:15:26,1510,  58, 875, 61, 879, 772,  2195,  38, 118,   1,12703
10:15:48,1,0,0,0,0,0,0
10:16:13,1,0,0,0,0,0,0
10:16:39,1,0,0,0,0,0,0
10:17:04,1,0,0,0,0,0,0
10:17:14,1809,  70,1266, 61,1061,1125,  2200,  38, 118,   1,12763
10:17:24,1645,  64,1052, 61, 964, 929,  2205,  38, 118,   1,12782
10:17:34,1865,  70,1305, 61,1076,1157,  2205,  38, 118,   1,12802
10:17:45,1868,  70,1307, 61,1073,1151,  2210,  38, 118,   1,12819
10:17:55,1659,  71,1177, 61,1011,1022,  2215,  38, 118,   1,12839
10:18:05,1586,  73,1157, 61,1002,1004,  2215,  38, 118,   1,12858
10:18:15,1346,  66, 888, 61, 876, 767,  2220,  38, 118,   1,12878
10:18:36,1,0,0,0,0,0,0
10:19:02,1,0,0,0,0,0,0
10:19:12,1885,  70,1319, 61,1085,1177,  2225,  38, 118,   1,12911
10:19:22,1909,  75,1431, 61,1123,1261,  2225,  38, 118,   1,12931
10:19:32,1876,  83,1557, 61,1175,1380,  2230,  38, 118,   1,12950
10:19:42,1832,  85,1557, 61,1167,1361,  2235,  38, 118,   1,12967
10:19:52,1721,  86,1480, 61,1137,1292,  2240,  38, 118,   1,12987
10:20:02,1718,  86,1477, 61,1137,1292,  2240,  38, 118,   1,13006
10:20:12,1413,  75,1059, 61, 958, 917,  2245,  38, 118,   1,13026
10:20:22,1448,  80,1158, 61,1000,1000,  2245,  38, 118,   1,13046
10:20:32,1454,  77,1119, 61, 988, 976,  2250,  38, 118,   1,13065
10:20:58,1,0,0,0,0,0,0
10:21:08,1879,  76,1428, 61,1129,1274,  2255,  40, 118,   1,13096
10:21:18,1885,  74,1394, 61,1108,1227,  2260,  40, 118,   1,13116
10:21:28,1882,  74,1392, 61,1108,1227,  2260,  40, 118,   1,13135
10:21:38,1879,  74,1390, 61,1105,1221,  2265,  40, 118,   1,13152
10:21:48,1879,  74,1390, 61,1108,1227,  2270,  40, 118,   1,13170
10:21:58,1865,  76,1417, 61,1120,1254,  2270,  40, 118,   1,13186
10:22:08,1844,  82,1512, 61,1152,1327,  2275,  40, 118,   1,13203
10:22:18,1865,  76,1417, 61,1117,1247,  2280,  40, 118,   1,13222
10:22:28,1862,  76,1415, 61,1117,1247,  2285,  40, 118,   1,13240
10:22:38,1868,  74,1382, 61,1099,1207,  2285,  40, 118,   1,13260
10:22:48,1859,  73,1357, 61,1093,1194,  2290,  40, 118,   1,13280
10:22:58,1859,  73,1357, 61,1093,1194,  2295,  40, 118,   1,13300
10:23:08,1847,  76,1403, 61,1111,1234,  2295,  40, 118,   1,13319
10:23:18,1826,  78,1424, 61,1117,1247,  2300,  40, 118,   1,13338
10:23:28,1826,  75,1369, 61,1096,1201,  2305,  40, 118,   1,13358
10:23:38,1829,  81,1481, 61,1143,1306,  2305,  40, 118,   1,13378
10:23:48,1818,  84,1527, 61,1158,1340,  2310,  40, 118,   1,13398
10:23:58,1832,  78,1428, 61,1123,1261,  2315,  40, 118,   1,13414
10:24:08,1824,  81,1477, 61,1137,1292,  2320,  40, 118,   1,13433
10:24:18,1850,  73,1350, 61,1087,1181,  2320,  40, 118,   1,13453
10:24:28,1850,  73,1350, 61,1087,1181,  2325,  40, 118,   1,13473
10:24:38,1847,  73,1348, 61,1085,1177,  2330,  40, 118,   1,13493
10:24:48,1850,  73,1350, 61,1087,1181,  2330,  40, 118,   1,13513
10:24:58,1844,  76,1401, 61,1108,1227,  2335,  40, 118,   1,13531
10:25:08,1844,  76,1401, 61,1108,1227,  2340,  40, 118,   1,13550
10:25:18,1841,  76,1399, 61,1108,1227,  2340,  40, 118,   1,13569
10:25:28,1838,  75,1378, 61,1108,1227,  2345,  40, 118,   1,13586
10:25:38,1841,  76,1399, 61,1108,1227,  2350,  40, 118,   1,13603
10:25:48,1832,  75,1374, 61,1099,1207,  2350,  40, 118,   1,13619
10:25:58,1832,  75,1374, 61,1102,1214,  2355,  40, 118,   1,13630
10:26:08,1821,  78,1420, 61,1117,1247,  2360,  40, 118,   1,13649
10:26:18,1832,  75,1374, 61,1099,1207,  2360,  40, 118,   1,13663
10:26:28,1832,  75,1374, 61,1102,1214,  2365,  40, 118,   1,13676
10:26:38,1835,  75,1376, 61,1099,1207,  2370,  40, 118,   1,13687
10:26:48,1809,  81,1465, 61,1129,1274,  2370,  40, 118,   1,13703
10:26:58,1832,  75,1374, 61,1102,1214,  2375,  40, 119,   1,13719
10:27:08,1812,  81,1467, 61,1134,1285,  2380,  40, 119,   1,13737
10:27:18,1824,  75,1368, 61,1093,1194,  2380,  40, 119,   1,13757
10:27:28,1824,  75,1368, 61,1093,1194,  2385,  40, 119,   1,13776
10:27:38,1794,  80,1435, 61,1120,1254,  2390,  40, 119,   1,13796
10:27:48,1803,  80,1442, 61,1126,1267,  2395,  40, 119,   1,13814
10:27:58,1815,  78,1415, 61,1111,1234,  2395,  40, 119,   1,13832
10:28:08,1824,  75,1368, 61,1090,1188,  2400,  40, 119,   1,13852
10:28:18,1800,  81,1458, 61,1123,1261,  2405,  40, 119,   1,13869
10:28:28,1821,  75,1365, 61,1093,1194,  2405,  40, 119,   1,13888
10:28:38,1791,  83,1486, 61,1140,1299,  2410,  40, 119,   1,13908
10:28:48,1797,  83,1491, 61,1146,1313,  2415,  40, 119,   1,13926
10:28:58,1780,  86,1530, 61,1155,1334,  2415,  40, 119,   1,13944
10:29:08,1785,  86,1535, 61,1161,1347,  2420,  40, 119,   1,13964
10:29:17,1774,  89,1578, 61,1173,1375,  2425,  40, 119,   1,13981
10:29:27,1780,  85,1513, 61,1152,1327,  2430,  40, 119,   1,14000
10:29:37,1791,  83,1486, 61,1140,1299,  2430,  40, 119,   1,14018
10:29:47,1780,  86,1530, 61,1152,1327,  2435,  40, 119,   1,14035
10:29:57,1785,  83,1481, 61,1137,1292,  2440,  40, 119,   1,14048
10:30:08,1782,  86,1532, 61,1158,1340,  2445,  40, 119,   1,14065
10:30:18,1788,  83,1484, 61,1140,1299,  2445,  40, 119,   1,14081
10:30:28,1777,  86,1528, 61,1155,1334,  2450,  40, 119,   1,14101
10:30:38,1759,  88,1547, 61,1170,1368,  2455,  40, 119,   1,14118
10:30:48,1774,  86,1525, 61,1152,1327,  2460,  40, 119,   1,14138
10:30:58,1724,  93,1603, 61,1181,1394,  2460,  40, 119,   1,14156
10:31:08,1771,  85,1505, 61,1149,1320,  2465,  40, 119,   1,14174
10:31:18,1815,  78,1415, 61,1111,1234,  2470,  40, 119,   1,14194
10:31:28,1780,  86,1530, 61,1155,1334,  2470,  40, 119,   1,14211
10:31:38,1785,  83,1481, 61,1134,1285,  2475,  40, 119,   1,14230
10:31:48,1788,  83,1484, 61,1140,1299,  2480,  40, 119,   1,14242
10:31:58,1815,  74,1343, 61,1087,1181,  2485,  42, 119,   1,14258
10:32:08,1744,  81,1412, 61,1108,1227,  2485,  43, 119,   1,14277
10:32:18,1815,  77,1397, 61,1111,1234,  2490,  43, 119,   1,14294
10:32:28,1824,  75,1368, 61,1096,1201,  2495,  43, 119,   1,14314
10:32:38,1824,  74,1349, 61,1090,1188,  2495,  43, 119,   1,14332
10:32:48,1815,  77,1397, 61,1111,1234,  2500,  43, 119,   1,14352
10:32:58,1806,  80,1444, 61,1129,1274,  2505,  43, 119,   1,14368
10:33:08,1800,  83,1494, 61,1146,1313,  2505,  43, 119,   1,14387
10:33:18,1812,  81,1467, 61,1129,1274,  2510,  43, 119,   1,14407
10:33:28,1791,  83,1486, 61,1140,1299,  2515,  43, 119,   1,14424
10:33:38,1797,  83,1491, 61,1140,1299,  2520,  43, 119,   1,14438
10:33:48,1806,  80,1444, 61,1129,1274,  2520,  43, 119,   1,14455
10:33:58,1727,  80,1381, 61,1099,1207,  2525,  43, 119,   1,14474
10:34:08,1824,  75,1368, 61,1093,1194,  2530,  43, 119,   1,14494
10:34:18,1829,  75,1371, 61,1099,1207,  2530,  44, 119,   1,14513
10:34:28,1829,  75,1371, 61,1096,1201,  2535,  44, 119,   1,14533
10:34:38,1826,  75,1369, 61,1093,1194,  2540,  44, 119,   1,14549
10:34:48,1829,  75,1371, 61,1099,1207,  2540,  44, 119,   1,14569
10:34:58,1832,  75,1374, 61,1099,1207,  2545,  44, 119,   1,14589
10:35:08,1841,  75,1380, 61,1105,1221,  2550,  44, 119,   1,14608
10:35:18,1829,  77,1408, 61,1117,1247,  2550,  44, 119,   1,14628
10:35:28,1844,  76,1401, 61,1105,1221,  2555,  44, 119,   1,14647
10:35:38,1824,  81,1477, 61,1140,1299,  2560,  44, 119,   1,14665
10:35:48,1821,  81,1475, 61,1140,1299,  2560,  44, 119,   1,14685
10:35:58,1832,  77,1410, 61,1120,1254,  2565,  44, 119,   1,14704
10:36:08,1832,  76,1392, 61,1096,1201,  2570,  44, 119,   1,14719
10:36:18,1812,  80,1449, 61,1129,1274,  2570,  44, 119,   1,14738
10:36:28,1782,  79,1407, 61,1114,1240,  2575,  44, 119,   1,14754
10:36:38,1824,  74,1349, 61,1093,1194,  2580,  44, 119,   1,14773
10:36:48,1774,  79,1401, 61,1111,1234,  2580,  44, 119,   1,14790
10:36:58,1733,  83,1438, 61,1123,1261,  2585,  44, 119,   1,14809
10:37:08,1818,  81,1472, 61,1137,1292,  2590,  44, 119,   1,14828
10:37:18,1844,  76,1401, 61,1111,1234,  2595,  44, 119,   1,14846
10:37:28,1826,  78,1424, 61,1117,1247,  2595,  44, 119,   1,14864
10:37:38,1797,  87,1563, 61,1164,1354,  2600,  44, 119,   1,14882
10:37:48,1803,  83,1496, 61,1146,1313,  2605,  44, 119,   1,14900
10:37:58,1794,  87,1560, 61,1167,1361,  2605,  44, 119,   1,14918
10:38:08,1812,  80,1449, 61,1131,1279,  2610,  44, 119,   1,14932
10:38:18,1803,  84,1514, 61,1152,1327,  2615,  44, 119,   1,14950
10:38:28,1803,  83,1496, 61,1146,1313,  2620,  44, 119,   1,14967
10:38:38,1785,  86,1535, 61,1161,1347,  2620,  44, 119,   1,14985
10:38:48,1818,  77,1399, 61,1111,1234,  2625,  44, 119,   1,15001
10:38:58,1824,  75,1368, 61,1090,1188,  2630,  44, 119,   1,15021
10:39:08,1800,  80,1440, 61,1120,1254,  2630,  44, 119,   1,15037
10:39:18,1759,  84,1477, 61,1140,1299,  2635,  44, 119,   1,15055
10:39:28,1747,  84,1467, 61,1131,1279,  2640,  44, 119,   1,15075
10:39:38,1715,  86,1474, 61,1134,1285,  2645,  44, 119,   1,15094
10:39:48,1671,  86,1437, 61,1123,1261,  2645,  44, 119,   1,15114
10:39:58,1718,  82,1408, 61,1117,1247,  2650,  44, 119,   1,15134
10:40:08,1733,  80,1386, 61,1099,1207,  2655,  44, 119,   1,15152
10:40:18,1835,  75,1376, 61,1099,1207,  2655,  44, 119,   1,15171
10:40:28,1856,  72,1336, 61,1087,1181,  2660,  44, 119,   1,15186
10:40:38,1856,  73,1354, 61,1093,1194,  2665,  44, 119,   1,15204
10:40:48,1853,  73,1352, 61,1090,1188,  2665,  44, 119,   1,15223
10:40:58,1853,  72,1334, 61,1090,1188,  2670,  44, 119,   1,15243
10:41:08,1862,  73,1359, 61,1087,1181,  2675,  44, 119,   1,15263
10:41:18,1841,  75,1380, 61,1108,1227,  2675,  44, 119,   1,15280
10:41:28,1853,  73,1352, 61,1085,1177,  2680,  44, 119,   1,15293
10:41:38,1850,  73,1350, 61,1090,1188,  2685,  44, 119,   1,15311
10:41:47,1844,  76,1401, 61,1105,1221,  2685,  44, 119,   1,15328
10:41:57,1841,  76,1399, 61,1108,1227,  2690,  44, 119,   1,15344
10:42:07,1844,  75,1383, 61,1102,1214,  2695,  44, 119,   1,15359
10:42:17,1812,  81,1467, 61,1129,1274,  2695,  44, 119,   1,15375
10:42:27,1841,  76,1399, 61,1105,1221,  2700,  44, 119,   1,15390
10:42:37,1841,  75,1380, 61,1105,1221,  2705,  44, 119,   1,15408
10:42:47,1841,  76,1399, 61,1111,1234,  2705,  44, 119,   1,15427
10:42:57,1838,  76,1396, 61,1102,1214,  2710,  44, 119,   1,15443
10:43:07,1835,  75,1376, 61,1105,1221,  2715,  44, 119,   1,15458
10:43:17,1818,  81,1472, 61,1131,1279,  2715,  44, 119,   1,15474
10:43:27,1838,  75,1378, 61,1102,1214,  2720,  44, 119,   1,15491
10:43:37,1838,  76,1396, 61,1105,1221,  2725,  44, 119,   1,15510
10:43:47,1838,  76,1396, 61,1102,1214,  2725,  44, 119,   1,15530
10:43:57,1835,  75,1376, 61,1105,1221,  2730,  44, 119,   1,15550
10:44:07,1821,  81,1475, 61,1131,1279,  2735,  44, 119,   1,15570
10:44:17,1821,  81,1475, 61,1137,1292,  2735,  44, 119,   1,15590
10:44:27,1835,  76,1394, 61,1105,1221,  2740,  44, 119,   1,15605
10:44:37,1821,  81,1475, 61,1137,1292,  2745,  44, 119,   1,15623
10:44:47,1838,  75,1378, 61,1099,1207,  2745,  44, 119,   1,15642
10:44:57,1838,  76,1396, 61,1102,1214,  2750,  44, 119,   1,15660
10:45:07,1824,  77,1404, 61,1117,1247,  2755,  44, 119,   1,15680
10:45:17,1824,  78,1422, 61,1114,1240,  2755,  44, 119,   1,15699
10:45:27,1821,  77,1402, 61,1114,1240,  2760,  44, 119,   1,15718
10:45:37,1824,  78,1422, 61,1117,1247,  2765,  44, 119,   1,15738
10:45:47,1821,  78,1420, 61,1114,1240,  2765,  44, 119,   1,15757
10:45:57,1832,  75,1374, 61,1099,1207,  2770,  44, 119,   1,15776
10:46:07,1841,  72,1325, 61,1079,1164,  2775,  44, 119,   1,15795
10:46:17,1838,  72,1323, 61,1082,1170,  2775,  44, 119,   1,15815
10:46:27,1835,  72,1321, 61,1076,1157,  2780,  44, 119,   1,15835
10:46:37,1835,  72,1321, 61,1079,1164,  2785,  44, 119,   1,15855
10:46:47,1838,  72,1323, 61,1082,1170,  2785,  44, 119,   1,15875
10:46:57,1835,  72,1321, 61,1079,1164,  2790,  44, 119,   1,15895
10:47:07,1838,  72,1323, 61,1076,1157,  2795,  44, 119,   1,15915
10:47:17,1826,  75,1369, 61,1096,1201,  2795,  44, 119,   1,15935
10:47:27,1841,  72,1325, 61,1082,1170,  2800,  44, 119,   1,15953
10:47:37,1835,  75,1376, 61,1099,1207,  2805,  44, 119,   1,15973
10:47:47,1829,  78,1426, 61,1120,1254,  2805,  44, 119,   1,15990
10:47:57,1829,  78,1426, 61,1123,1261,  2810,  44, 119,   1,16010
10:48:07,1815,  81,1470, 61,1131,1279,  2815,  44, 119,   1,16025
10:48:18,1818,  81,1472, 61,1134,1285,  2815,  44, 119,   1,16038
10:48:28,1809,  83,1501, 61,1152,1327,  2820,  44, 119,   1,16052
10:48:38,1812,  80,1449, 61,1131,1279,  2825,  44, 119,   1,16069
10:48:48,1809,  84,1519, 61,1155,1334,  2830,  44, 119,   1,16088
10:48:58,1812,  80,1449, 61,1129,1274,  2830,  44, 119,   1,16103
10:49:08,1812,  81,1467, 61,1134,1285,  2835,  44, 119,   1,16121
10:49:18,1812,  80,1449, 61,1131,1279,  2840,  44, 119,   1,16141
10:49:28,1791,  86,1540, 61,1161,1347,  2840,  44, 119,   1,16158
10:49:38,1800,  83,1494, 61,1146,1313,  2845,  44, 119,   1,16178
10:49:48,1815,  81,1470, 61,1131,1279,  2850,  44, 119,   1,16196
10:49:58,1838,  72,1323, 61,1079,1164,  2855,  44, 119,   1,16213
10:50:08,1815,  81,1470, 61,1134,1285,  2855,  44, 119,   1,16231
10:50:17,1824,  77,1404, 61,1120,1254,  2860,  44, 119,   1,16242
10:50:27,1824,  78,1422, 61,1114,1240,  2865,  44, 119,   1,16261
10:50:37,1782,  85,1514, 61,1158,1340,  2865,  44, 119,   1,16279
10:50:47,1777,  89,1581, 61,1175,1380,  2870,  44, 119,   1,16298
10:50:57,1803,  83,1496, 61,1146,1313,  2875,  44, 119,   1,16316
10:51:07,1797,  81,1455, 61,1123,1261,  2880,  44, 119,   1,16336
10:51:17,1765,  85,1500, 61,1143,1306,  2880,  44, 119,   1,16355
10:51:27,1689,  84,1418, 61,1108,1227,  2885,  44, 119,   1,16374
10:51:37,1824,  81,1477, 61,1137,1292,  2890,  44, 119,   1,16391
10:51:47,1791,  83,1486, 61,1140,1299,  2890,  44, 119,   1,16406
10:51:57,1683,  81,1363, 61,1090,1188,  2895,  44, 119,   1,16426
10:52:07,1715,  79,1354, 61,1090,1188,  2900,  44, 119,   1,16446
10:52:17,1736,  84,1458, 61,1126,1267,  2900,  44, 119,   1,16464
10:52:27,1794,  80,1435, 61,1120,1254,  2905,  44, 119,   1,16481
10:52:37,1633,  81,1322, 61,1076,1157,  2910,  44, 119,   1,16500
10:52:47,1800,  87,1566, 61,1170,1368,  2915,  44, 119,   1,16520
10:52:57,1832,  78,1428, 61,1123,1261,  2915,  44, 119,   1,16538
10:53:07,1750,  75,1312, 61,1070,1144,  2920,  44, 119,   1,16558
10:53:17,1832,  78,1428, 61,1123,1261,  2925,  44, 119,   1,16576
10:53:27,1797,  83,1491, 61,1146,1313,  2925,  44, 119,   1,16595
10:53:37,1829,  78,1426, 61,1120,1254,  2930,  44, 119,   1,16612
10:53:47,1832,  78,1428, 61,1123,1261,  2935,  44, 119,   1,16632
10:53:57,1806,  84,1517, 61,1152,1327,  2935,  44, 119,   1,16649
10:54:07,1788,  80,1430, 61,1120,1254,  2940,  44, 119,   1,16666
10:54:17,1730,  86,1487, 61,1140,1299,  2945,  44, 119,   1,16685
10:54:27,1800,  80,1440, 61,1123,1261,  2950,  44, 119,   1,16705
10:54:37,1841,  72,1325, 61,1079,1164,  2950,  44, 119,   1,16724
10:54:47,1844,  72,1327, 61,1079,1164,  2955,  44, 119,   1,16743
10:54:57,1844,  72,1327, 61,1082,1170,  2955,  44, 119,   1,16763
10:55:07,1847,  72,1329, 61,1087,1181,  2960,  44, 119,   1,16783
10:55:17,1832,  72,1319, 61,1076,1157,  2965,  44, 119,   1,16803
10:55:27,1818,  77,1399, 61,1114,1240,  2965,  44, 119,   1,16819
10:55:37,1774,  86,1525, 61,1152,1327,  2970,  44, 119,   1,16839
10:55:47,1832,  75,1374, 61,1099,1207,  2975,  44, 119,   1,16859
10:55:57,1821,  77,1402, 61,1114,1240,  2980,  44, 119,   1,16878
10:56:07,1809,  81,1465, 61,1134,1285,  2980,  44, 119,   1,16897
10:56:17,1821,  78,1420, 61,1114,1240,  2985,  44, 119,   1,16917
10:56:27,1812,  80,1449, 61,1134,1285,  2990,  44, 119,   1,16935
10:56:37,1809,  74,1338, 61,1085,1177,  2990,  44, 119,   1,16952
10:56:47,1744,  81,1412, 61,1111,1234,  2995,  44, 119,   1,16971
10:56:57,1812,  74,1340, 61,1085,1177,  3000,  44, 119,   1,16989
10:57:07,1812,  77,1395, 61,1108,1227,  3000,  44, 119,   1,17006
10:57:17,1809,  77,1392, 61,1108,1227,  3005,  44, 119,   1,17025
10:57:27,1794,  83,1489, 61,1140,1299,  3010,  44, 119,   1,17044
10:57:37,1809,  77,1392, 61,1108,1227,  3010,  44, 119,   1,17064
10:57:47,1809,  74,1338, 61,1082,1170,  3015,  44, 119,   1,17083
10:57:57,1800,  74,1332, 61,1079,1164,  3020,  44, 119,   1,17103
10:58:07,1806,  74,1336, 61,1087,1181,  3020,  44, 119,   1,17122
10:58:17,1818,  74,1345, 61,1087,1181,  3025,  44, 119,   1,17142
10:58:27,1803,  77,1388, 61,1105,1221,  3030,  44, 119,   1,17162
10:58:37,1800,  77,1386, 61,1102,1214,  3030,  45, 119,   1,17181
10:58:47,1797,  80,1437, 61,1120,1254,  3035,  45, 119,   1,17201
10:58:56,1812,  77,1395, 61,1111,1234,  3040,  45, 119,   1,17218
10:59:06,1821,  74,1347, 61,1093,1194,  3040,  45, 119,   1,17234
10:59:16,1824,  75,1368, 61,1096,1201,  3045,  45, 119,   1,17252
10:59:26,1821,  75,1365, 61,1093,1194,  3050,  45, 119,   1,17272
10:59:36,1835,  72,1321, 61,1079,1164,  3050,  45, 119,   1,17292
10:59:46,1824,  74,1349, 61,1090,1188,  3055,  45, 119,   1,17312
10:59:56,1826,  72,1314, 61,1079,1164,  3060,  45, 119,   1,17332
11:00:06,1812,  77,1395, 61,1111,1234,  3060,  46, 119,   1,17347
11:00:16,1791,  80,1432, 61,1117,1247,  3065,  46, 119,   1,17365
11:00:26,1780,  82,1459, 61,1131,1279,  3070,  46, 119,   1,17383
11:00:36,1788,  83,1484, 61,1140,1299,  3070,  46, 119,   1,17403
11:00:46,1800,  80,1440, 61,1126,1267,  3075,  46, 119,   1,17421
11:00:56,1791,  83,1486, 61,1137,1292,  3080,  46, 119,   1,17440
11:01:06,1800,  80,1440, 61,1126,1267,  3085,  46, 119,   1,17457
11:01:16,1803,  77,1388, 61,1102,1214,  3085,  46, 119,   1,17476
11:01:26,1800,  77,1386, 61,1105,1221,  3090,  46, 119,   1,17490
11:01:36,1809,  77,1392, 61,1108,1227,  3095,  46, 119,   1,17501
11:01:46,1788,  79,1412, 61,1120,1254,  3095,  46, 119,   1,17517
11:01:56,1803,  80,1442, 61,1126,1267,  3100,  46, 119,   1,17537
11:02:06,1815,  77,1397, 61,1111,1234,  3105,  46, 119,   1,17555
11:02:16,1791,  83,1486, 61,1140,1299,  3105,  46, 119,   1,17570
11:02:26,1806,  81,1462, 61,1129,1274,  3110,  46, 119,   1,17589
11:02:36,1762,  91,1603, 61,1184,1401,  3115,  46, 119,   1,17609
11:02:46,1756,  91,1597, 61,1181,1394,  3120,  46, 119,   1,17627
11:02:56,1785,  86,1535, 61,1161,1347,  3120,  46, 119,   1,17641
11:03:06,1815,  77,1397, 61,1114,1240,  3125,  46, 119,   1,17656
11:03:16,1824,  75,1368, 61,1096,1201,  3130,  46, 119,   1,17676
11:03:26,1824,  75,1368, 61,1093,1194,  3130,  46, 119,   1,17696
11:03:36,1829,  72,1316, 61,1079,1164,  3135,  46, 119,   1,17716
11:03:46,1818,  74,1345, 61,1090,1188,  3140,  46, 119,   1,17736
11:03:56,1824,  75,1368, 61,1096,1201,  3140,  46, 119,   1,17756
11:04:06,1824,  75,1368, 61,1093,1194,  3145,  46, 119,   1,17776
11:04:16,1821,  75,1365, 61,1093,1194,  3150,  46, 119,   1,17796
11:04:26,1818,  74,1345, 61,1087,1181,  3150,  46, 119,   1,17816
11:04:37,1785,  82,1463, 61,1134,1285,  3155,  46, 119,   1,17833
11:04:47,1803,  80,1442, 61,1123,1261,  3160,  46, 119,   1,17853
11:04:57,1809,  77,1392, 61,1111,1234,  3160,  46, 119,   1,17872
11:05:07,1794,  79,1417, 61,1120,1254,  3165,  46, 119,   1,17888
11:05:17,1824,  74,1349, 61,1093,1194,  3170,  48, 119,   1,17904
11:05:27,1821,  74,1347, 61,1090,1188,  3175,  51, 119,   1,17917
11:05:37,1821,  75,1365, 61,1090,1188,  3175,  54, 119,   1,17931
11:05:47,1818,  74,1345, 61,1090,1188,  3180,  55, 119,   1,17948
11:05:57,1821,  75,1365, 61,1087,1181,  3180,  60, 119,   1,17960
11:06:07,1815,  77,1397, 61,1111,1234,  3185,  64, 119,   1,17975
11:06:17,1800,  80,1440, 61,1123,1261,  3190,  64, 119,   1,17993
11:06:27,1803,  81,1460, 61,1129,1274,  3195,  64, 119,   1,18013
11:06:37,1794,  83,1489, 61,1143,1306,  3195,  64, 119,   1,18025
11:06:47,1794,  83,1489, 61,1143,1306,  3200,  64, 119,   1,18036
11:06:57,1794,  83,1489, 61,1140,1299,  3205,  64, 119,   1,18047
11:07:07,1771,  89,1576, 61,1173,1375,  3205,  64, 119,   1,18064
11:07:17,1794,  83,1489, 61,1143,1306,  3210,  64, 119,   1,18082
11:07:27,1794,  83,1489, 61,1143,1306,  3215,  64, 119,   1,18102
11:07:37,1782,  86,1532, 61,1158,1340,  3220,  64, 119,   1,18121
11:07:47,1803,  80,1442, 61,1126,1267,  3220,  64, 119,   1,18135
11:07:57,1806,  81,1462, 61,1129,1274,  3225,  64, 119,   1,18155
11:08:07,1818,  77,1399, 61,1114,1240,  3230,  64, 119,   1,18174
11:08:17,1806,  79,1426, 61,1126,1267,  3230,  64, 119,   1,18192
11:08:27,1818,  77,1399, 61,1114,1240,  3235,  64, 119,   1,18212
11:08:37,1818,  77,1399, 61,1114,1240,  3240,  64, 119,   1,18232
11:08:47,1794,  83,1489, 61,1140,1299,  3245,  64, 119,   1,18251
11:08:57,1809,  81,1465, 61,1131,1279,  3245,  64, 119,   1,18271
11:09:07,1806,  80,1444, 61,1129,1274,  3250,  64, 119,   1,18288
11:09:17,1818,  77,1399, 61,1114,1240,  3255,  64, 119,   1,18308
11:09:27,1803,  80,1442, 61,1126,1267,  3255,  64, 119,   1,18327
11:09:37,1803,  80,1442, 61,1129,1274,  3260,  64, 119,   1,18347
11:09:47,1826,  75,1369, 61,1099,1207,  3265,  64, 119,   1,18366
11:09:57,1829,  75,1371, 61,1096,1201,  3265,  65, 119,   1,18380
11:10:07,1818,  77,1399, 61,1111,1234,  3270,  65, 119,   1,18398
11:10:17,1821,  78,1420, 61,1111,1234,  3275,  65, 119,   1,18418
11:10:27,1806,  81,1462, 61,1126,1267,  3275,  65, 119,   1,18437
11:10:37,1824,  75,1368, 61,1096,1201,  3280,  65, 119,   1,18455
11:10:47,1829,  75,1371, 61,1096,1201,  3285,  65, 119,   1,18473
11:10:57,1815,  77,1397, 61,1111,1234,  3290,  65, 119,   1,18492
11:11:07,1829,  75,1371, 61,1096,1201,  3290,  65, 119,   1,18511
11:11:17,1803,  80,1442, 61,1126,1267,  3295,  65, 119,   1,18531
11:11:26,1838,  72,1323, 61,1076,1157,  3300,  65, 119,   1,18547
11:11:36,1829,  75,1371, 61,1093,1194,  3300,  65, 119,   1,18565
11:11:46,1824,  75,1368, 61,1093,1194,  3305,  65, 119,   1,18585
11:11:56,1821,  74,1347, 61,1090,1188,  3310,  65, 119,   1,18605
11:12:06,1824,  74,1349, 61,1093,1194,  3310,  65, 119,   1,18625
11:12:16,1824,  75,1368, 61,1090,1188,  3315,  65, 119,   1,18645
11:12:26,1824,  75,1368, 61,1099,1207,  3315,  65, 119,   1,18665
11:12:36,1824,  75,1368, 61,1093,1194,  3320,  65, 119,   1,18684
11:12:46,1826,  75,1369, 61,1096,1201,  3325,  65, 119,   1,18704
11:12:56,1812,  77,1395, 61,1111,1234,  3325,  65, 119,   1,18724
11:13:06,1824,  75,1368, 61,1090,1188,  3330,  65, 119,   1,18744
11:13:16,1818,  74,1345, 61,1093,1194,  3335,  65, 119,   1,18764
11:13:26,1829,  75,1371, 61,1093,1194,  3335,  65, 119,   1,18784
11:13:36,1818,  77,1399, 61,1114,1240,  3340,  65, 119,   1,18804
11:13:46,1829,  75,1371, 61,1093,1194,  3345,  65, 119,   1,18824
11:13:56,1826,  75,1369, 61,1099,1207,  3345,  65, 119,   1,18844
11:14:06,1824,  77,1404, 61,1114,1240,  3350,  65, 119,   1,18864
11:14:16,1809,  81,1465, 61,1129,1274,  3355,  65, 119,   1,18884
11:14:26,1829,  75,1371, 61,1096,1201,  3355,  65, 119,   1,18902
11:14:36,1826,  75,1369, 61,1090,1188,  3360,  65, 119,   1,18922
11:14:46,1797,  80,1437, 61,1123,1261,  3365,  65, 119,   1,18941
11:14:56,1797,  80,1437, 61,1123,1261,  3365,  65, 119,   1,18961
11:15:06,1777,  85,1510, 61,1152,1327,  3370,  65, 119,   1,18977
11:15:16,1785,  83,1481, 61,1134,1285,  3375,  65, 119,   1,18994
11:15:26,1768,  81,1432, 61,1129,1274,  3380,  65, 119,   1,19012
11:15:36,1703,  85,1447, 61,1123,1261,  3380,  65, 119,   1,19031
11:15:46,1565,  84,1314, 61,1067,1138,  3385,  65, 119,   1,19048
11:15:56,1686,  84,1416, 61,1111,1234,  3390,  65, 119,   1,19066
11:16:06,1627,  78,1269, 61,1049,1100,  3390,  65, 119,   1,19083
11:16:16,1586,  79,1252, 61,1046,1094,  3395,  65, 119,   1,19103
11:16:26,1407,  66, 928, 61, 900, 810,  3395,  65, 119,   1,19123
11:16:51,1,0,0,0,0,0,0
11:17:16,1,0,0,0,0,0,0
11:17:42,1,0,0,0,0,0,0
11:17:52,1689,  72,1216, 61,1029,1058,  3405,  66, 120,   1,19175
11:18:02,1739,  71,1234, 61,1038,1077,  3405,  66, 120,   1,19192
11:18:12,1826,  65,1186, 61,1029,1058,  3410,  66, 120,   1,19210
11:18:22,1806,  64,1155, 61,1017,1034,  3410,  66, 120,   1,19229
11:18:32,1703,  67,1141, 61,1000,1000,  3415,  67, 120,   1,19245
11:18:42,1627,  66,1073, 61, 970, 940,  3420,  67, 120,   1,19263
11:18:52,1609,  65,1045, 61, 956, 913,  3420,  69, 120,   1,19281
11:19:03,1560,  69,1076, 61, 967, 935,  3425,  69, 120,   1,19301
11:19:13,1466,  69,1011, 61, 941, 885,  3425,  69, 120,   1,19320
11:19:23,1671,  71,1186, 61,1020,1040,  3430,  69, 120,   1,19338
11:19:33,1674,  71,1188, 61,1020,1040,  3430,  69, 120,   1,19356
11:19:43,1577,  72,1135, 61, 997, 994,  3435,  69, 120,   1,19375
11:19:53,1554,  71,1103, 61, 979, 958,  3435,  69, 120,   1,19393
11:20:03,1539,  70,1077, 61, 973, 946,  3440,  69, 120,   1,19413
11:20:13,1325,  64, 848, 61, 865, 748,  3440,  69, 120,   1,19433
11:20:35,1,0,0,0,0,0,0
11:20:45,1340,  60, 804, 61, 835, 697,  3445,  69, 121,   1,19458
11:21:07,1,0,0,0,0,0,0
11:21:33,1,0,0,0,0,0,0
11:21:58,1,0,0,0,0,0,0
11:22:08,1712,  64,1095, 61, 982, 964,  3450,  70, 121,   1,19506
11:22:18,1733,  68,1178, 61,1014,1028,  3450,  70, 122,   1,19525
11:22:28,1565,  61, 954, 61, 914, 835,  3455,  70, 122,   1,19544
11:22:56,1,0,0,0,0,0,0
11:23:06,1325,  52, 689, 61, 780, 608,  3460,  70, 124,   1,19578
11:23:27,1,0,0,0,0,0,0
11:23:53,1,0,0,0,0,0,0
11:24:18,1,0,0,0,0,0,0
11:24:44,1,0,0,0,0,0,0
11:24:54,1017,  36, 366, 61, 577, 332,  3465,  71, 125,   1,19636
11:25:16,1,0,0,0,0,0,0
11:25:42,1,0,0,0,0,0,0
11:25:52,1818,  68,1236, 61,1043,1087,  3465,  71, 126,   1,19672
11:26:02,1774,  63,1117, 61, 997, 994,  3470,  71, 127,   1,19691
11:26:12,1850,  66,1221, 61,1041,1083,  3475,  71, 128,   1,19710
11:26:22,1832,  62,1135, 61,1002,1004,  3475,  71, 131,   1,19727
11:26:32,1665,  54, 899, 61, 888, 788,  3480,  71, 132,   1,19746
11:26:42,1788,  67,1197, 61,1026,1052,  3480,  71, 133,   1,19765
11:26:52,1815,  68,1234, 61,1046,1094,  3485,  71, 136,   1,19782
11:27:02,1609,  63,1013, 61, 941, 885,  3485,  71, 136,   1,19802
11:27:12,1741,  68,1183, 61,1023,1046,  3490,  71, 136,   1,19822
11:27:22,1747,  68,1187, 61,1017,1034,  3490,  71, 137,   1,19841
11:27:32,1768,  76,1343, 61,1082,1170,  3495,  72, 138,   1,19859
11:27:42,1832,  78,1428, 61,1120,1254,  3500,  72, 138,   1,19879
11:27:52,1756,  78,1369, 61,1093,1194,  3500,  72, 138,   1,19899
11:28:02,1782,  76,1354, 61,1087,1181,  3505,  72, 138,   1,19915
11:28:12,1765,  72,1270, 61,1055,1113,  3510,  72, 138,   1,19932
11:28:22,1692,  66,1116, 61, 994, 988,  3510,  72, 140,   1,19950
11:28:32,1782,  73,1300, 61,1064,1132,  3515,  72, 142,   1,19968
11:28:42,1794,  73,1309, 61,1070,1144,  3515,  73, 145,   1,19984
11:28:52,1850,  79,1461, 61,1134,1285,  3520,  74, 145,   1,20001
11:29:02,1862,  83,1545, 61,1164,1354,  3525,  74, 145,   1,20020
11:29:12,1785,  86,1535, 61,1158,1340,  3530,  74, 145,   1,20038
11:29:22,1762,  88,1550, 61,1161,1347,  3530,  74, 145,   1,20055
11:29:32,1656,  86,1424, 61,1114,1240,  3535,  74, 145,   1,20075
11:29:41,1780,  86,1530, 61,1158,1340,  3540,  74, 145,   1,20093
11:29:51,1747,  81,1415, 61,1111,1234,  3540,  74, 145,   1,20110
11:30:01,1724,  83,1430, 61,1117,1247,  3545,  74, 145,   1,20122
11:30:11,1785,  76,1356, 61,1093,1194,  3550,  74, 145,   1,20138
11:30:21,1642,  76,1247, 61,1043,1087,  3550,  74, 145,   1,20157
11:30:31,1530,  70,1071, 61, 967, 935,  3555,  74, 145,   1,20176
11:30:41,1480,  68,1006, 61, 938, 879,  3560,  74, 145,   1,20196
11:31:04,1,0,0,0,0,0,0
11:31:33,1,0,0,0,0,0,0
11:32:00,1,0,0,0,0,0,0
11:32:26,1,0,0,0,0,0,0
11:32:36,1829,  68,1243, 61,1052,1106,  3565,  74, 145,   1,20266
11:32:46,1917,  65,1246, 61,1055,1113,  3570,  74, 145,   1,20285
11:32:56,1932,  66,1275, 61,1064,1132,  3570,  74, 145,   1,20303
11:33:06,1832,  62,1135, 61,1005,1010,  3575,  74, 146,   1,20322
11:33:16,1850,  66,1221, 61,1041,1083,  3575,  74, 146,   1,20342
11:33:26,1868,  67,1251, 61,1049,1100,  3580,  75, 146,   1,20361
11:33:36,1741,  71,1236, 61,1043,1087,  3585,  75, 146,   1,20379
11:33:46,1774,  73,1295, 61,1058,1119,  3585,  75, 146,   1,20399
11:33:56,1821,  65,1183, 61,1023,1046,  3590,  75, 146,   1,20419
11:34:06,1917,  68,1303, 61,1076,1157,  3595,  75, 146,   1,20437
11:34:16,1844,  72,1327, 61,1085,1177,  3595,  75, 146,   1,20455
11:34:26,1879,  67,1258, 61,1064,1132,  3600,  75, 146,   1,20473
11:34:36,1865,  70,1305, 61,1076,1157,  3600,  75, 146,   1,20492
11:34:46,1894,  71,1344, 61,1085,1177,  3605,  75, 146,   1,20511
11:34:56,1882,  74,1392, 61,1111,1234,  3610,  75, 146,   1,20529
11:35:06,1879,  74,1390, 61,1108,1227,  3610,  75, 146,   1,20549
11:35:16,1891,  71,1342, 61,1085,1177,  3615,  75, 146,   1,20565
11:35:26,1853,  76,1408, 61,1114,1240,  3620,  75, 146,   1,20584
11:35:36,1850,  79,1461, 61,1131,1279,  3625,  75, 146,   1,20604
11:35:46,1853,  79,1463, 61,1134,1285,  3625,  75, 146,   1,20623
11:35:56,1815,  84,1524, 61,1158,1340,  3630,  75, 146,   1,20642
11:36:06,1683,  87,1464, 61,1131,1279,  3635,  75, 146,   1,20661
11:36:16,1782,  86,1532, 61,1155,1334,  3635,  75, 146,   1,20679
11:36:25,1835,  81,1486, 61,1146,1313,  3640,  75, 146,   1,20696
11:36:35,1865,  73,1361, 61,1096,1201,  3645,  75, 146,   1,20712
11:36:45,1873,  70,1311, 61,1082,1170,  3645,  75, 146,   1,20730
11:36:55,1865,  73,1361, 61,1093,1194,  3650,  75, 146,   1,20744
11:37:05,1847,  76,1403, 61,1105,1221,  3655,  75, 146,   1,20762
11:37:15,1821,  74,1347, 61,1093,1194,  3655,  75, 146,   1,20782
11:37:25,1862,  67,1247, 61,1049,1100,  3660,  75, 146,   1,20799
11:37:35,1876,  67,1256, 61,1058,1119,  3665,  75, 146,   1,20819
11:37:45,1873,  67,1254, 61,1058,1119,  3665,  75, 146,   1,20838
11:37:55,1862,  70,1303, 61,1076,1157,  3670,  75, 146,   1,20852
11:38:05,1876,  67,1256, 61,1061,1125,  3675,  75, 146,   1,20872
11:38:15,1853,  73,1352, 61,1093,1194,  3675,  75, 146,   1,20891
11:38:25,1879,  64,1202, 61,1041,1083,  3680,  75, 146,   1,20909
11:38:35,1865,  67,1249, 61,1052,1106,  3685,  75, 146,   1,20927
11:38:45,1862,  66,1228, 61,1046,1094,  3685,  75, 146,   1,20947
11:38:55,1826,  75,1369, 61,1096,1201,  3690,  75, 146,   1,20966
11:39:05,1788,  83,1484, 61,1140,1299,  3690,  75, 146,   1,20986
11:39:15,1794,  80,1435, 61,1120,1254,  3695,  75, 146,   1,21005
11:39:25,1785,  79,1410, 61,1114,1240,  3700,  75, 146,   1,21024
11:39:35,1791,  77,1379, 61,1096,1201,  3705,  75, 146,   1,21042
11:39:45,1797,  77,1383, 61,1099,1207,  3705,  75, 146,   1,21055
11:39:55,1806,  77,1390, 61,1108,1227,  3710,  75, 146,   1,21074
11:40:05,1797,  80,1437, 61,1120,1254,  3715,  75, 146,   1,21090
11:40:15,1762,  85,1497, 61,1146,1313,  3715,  75, 146,   1,21108
11:40:25,1695,  85,1440, 61,1120,1254,  3720,  75, 146,   1,21127
11:40:35,1513,  84,1270, 61,1049,1100,  3725,  75, 146,   1,21146
11:40:45,1346,  81,1090, 61, 979, 958,  3725,  75, 146,   1,21164
11:40:55,1205,  77, 927, 61, 903, 815,  3730,  75, 146,   1,21183
11:41:20,1,0,0,0,0,0,0
11:41:30,1495,  63, 941, 61, 909, 826,  3730,  76, 147,   1,21212
11:41:59,1,0,0,0,0,0,0
11:42:25,1,0,0,0,0,0,0
11:42:50,1,0,0,0,0,0,0
11:43:16,1,0,0,0,0,0,0
11:43:41,1,0,0,0,0,0,0
11:44:08,1,0,0,0,0,0,0
11:44:33,1,0,0,0,0,0,0
11:44:59,1,0,0,0,0,0,0
11:45:24,1,0,0,0,0,0,0
11:45:50,1,0,0,0,0,0,0
11:46:15,1,0,0,0,0,0,0
11:46:41,1,0,0,0,0,0,0
11:47:06,1,0,0,0,0,0,0
11:47:32,1,0,0,0,0,0,0
11:47:57,1,0,0,0,0,0,0
11:48:23,1,0,0,0,0,0,0
11:48:48,1,0,0,0,0,0,0
11:49:14,1,0,0,0,0,0,0
11:49:39,1,0,0,0,0,0,0
11:50:05,1,0,0,0,0,0,0
11:50:30,1,0,0,0,0,0,0
11:50:56,1,0,0,0,0,0,0
11:51:21,1,0,0,0,0,0,0
11:51:47,1,0,0,0,0,0,0
11:52:12,1,0,0,0,0,0,0
11:52:38,1,0,0,0,0,0,0
11:53:03,1,0,0,0,0,0,0
11:53:29,1,0,0,0,0,0,0
11:53:54,1,0,0,0,0,0,0
11:54:20,1,0,0,0,0,0,0
11:54:45,1,0,0,0,0,0,0
11:55:11,1,0,0,0,0,0,0
11:55:36,1,0,0,0,0,0,0
11:56:02,1,0,0,0,0,0,0
11:56:27,1,0,0,0,0,0,0
11:56:54,1,0,0,0,0,0,0
11:57:19,1,0,0,0,0,0,0
11:57:45,1,0,0,0,0,0,0
11:58:10,1,0,0,0,0,0,0
11:58:36,1,0,0,0,0,0,0
11:59:01,1,0,0,0,0,0,0
11:59:27,1,0,0,0,0,0,0
11:59:52,1,0,0,0,0,0,0
12:00:18,1,0,0,0,0,0,0
12:00:43,1,0,0,0,0,0,0
12:01:09,1,0,0,0,0,0,0
12:01:34,1,0,0,0,0,0,0
12:02:00,1,0,0,0,0,0,0
12:02:25,1,0,0,0,0,0,0
12:02:51,1,0,0,0,0,0,0
12:03:16,1,0,0,0,0,0,0
12:03:42,1,0,0,0,0,0,0
12:04:07,1,0,0,0,0,0,0
12:04:33,1,0,0,0,0,0,0
12:04:58,1,0,0,0,0,0,0
12:05:24,1,0,0,0,0,0,0
12:05:49,1,0,0,0,0,0,0
12:06:15,1,0,0,0,0,0,0
12:06:40,1,0,0,0,0,0,0
12:07:06,1,0,0,0,0,0,0
12:07:31,1,0,0,0,0,0,0
12:07:57,1,0,0,0,0,0,0
12:08:22,1,0,0,0,0,0,0
12:08:48,1,0,0,0,0,0,0
12:09:14,1,0,0,0,0,0,0
12:09:40,1,0,0,0,0,0,0
12:10:05,1,0,0,0,0,0,0
12:10:31,1,0,0,0,0,0,0
12:10:56,1,0,0,0,0,0,0
12:11:22,1,0,0,0,0,0,0
12:11:47,1,0,0,0,0,0,0
12:12:13,1,0,0,0,0,0,0
12:12:38,1,0,0,0,0,0,0
12:13:04,1,0,0,0,0,0,0
12:13:29,1,0,0,0,0,0,0
12:13:55,1,0,0,0,0,0,0
12:14:20,1,0,0,0,0,0,0
12:14:46,1,0,0,0,0,0,0
12:15:11,1,0,0,0,0,0,0
12:15:37,1,0,0,0,0,0,0
12:16:02,1,0,0,0,0,0,0
12:16:28,1,0,0,0,0,0,0
12:16:53,1,0,0,0,0,0,0
12:17:19,1,0,0,0,0,0,0
12:17:44,1,0,0,0,0,0,0
12:18:10,1,0,0,0,0,0,0
12:18:35,1,0,0,0,0,0,0
12:19:01,1,0,0,0,0,0,0
12:19:26,1,0,0,0,0,0,0
12:19:52,1,0,0,0,0,0,0
12:20:17,1,0,0,0,0,0,0
12:20:43,1,0,0,0,0,0,0
12:21:08,1,0,0,0,0,0,0
12:21:34,1,0,0,0,0,0,0
12:22:00,1,0,0,0,0,0,0
12:22:26,1,0,0,0,0,0,0
12:22:51,1,0,0,0,0,0,0
12:23:17,1,0,0,0,0,0,0
12:23:42,1,0,0,0,0,0,0
12:24:08,1,0,0,0,0,0,0
12:24:33,1,0,0,0,0,0,0
12:24:59,1,0,0,0,0,0,0
12:25:24,1,0,0,0,0,0,0
12:25:50,1,0,0,0,0,0,0
12:26:15,1,0,0,0,0,0,0
12:26:41,1,0,0,0,0,0,0
12:27:06,1,0,0,0,0,0,0
12:27:32,1,0,0,0,0,0,0
12:27:57,1,0,0,0,0,0,0
12:28:23,1,0,0,0,0,0,0
12:28:48,1,0,0,0,0,0,0
12:29:14,1,0,0,0,0,0,0
12:29:39,1,0,0,0,0,0,0
12:30:05,1,0,0,0,0,0,0
12:30:30,1,0,0,0,0,0,0
12:30:56,1,0,0,0,0,0,0
12:31:21,1,0,0,0,0,0,0
12:31:47,1,0,0,0,0,0,0
12:32:12,1,0,0,0,0,0,0
12:32:38,1,0,0,0,0,0,0
12:33:03,1,0,0,0,0,0,0
12:33:29,1,0,0,0,0,0,0
12:33:54,1,0,0,0,0,0,0
12:34:20,1,0,0,0,0,0,0
12:34:46,1,0,0,0,0,0,0
12:35:12,1,0,0,0,0,0,0
12:35:37,1,0,0,0,0,0,0
12:36:03,1,0,0,0,0,0,0
12:36:28,1,0,0,0,0,0,0
12:36:54,1,0,0,0,0,0,0
12:37:19,1,0,0,0,0,0,0
12:37:45,1,0,0,0,0,0,0
12:38:10,1,0,0,0,0,0,0
12:38:36,1,0,0,0,0,0,0
12:39:01,1,0,0,0,0,0,0
12:39:27,1,0,0,0,0,0,0
12:39:52,1,0,0,0,0,0,0
12:40:18,1,0,0,0,0,0,0
12:40:43,1,0,0,0,0,0,0
12:41:09,1,0,0,0,0,0,0
12:41:34,1,0,0,0,0,0,0
12:42:00,1,0,0,0,0,0,0
12:42:25,1,0,0,0,0,0,0
12:42:51,1,0,0,0,0,0,0
12:43:16,1,0,0,0,0,0,0
12:43:42,1,0,0,0,0,0,0
12:44:07,1,0,0,0,0,0,0
12:44:33,1,0,0,0,0,0,0
12:44:58,1,0,0,0,0,0,0
12:45:24,1,0,0,0,0,0,0
12:45:49,1,0,0,0,0,0,0
12:46:15,1,0,0,0,0,0,0
12:46:40,1,0,0,0,0,0,0
12:47:06,1,0,0,0,0,0,0
12:47:32,1,0,0,0,0,0,0
12:47:58,1,0,0,0,0,0,0
12:48:23,1,0,0,0,0,0,0
12:48:49,1,0,0,0,0,0,0
12:49:14,1,0,0,0,0,0,0
12:49:40,1,0,0,0,0,0,0
12:50:05,1,0,0,0,0,0,0
12:50:31,1,0,0,0,0,0,0
12:50:56,1,0,0,0,0,0,0
12:51:22,1,0,0,0,0,0,0
12:51:47,1,0,0,0,0,0,0
12:52:13,1,0,0,0,0,0,0
12:52:38,1,0,0,0,0,0,0
12:53:04,1,0,0,0,0,0,0
12:53:29,1,0,0,0,0,0,0
12:53:55,1,0,0,0,0,0,0
12:54:20,1,0,0,0,0,0,0
12:54:46,1,0,0,0,0,0,0
12:55:11,1,0,0,0,0,0,0
12:55:37,1,0,0,0,0,0,0
12:56:02,1,0,0,0,0,0,0
12:56:28,1,0,0,0,0,0,0
12:56:53,1,0,0,0,0,0,0
12:57:19,1,0,0,0,0,0,0
12:57:44,1,0,0,0,0,0,0
12:58:10,1,0,0,0,0,0,0
12:58:35,1,0,0,0,0,0,0
12:59:01,1,0,0,0,0,0,0
12:59:26,1,0,0,0,0,0,0
12:59:53,1,0,0,0,0,0,0
13:00:18,1,0,0,0,0,0,0
13:00:44,1,0,0,0,0,0,0
13:01:09,1,0,0,0,0,0,0
13:01:35,1,0,0,0,0,0,0
13:02:00,1,0,0,0,0,0,0
13:02:26,1,0,0,0,0,0,0
13:02:51,1,0,0,0,0,0,0
13:03:17,1,0,0,0,0,0,0
13:03:42,1,0,0,0,0,0,0
13:04:08,1,0,0,0,0,0,0
13:04:33,1,0,0,0,0,0,0
13:04:59,1,0,0,0,0,0,0
13:05:24,1,0,0,0,0,0,0
13:05:50,1,0,0,0,0,0,0
13:06:15,1,0,0,0,0,0,0
13:06:41,1,0,0,0,0,0,0
13:07:06,1,0,0,0,0,0,0
13:07:32,1,0,0,0,0,0,0
13:07:57,1,0,0,0,0,0,0
13:08:23,1,0,0,0,0,0,0
13:08:48,1,0,0,0,0,0,0
13:09:14,1,0,0,0,0,0,0
13:09:39,1,0,0,0,0,0,0
13:10:05,1,0,0,0,0,0,0
13:10:30,1,0,0,0,0,0,0
13:10:56,1,0,0,0,0,0,0
13:11:21,1,0,0,0,0,0,0
13:11:47,1,0,0,0,0,0,0
13:12:12,1,0,0,0,0,0,0
13:12:39,1,0,0,0,0,0,0
13:13:04,1,0,0,0,0,0,0
13:13:30,1,0,0,0,0,0,0
13:13:55,1,0,0,0,0,0,0
13:14:21,1,0,0,0,0,0,0
13:14:46,1,0,0,0,0,0,0
13:15:12,1,0,0,0,0,0,0
13:15:37,1,0,0,0,0,0,0
13:16:03,1,0,0,0,0,0,0
13:16:28,1,0,0,0,0,0,0
13:16:54,1,0,0,0,0,0,0
13:17:19,1,0,0,0,0,0,0
13:17:45,1,0,0,0,0,0,0
13:18:10,1,0,0,0,0,0,0
13:18:36,1,0,0,0,0,0,0
13:19:01,1,0,0,0,0,0,0
13:19:27,1,0,0,0,0,0,0
13:19:52,1,0,0,0,0,0,0
13:20:18,1,0,0,0,0,0,0
13:20:43,1,0,0,0,0,0,0
13:21:09,1,0,0,0,0,0,0
13:21:34,1,0,0,0,0,0,0
13:22:00,1,0,0,0,0,0,0
13:22:25,1,0,0,0,0,0,0
13:22:51,1,0,0,0,0,0,0
13:23:16,1,0,0,0,0,0,0
13:23:42,1,0,0,0,0,0,0
13:24:07,1,0,0,0,0,0,0
13:24:33,1,0,0,0,0,0,0
13:24:58,1,0,0,0,0,0,0
13:25:25,1,0,0,0,0,0,0
13:25:50,1,0,0,0,0,0,0
13:26:16,1,0,0,0,0,0,0
13:26:41,1,0,0,0,0,0,0
13:27:07,1,0,0,0,0,0,0
13:27:32,1,0,0,0,0,0,0
13:27:58,1,0,0,0,0,0,0
13:28:23,1,0,0,0,0,0,0
13:28:49,1,0,0,0,0,0,0
13:29:14,1,0,0,0,0,0,0
13:29:40,1,0,0,0,0,0,0
13:30:05,1,0,0,0,0,0,0
13:30:31,1,0,0,0,0,0,0
13:30:56,1,0,0,0,0,0,0
13:31:22,1,0,0,0,0,0,0
13:31:47,1,0,0,0,0,0,0
13:32:13,1,0,0,0,0,0,0
13:32:38,1,0,0,0,0,0,0
13:33:04,1,0,0,0,0,0,0
13:33:29,1,0,0,0,0,0,0
13:33:55,1,0,0,0,0,0,0
13:34:20,1,0,0,0,0,0,0
13:34:46,1,0,0,0,0,0,0
13:35:11,1,0,0,0,0,0,0
13:35:37,1,0,0,0,0,0,0
13:36:02,1,0,0,0,0,0,0
13:36:28,1,0,0,0,0,0,0
13:36:53,1,0,0,0,0,0,0
13:37:19,1,0,0,0,0,0,0
13:37:44,1,0,0,0,0,0,0
13:38:11,1,0,0,0,0,0,0
13:38:36,1,0,0,0,0,0,0
13:39:02,1,0,0,0,0,0,0
13:39:27,1,0,0,0,0,0,0
13:39:53,1,0,0,0,0,0,0
13:40:18,1,0,0,0,0,0,0
13:40:44,1,0,0,0,0,0,0
13:41:09,1,0,0,0,0,0,0
13:41:35,1,0,0,0,0,0,0
13:42:00,1,0,0,0,0,0,0
13:42:26,1,0,0,0,0,0,0
13:42:51,1,0,0,0,0,0,0
13:43:17,1,0,0,0,0,0,0
13:43:42,1,0,0,0,0,0,0
13:44:08,1,0,0,0,0,0,0
13:44:33,1,0,0,0,0,0,0
13:44:59,1,0,0,0,0,0,0
13:45:24,1,0,0,0,0,0,0
13:45:50,1,0,0,0,0,0,0
13:46:15,1,0,0,0,0,0,0
13:46:41,1,0,0,0,0,0,0
13:47:06,1,0,0,0,0,0,0
13:47:32,1,0,0,0,0,0,0
13:47:57,1,0,0,0,0,0,0
13:48:23,1,0,0,0,0,0,0
13:48:48,1,0,0,0,0,0,0
13:49:14,1,0,0,0,0,0,0
13:49:39,1,0,0,0,0,0,0
13:50:05,1,0,0,0,0,0,0
13:50:31,1,0,0,0,0,0,0
13:50:57,1,0,0,0,0,0,0
13:51:22,1,0,0,0,0,0,0
13:51:48,1,0,0,0,0,0,0
13:52:13,1,0,0,0,0,0,0
13:52:39,1,0,0,0,0,0,0
13:53:04,1,0,0,0,0,0,0
13:53:30,1,0,0,0,0,0,0
13:53:55,1,0,0,0,0,0,0
13:54:21,1,0,0,0,0,0,0
13:54:46,1,0,0,0,0,0,0
13:55:12,1,0,0,0,0,0,0
13:55:37,1,0,0,0,0,0,0
13:56:03,1,0,0,0,0,0,0
13:56:28,1,0,0,0,0,0,0
13:56:54,1,0,0,0,0,0,0
13:57:19,1,0,0,0,0,0,0
13:57:45,1,0,0,0,0,0,0
13:58:10,1,0,0,0,0,0,0
13:58:36,1,0,0,0,0,0,0
13:59:01,1,0,0,0,0,0,0
13:59:27,1,0,0,0,0,0,0
13:59:52,1,0,0,0,0,0,0
14:00:18,1,0,0,0,0,0,0
14:00:43,1,0,0,0,0,0,0
14:01:09,1,0,0,0,0,0,0
14:01:34,1,0,0,0,0,0,0
14:02:00,1,0,0,0,0,0,0
14:02:25,1,0,0,0,0,0,0
14:02:51,1,0,0,0,0,0,0
14:03:17,1,0,0,0,0,0,0
14:03:43,1,0,0,0,0,0,0
14:04:08,1,0,0,0,0,0,0
14:04:34,1,0,0,0,0,0,0
14:04:59,1,0,0,0,0,0,0
14:05:25,1,0,0,0,0,0,0
14:05:50,1,0,0,0,0,0,0
14:06:16,1,0,0,0,0,0,0
14:06:41,1,0,0,0,0,0,0
14:07:07,1,0,0,0,0,0,0
14:07:32,1,0,0,0,0,0,0
14:07:58,1,0,0,0,0,0,0
14:08:23,1,0,0,0,0,0,0
14:08:49,1,0,0,0,0,0,0
14:09:14,1,0,0,0,0,0,0
14:09:40,1,0,0,0,0,0,0
14:10:05,1,0,0,0,0,0,0
14:10:31,1,0,0,0,0,0,0
14:10:56,1,0,0,0,0,0,0
14:11:22,1,0,0,0,0,0,0
14:11:47,1,0,0,0,0,0,0
14:12:13,1,0,0,0,0,0,0
14:12:38,1,0,0,0,0,0,0
14:13:04,1,0,0,0,0,0,0
14:13:29,1,0,0,0,0,0,0
14:13:55,1,0,0,0,0,0,0
14:14:20,1,0,0,0,0,0,0
14:14:46,1,0,0,0,0,0,0
14:15:11,1,0,0,0,0,0,0
14:15:38,1,0,0,0,0,0,0
14:16:03,1,0,0,0,0,0,0
14:16:29,1,0,0,0,0,0,0
14:16:54,1,0,0,0,0,0,0
14:17:20,1,0,0,0,0,0,0
14:17:45,1,0,0,0,0,0,0
14:18:11,1,0,0,0,0,0,0
14:18:36,1,0,0,0,0,0,0
14:19:02,1,0,0,0,0,0,0
14:19:27,1,0,0,0,0,0,0
14:19:53,1,0,0,0,0,0,0
14:20:18,1,0,0,0,0,0,0
14:20:44,1,0,0,0,0,0,0
14:21:09,1,0,0,0,0,0,0
14:21:35,1,0,0,0,0,0,0
14:22:00,1,0,0,0,0,0,0
14:22:26,1,0,0,0,0,0,0
14:22:51,1,0,0,0,0,0,0
14:23:17,1,0,0,0,0,0,0
14:23:42,1,0,0,0,0,0,0
14:24:08,1,0,0,0,0,0,0
14:24:33,1,0,0,0,0,0,0
14:24:59,1,0,0,0,0,0,0
14:25:24,1,0,0,0,0,0,0
14:25:50,1,0,0,0,0,0,0
14:26:15,1,0,0,0,0,0,0
14:26:41,1,0,0,0,0,0,0
14:27:06,1,0,0,0,0,0,0
14:27:32,1,0,0,0,0,0,0
14:27:57,1,0,0,0,0,0,0
14:28:24,1,0,0,0,0,0,0
14:28:49,1,0,0,0,0,0,0
14:29:15,1,0,0,0,0,0,0
14:29:40,1,0,0,0,0,0,0
14:30:06,1,0,0,0,0,0,0
14:30:31,1,0,0,0,0,0,0
14:30:57,1,0,0,0,0,0,0
14:31:22,1,0,0,0,0,0,0
14:31:48,1,0,0,0,0,0,0
14:32:13,1,0,0,0,0,0,0
14:32:39,1,0,0,0,0,0,0
14:33:04,1,0,0,0,0,0,0
14:33:30,1,0,0,0,0,0,0
14:33:55,1,0,0,0,0,0,0
14:34:21,1,0,0,0,0,0,0
14:34:46,1,0,0,0,0,0,0
14:35:12,1,0,0,0,0,0,0
14:35:37,1,0,0,0,0,0,0
14:36:03,1,0,0,0,0,0,0
14:36:28,1,0,0,0,0,0,0
14:36:54,1,0,0,0,0,0,0
14:37:19,1,0,0,0,0,0,0
14:37:45,1,0,0,0,0,0,0
14:38:10,1,0,0,0,0,0,0
14:38:36,1,0,0,0,0,0,0
14:39:01,1,0,0,0,0,0,0
14:39:27,1,0,0,0,0,0,0
14:39:52,1,0,0,0,0,0,0
14:40:18,1,0,0,0,0,0,0
14:40:43,1,0,0,0,0,0,0
14:41:10,1,0,0,0,0,0,0
14:41:35,1,0,0,0,0,0,0
14:42:01,1,0,0,0,0,0,0
14:42:26,1,0,0,0,0,0,0
14:42:52,1,0,0,0,0,0,0
14:43:17,1,0,0,0,0,0,0
14:43:43,1,0,0,0,0,0,0
14:44:08,1,0,0,0,0,0,0
14:44:34,1,0,0,0,0,0,0
14:44:59,1,0,0,0,0,0,0
14:45:25,1,0,0,0,0,0,0
14:45:50,1,0,0,0,0,0,0
14:46:16,1,0,0,0,0,0,0
14:46:41,1,0,0,0,0,0,0
14:47:07,1,0,0,0,0,0,0
14:47:32,1,0,0,0,0,0,0
14:47:58,1,0,0,0,0,0,0
14:48:23,1,0,0,0,0,0,0
14:48:49,1,0,0,0,0,0,0
14:49:14,1,0,0,0,0,0,0
14:49:40,1,0,0,0,0,0,0
14:50:05,1,0,0,0,0,0,0
14:50:31,1,0,0,0,0,0,0
14:50:56,1,0,0,0,0,0,0
14:51:22,1,0,0,0,0,0,0
14:51:47,1,0,0,0,0,0,0
14:52:13,1,0,0,0,0,0,0
14:52:38,1,0,0,0,0,0,0
14:53:04,1,0,0,0,0,0,0
14:53:30,1,0,0,0,0,0,0
14:53:56,1,0,0,0,0,0,0
14:54:21,1,0,0,0,0,0,0
14:54:47,1,0,0,0,0,0,0
14:55:12,1,0,0,0,0,0,0
14:55:38,1,0,0,0,0,0,0
14:56:03,1,0,0,0,0,0,0
14:56:29,1,0,0,0,0,0,0
14:56:54,1,0,0,0,0,0,0
14:57:20,1,0,0,0,0,0,0
14:57:45,1,0,0,0,0,0,0
14:58:11,1,0,0,0,0,0,0
14:58:36,1,0,0,0,0,0,0
14:59:02,1,0,0,0,0,0,0
14:59:27,1,0,0,0,0,0,0
14:59:53,1,0,0,0,0,0,0
15:00:18,1,0,0,0,0,0,0
15:00:44,1,0,0,0,0,0,0
15:01:09,1,0,0,0,0,0,0
15:01:35,1,0,0,0,0,0,0
15:02:00,1,0,0,0,0,0,0
15:02:26,1,0,0,0,0,0,0
15:02:51,1,0,0,0,0,0,0
15:03:17,1,0,0,0,0,0,0
15:03:42,1,0,0,0,0,0,0
15:04:08,1,0,0,0,0,0,0
15:04:33,1,0,0,0,0,0,0
15:04:59,1,0,0,0,0,0,0
15:05:24,1,0,0,0,0,0,0
15:05:51,1,0,0,0,0,0,0
15:06:16,1,0,0,0,0,0,0
15:06:42,1,0,0,0,0,0,0
15:07:07,1,0,0,0,0,0,0
15:07:33,1,0,0,0,0,0,0
15:07:58,1,0,0,0,0,0,0
15:08:24,1,0,0,0,0,0,0
15:08:49,1,0,0,0,0,0,0
15:09:15,1,0,0,0,0,0,0
15:09:40,1,0,0,0,0,0,0
15:10:06,1,0,0,0,0,0,0
15:10:31,1,0,0,0,0,0,0
15:10:57,1,0,0,0,0,0,0
15:11:22,1,0,0,0,0,0,0
15:11:48,1,0,0,0,0,0,0
15:12:13,1,0,0,0,0,0,0
15:12:39,1,0,0,0,0,0,0
15:13:04,1,0,0,0,0,0,0
15:13:30,1,0,0,0,0,0,0
15:13:55,1,0,0,0,0,0,0
15:14:21,1,0,0,0,0,0,0
15:14:46,1,0,0,0,0,0,0
15:15:12,1,0,0,0,0,0,0
15:15:37,1,0,0,0,0,0,0
15:16:03,1,0,0,0,0,0,0
15:16:28,1,0,0,0,0,0,0
15:16:54,1,0,0,0,0,0,0
15:17:19,1,0,0,0,0,0,0
15:17:45,1,0,0,0,0,0,0
15:18:10,1,0,0,0,0,0,0
15:18:37,1,0,0,0,0,0,0
15:19:02,1,0,0,0,0,0,0
15:19:28,1,0,0,0,0,0,0
15:19:53,1,0,0,0,0,0,0
15:20:19,1,0,0,0,0,0,0
15:20:44,1,0,0,0,0,0,0
15:21:10,1,0,0,0,0,0,0
15:21:35,1,0,0,0,0,0,0
15:22:01,1,0,0,0,0,0,0
15:22:26,1,0,0,0,0,0,0
15:22:52,1,0,0,0,0,0,0
15:23:17,1,0,0,0,0,0,0
15:23:43,1,0,0,0,0,0,0
15:24:08,1,0,0,0,0,0,0
15:24:34,1,0,0,0,0,0,0
15:24:59,1,0,0,0,0,0,0
15:25:25,1,0,0,0,0,0,0
15:25:50,1,0,0,0,0,0,0
15:26:16,1,0,0,0,0,0,0
15:26:41,1,0,0,0,0,0,0
15:27:07,1,0,0,0,0,0,0
15:27:32,1,0,0,0,0,0,0
15:27:58,1,0,0,0,0,0,0
15:28:23,1,0,0,0,0,0,0
