time,VIn,AIn,PIn,PWM,VOut,POut,EnProd,CNT1,CNT2,CNT3,CNT4
08:35:42,1,0,0,0,0,0,0
08:36:07,1,0,0,0,0,0,0
08:36:17,1689,  62,1047, 58, 947, 896,     5,   0,   0,  11, 504
08:36:27,1835,  62,1137, 56, 988, 976,     5,   0,   0,  11, 523
08:36:37,1847,  60,1108, 55, 976, 952,    10,   0,   0,  11, 543
08:36:47,1853,  60,1111, 55, 973, 946,    15,   0,   0,  11, 563
08:36:57,1838,  62,1139, 55, 994, 988,    15,   0,   0,  11, 583
08:37:07,1853,  60,1111, 55, 976, 952,    20,   0,   0,  11, 602
08:37:17,1856,  60,1113, 55, 973, 946,    20,   0,   0,  11, 622
08:37:27,1806,  70,1264, 59,1041,1083,    25,   0,   0,  11, 642
08:37:37,1841,  62,1141, 55, 994, 988,    25,   0,   0,  11, 659
08:37:47,1821,  68,1238, 57,1029,1058,    30,   0,   0,  11, 679
08:37:57,1815,  70,1270, 59,1043,1087,    35,   0,   0,  11, 699
08:38:07,1797,  73,1311, 60,1058,1119,    35,   0,   0,  11, 716
08:38:17,1800,  73,1314, 60,1055,1113,    40,   0,   0,  11, 734
08:38:27,1826,  68,1241, 58,1026,1052,    40,   0,   0,  11, 748
08:38:37,1847,  63,1163, 55, 997, 994,    45,   0,   0,  11, 767
08:38:47,1838,  65,1194, 56,1011,1022,    45,   0,   0,  11, 784
08:38:57,1838,  66,1213, 57,1014,1028,    50,   0,   0,  11, 804
08:39:07,1847,  62,1145, 55, 997, 994,    55,   0,   0,  11, 821
08:39:17,1853,  62,1148, 56, 994, 988,    55,   0,   0,  11, 841
08:39:27,1847,  63,1163, 55, 994, 988,    60,   0,   0,  11, 861
08:39:37,1838,  66,1213, 56,1014,1028,    60,   0,   0,  11, 876
08:39:47,1859,  61,1133, 55, 976, 952,    65,   0,   0,  11, 896
08:39:57,1844,  63,1161, 56, 997, 994,    65,   0,   0,  11, 910
08:40:07,1841,  65,1196, 57,1014,1028,    70,   0,   0,  11, 925
08:40:17,1824,  68,1240, 58,1029,1058,    75,   0,   0,  11, 945
08:40:27,1835,  66,1211, 56,1014,1028,    75,   0,   0,  11, 962
08:40:38,1826,  69,1259, 57,1032,1065,    80,   0,   0,  11, 981
08:40:48,1826,  68,1241, 59,1032,1065,    80,   0,   0,  11, 997
08:40:58,1847,  63,1163, 55, 997, 994,    85,   0,   0,  11,1015
08:41:08,1850,  63,1165, 55, 997, 994,    85,   0,   0,  11,1035
08:41:18,1847,  63,1163, 55, 997, 994,    90,   0,   0,  11,1055
08:41:28,1850,  63,1165, 55,1000,1000,    95,   0,   0,  11,1075
08:41:38,1850,  63,1165, 55,1000,1000,    95,   0,   0,  11,1095
08:41:48,1853,  63,1167, 55, 997, 994,   100,   0,   0,  11,1115
08:41:58,1847,  63,1163, 55,1000,1000,   100,   0,   0,  11,1135
08:42:08,1847,  64,1182, 55, 997, 994,   105,   0,   0,  11,1155
08:42:18,1853,  64,1185, 55, 997, 994,   105,   0,   0,  11,1175
08:42:28,1847,  63,1163, 55, 997, 994,   110,   0,   0,  11,1195
08:42:38,1847,  64,1182, 55, 997, 994,   110,   0,   0,  11,1215
08:42:48,1850,  63,1165, 55, 997, 994,   115,   0,   0,  11,1235
08:42:58,1850,  63,1165, 55, 997, 994,   120,   0,   0,  11,1255
08:43:08,1850,  64,1184, 55, 994, 988,   120,   0,   0,  11,1275
08:43:18,1847,  63,1163, 55, 997, 994,   125,   0,   0,  11,1295
08:43:28,1847,  63,1163, 55, 997, 994,   125,   0,   0,  11,1315
08:43:38,1847,  63,1163, 55, 994, 988,   130,   0,   0,  11,1335
08:43:48,1850,  64,1184, 55, 997, 994,   130,   0,   0,  11,1355
08:43:58,1850,  63,1165, 55, 997, 994,   135,   0,   0,  11,1375
08:44:08,1850,  64,1184, 55, 997, 994,   135,   0,   0,  11,1395
08:44:18,1847,  64,1182, 55, 997, 994,   140,   0,   0,  11,1415
08:44:28,1847,  63,1163, 55, 997, 994,   140,   0,   0,  11,1435
08:44:38,1850,  63,1165, 55,1000,1000,   145,   0,   0,  11,1455
08:44:48,1856,  60,1113, 55, 979, 958,   150,   0,   0,  11,1475
08:44:58,1850,  64,1184, 55, 997, 994,   150,   0,   0,  11,1495
08:45:08,1850,  63,1165, 55,1000,1000,   155,   0,   0,  11,1513
08:45:18,1847,  63,1163, 55, 997, 994,   155,   0,   0,  11,1533
08:45:28,1835,  66,1211, 56,1014,1028,   160,   0,   0,  11,1553
08:45:38,1835,  65,1192, 57,1014,1028,   160,   0,   0,  11,1573
08:45:48,1847,  62,1145, 55, 994, 988,   165,   0,   0,  11,1593
08:45:58,1850,  63,1165, 55, 997, 994,   165,   0,   0,  11,1613
08:46:08,1847,  64,1182, 55, 994, 988,   170,   0,   0,  11,1633
08:46:18,1850,  63,1165, 55, 994, 988,   175,   0,   0,  11,1653
08:46:28,1853,  63,1167, 55, 997, 994,   175,   0,   0,  11,1673
08:46:38,1850,  63,1165, 55,1000,1000,   180,   0,   0,  11,1693
08:46:48,1853,  63,1167, 55, 997, 994,   180,   0,   0,  11,1713
08:46:58,1850,  63,1165, 55,1000,1000,   185,   0,   0,  11,1732
08:47:08,1829,  68,1243, 58,1032,1065,   185,   0,   0,  11,1750
08:47:18,1821,  70,1274, 59,1046,1094,   190,   0,   0,  11,1769
08:47:28,1829,  68,1243, 57,1029,1058,   195,   0,   0,  11,1783
08:47:38,1853,  63,1167, 56, 997, 994,   195,   0,   0,  11,1803
08:47:48,1850,  63,1165, 55,1000,1000,   200,   0,   0,  11,1822
08:47:58,1826,  69,1259, 58,1032,1065,   200,   0,   0,  11,1839
08:48:08,1841,  65,1196, 57,1014,1028,   205,   0,   0,  11,1858
08:48:18,1850,  63,1165, 55,1000,1000,   205,   0,   0,  11,1877
08:48:28,1826,  68,1241, 57,1032,1065,   210,   0,   0,  11,1896
08:48:38,1850,  64,1184, 56, 997, 994,   215,   0,   0,  11,1915
08:48:48,1841,  66,1215, 56,1014,1028,   215,   0,   0,  11,1934
08:48:58,1838,  66,1213, 56,1014,1028,   220,   0,   0,  11,1952
08:49:08,1829,  68,1243, 57,1035,1071,   220,   0,   0,  11,1971
08:49:18,1826,  68,1241, 57,1032,1065,   225,   0,   0,  11,1990
08:49:28,1841,  65,1196, 57,1011,1022,   225,   0,   0,  11,2009
08:49:38,1829,  69,1262, 57,1032,1065,   230,   0,   0,  11,2029
08:49:48,1838,  66,1213, 56,1014,1028,   235,   0,   0,  11,2049
08:49:58,1818,  71,1290, 59,1046,1094,   235,   0,   0,  11,2068
08:50:08,1853,  64,1185, 55, 997, 994,   240,   0,   0,  11,2084
08:50:18,1847,  63,1163, 55, 997, 994,   240,   0,   0,  11,2096
08:50:28,1853,  63,1167, 55,1000,1000,   245,   0,   0,  11,2111
08:50:38,1850,  63,1165, 55, 997, 994,   245,   0,   0,  11,2123
08:50:48,1850,  63,1165, 55, 994, 988,   250,   0,   0,  11,2135
08:50:58,1850,  63,1165, 55, 997, 994,   255,   0,   0,  11,2149
08:51:08,1832,  68,1245, 59,1032,1065,   255,   0,   0,  11,2168
08:51:19,1838,  65,1194, 57,1014,1028,   260,   0,   0,  11,2185
08:51:29,1829,  68,1243, 57,1032,1065,   260,   0,   0,  11,2204
08:51:39,1826,  68,1241, 58,1029,1058,   265,   0,   0,  11,2223
08:51:49,1829,  69,1262, 58,1032,1065,   265,   0,   0,  11,2243
08:51:59,1835,  65,1192, 57,1014,1028,   270,   0,   0,  11,2261
08:52:09,1826,  68,1241, 57,1029,1058,   275,   0,   0,  11,2280
08:52:19,1847,  63,1163, 55, 994, 988,   275,   0,   0,  11,2293
08:52:29,1847,  63,1163, 55, 997, 994,   280,   0,   0,  11,2305
08:52:39,1847,  64,1182, 55, 997, 994,   280,   0,   0,  11,2318
08:52:49,1847,  64,1182, 55, 997, 994,   285,   0,   0,  11,2334
08:52:59,1847,  63,1163, 55,1000,1000,   285,   0,   0,  11,2350
08:53:09,1850,  63,1165, 55, 997, 994,   290,   0,   0,  11,2364
08:53:19,1844,  63,1161, 55, 997, 994,   290,   0,   0,  11,2380
08:53:29,1850,  63,1165, 55,1000,1000,   295,   0,   0,  11,2393
08:53:39,1850,  63,1165, 55, 997, 994,   300,   0,   0,  11,2409
08:53:49,1850,  63,1165, 55,1000,1000,   300,   0,   0,  11,2426
08:53:59,1850,  64,1184, 55, 994, 988,   305,   0,   0,  11,2444
08:54:09,1844,  63,1161, 55, 997, 994,   305,   0,   0,  11,2459
08:54:19,1844,  63,1161, 55, 997, 994,   310,   0,   0,  11,2474
08:54:29,1850,  63,1165, 55, 997, 994,   310,   0,   0,  11,2490
08:54:39,1847,  63,1163, 55,1000,1000,   315,   0,   0,  11,2504
08:54:49,1850,  63,1165, 55, 997, 994,   315,   0,   0,  11,2522
08:54:59,1847,  63,1163, 55, 997, 994,   320,   0,   0,  11,2535
08:55:09,1847,  63,1163, 55, 997, 994,   325,   0,   0,  11,2550
08:55:19,1850,  64,1184, 55, 994, 988,   325,   0,   0,  11,2565
08:55:29,1844,  63,1161, 55, 997, 994,   330,   0,   0,  11,2581
08:55:39,1850,  63,1165, 55, 997, 994,   330,   0,   0,  11,2599
08:55:49,1847,  64,1182, 55, 994, 988,   335,   0,   0,  11,2611
08:55:59,1844,  63,1161, 55, 994, 988,   335,   0,   0,  11,2624
08:56:09,1847,  63,1163, 55, 997, 994,   340,   0,   0,  11,2637
08:56:19,1844,  64,1180, 56, 994, 988,   340,   0,   0,  11,2650
08:56:29,1826,  69,1259, 58,1032,1065,   345,   0,   0,  11,2670
08:56:39,1815,  70,1270, 59,1043,1087,   350,   0,   0,  11,2690
08:56:49,1818,  70,1272, 59,1046,1094,   350,   0,   0,  11,2710
08:56:59,1826,  68,1241, 57,1029,1058,   355,   0,   0,  11,2729
08:57:09,1844,  63,1161, 55, 997, 994,   355,   0,   0,  11,2748
08:57:19,1841,  63,1159, 55, 994, 988,   360,   0,   0,  11,2768
08:57:29,1844,  63,1161, 55, 997, 994,   360,   0,   0,  11,2788
08:57:39,1847,  63,1163, 55, 997, 994,   365,   0,   0,  11,2808
08:57:49,1850,  63,1165, 55, 994, 988,   370,   0,   0,  11,2828
08:57:59,1847,  63,1163, 55, 997, 994,   370,   0,   0,  11,2848
08:58:09,1844,  62,1143, 55, 994, 988,   375,   0,   0,  11,2868
08:58:19,1844,  63,1161, 55, 994, 988,   375,   0,   0,  11,2888
08:58:29,1847,  64,1182, 55, 994, 988,   380,   0,   0,  11,2908
08:58:39,1847,  62,1145, 55, 994, 988,   380,   0,   0,  11,2928
08:58:49,1847,  63,1163, 55, 994, 988,   385,   0,   0,  11,2948
08:58:59,1847,  62,1145, 55, 994, 988,   385,   0,   0,  11,2968
08:59:09,1847,  63,1163, 55, 997, 994,   390,   0,   0,  11,2988
08:59:19,1844,  63,1161, 55, 997, 994,   390,   0,   0,  11,3008
08:59:29,1847,  63,1163, 55, 997, 994,   395,   0,   0,  11,3028
08:59:39,1844,  64,1180, 55, 994, 988,   400,   0,   0,  11,3048
08:59:49,1841,  63,1159, 55, 997, 994,   400,   0,   0,  11,3068
08:59:59,1844,  63,1161, 55, 994, 988,   405,   0,   0,  11,3088
09:00:09,1841,  64,1178, 55, 994, 988,   405,   0,   0,  11,3108
09:00:19,1844,  63,1161, 55, 997, 994,   410,   0,   0,  11,3128
09:00:29,1841,  63,1159, 55, 994, 988,   410,   0,   0,  11,3148
09:00:39,1844,  63,1161, 55, 997, 994,   415,   0,   0,  11,3168
09:00:49,1841,  63,1159, 55, 994, 988,   415,   0,   0,  11,3188
09:00:59,1841,  63,1159, 55, 991, 982,   420,   0,   0,  11,3208
09:01:09,1847,  64,1182, 55, 994, 988,   425,   0,   0,  11,3228
09:01:19,1841,  62,1141, 55, 991, 982,   425,   0,   0,  11,3248
09:01:29,1844,  63,1161, 55, 994, 988,   430,   0,   0,  11,3268
09:01:39,1844,  63,1161, 55, 994, 988,   430,   0,   0,  11,3288
09:01:49,1847,  63,1163, 55, 994, 988,   435,   0,   0,  11,3308
09:02:00,1847,  63,1163, 55, 997, 994,   435,   0,   0,  11,3328
09:02:10,1844,  63,1161, 55, 997, 994,   440,   0,   0,  11,3348
09:02:20,1844,  63,1161, 55, 994, 988,   440,   0,   0,  11,3368
09:02:30,1847,  63,1163, 55, 994, 988,   445,   0,   0,  11,3388
09:02:40,1844,  63,1161, 55, 997, 994,   445,   0,   0,  11,3408
09:02:50,1841,  63,1159, 55, 994, 988,   450,   0,   0,  11,3428
09:03:00,1841,  63,1159, 55, 991, 982,   455,   0,   0,  11,3448
09:03:10,1841,  63,1159, 55, 994, 988,   455,   0,   0,  11,3468
09:03:20,1844,  62,1143, 55, 994, 988,   460,   0,   0,  11,3488
09:03:30,1844,  63,1161, 55, 994, 988,   460,   0,   0,  11,3508
09:03:40,1841,  63,1159, 55, 994, 988,   465,   0,   0,  11,3528
09:03:50,1847,  63,1163, 55, 997, 994,   465,   0,   0,  11,3548
09:04:00,1841,  63,1159, 55, 994, 988,   470,   0,   0,  11,3568
09:04:10,1844,  63,1161, 55, 994, 988,   470,   0,   0,  11,3588
09:04:20,1844,  63,1161, 55, 997, 994,   475,   0,   0,  11,3608
09:04:30,1841,  62,1141, 55, 994, 988,   480,   0,   0,  11,3628
09:04:40,1841,  62,1141, 55, 997, 994,   480,   0,   0,  11,3648
09:04:50,1844,  63,1161, 55, 997, 994,   485,   0,   0,  11,3668
09:05:00,1847,  62,1145, 55, 997, 994,   485,   0,   0,  11,3688
09:05:10,1847,  63,1163, 55, 997, 994,   490,   0,   0,  11,3708
09:05:20,1850,  62,1147, 55, 997, 994,   490,   0,   0,  11,3728
09:05:30,1838,  65,1194, 57,1014,1028,   495,   0,   0,  11,3748
09:05:40,1847,  62,1145, 55, 997, 994,   495,   0,   0,  11,3767
09:05:50,1844,  62,1143, 55, 994, 988,   500,   0,   0,  11,3787
09:06:00,1844,  62,1143, 55, 994, 988,   500,   0,   0,  11,3807
09:06:10,1844,  63,1161, 55, 994, 988,   505,   0,   0,  11,3827
09:06:20,1847,  62,1145, 55, 997, 994,   510,   0,   0,  11,3847
09:06:30,1844,  63,1161, 55, 997, 994,   510,   0,   0,  11,3867
09:06:40,1847,  62,1145, 55, 994, 988,   515,   0,   0,  11,3887
09:06:50,1847,  62,1145, 55, 997, 994,   515,   0,   0,  11,3907
09:07:00,1847,  62,1145, 55, 994, 988,   520,   0,   0,  11,3927
09:07:10,1844,  62,1143, 55, 997, 994,   520,   0,   0,  11,3947
09:07:20,1850,  62,1147, 55, 997, 994,   525,   0,   0,  11,3967
09:07:30,1847,  63,1163, 55, 997, 994,   525,   0,   0,  11,3987
09:07:40,1844,  62,1143, 55, 994, 988,   530,   0,   0,  11,4007
09:07:50,1847,  62,1145, 55, 997, 994,   535,   0,   0,  11,4027
09:08:00,1850,  62,1147, 55, 994, 988,   535,   0,   0,  11,4047
09:08:10,1838,  65,1194, 57,1014,1028,   540,   0,   0,  11,4067
09:08:20,1812,  73,1322, 60,1067,1138,   540,   0,   0,  11,4086
09:08:30,1821,  70,1274, 59,1049,1100,   545,   0,   0,  11,4104
09:08:40,1853,  63,1167, 55,1000,1000,   545,   0,   0,  11,4124
09:08:50,1821,  70,1274, 59,1049,1100,   550,   0,   0,  11,4143
09:09:00,1847,  62,1145, 55, 997, 994,   555,   0,   0,  11,4161
09:09:10,1850,  63,1165, 55, 997, 994,   555,   0,   0,  11,4174
09:09:20,1853,  62,1148, 55, 997, 994,   560,   0,   0,  11,4187
09:09:30,1853,  62,1148, 55, 994, 988,   560,   0,   0,  11,4200
09:09:40,1853,  62,1148, 55,1000,1000,   565,   0,   0,  11,4215
09:09:50,1850,  62,1147, 55,1000,1000,   565,   0,   0,  11,4228
09:10:00,1856,  63,1169, 55,1000,1000,   570,   0,   0,  11,4245
09:10:10,1850,  62,1147, 55, 997, 994,   570,   0,   0,  11,4260
09:10:20,1853,  62,1148, 55, 994, 988,   575,   0,   0,  11,4273
09:10:30,1850,  62,1147, 55,1000,1000,   580,   0,   0,  11,4287
09:10:40,1850,  62,1147, 55, 997, 994,   580,   0,   0,  11,4302
09:10:50,1850,  62,1147, 55, 997, 994,   585,   0,   0,  11,4317
09:11:00,1850,  62,1147, 55, 997, 994,   585,   0,   0,  11,4333
09:11:10,1853,  63,1167, 55,1000,1000,   590,   0,   0,  11,4348
09:11:20,1850,  62,1147, 55, 997, 994,   590,   0,   0,  11,4364
09:11:30,1850,  62,1147, 55, 997, 994,   595,   0,   0,  11,4380
09:11:40,1850,  62,1147, 55, 997, 994,   595,   0,   0,  11,4396
09:11:50,1853,  62,1148, 55,1000,1000,   600,   0,   0,  11,4411
09:12:00,1853,  62,1148, 55, 997, 994,   605,   0,   0,  11,4426
09:12:10,1853,  62,1148, 55,1000,1000,   605,   0,   0,  11,4443
09:12:20,1850,  62,1147, 55, 997, 994,   610,   0,   0,  11,4455
09:12:30,1853,  62,1148, 55, 994, 988,   610,   0,   0,  11,4469
09:12:41,1853,  62,1148, 55,1000,1000,   615,   0,   0,  11,4485
09:12:51,1847,  62,1145, 55, 997, 994,   615,   0,   0,  11,4498
09:13:01,1850,  62,1147, 55, 997, 994,   620,   0,   0,  11,4510
09:13:11,1850,  62,1147, 55, 994, 988,   620,   0,   0,  11,4522
09:13:21,1850,  62,1147, 55, 997, 994,   625,   0,   0,  11,4534
09:13:31,1853,  62,1148, 55, 997, 994,   630,   0,   0,  11,4547
09:13:41,1850,  62,1147, 55, 994, 988,   630,   0,   0,  11,4558
09:13:51,1853,  62,1148, 55,1000,1000,   635,   0,   0,  11,4573
09:14:01,1850,  62,1147, 55,1000,1000,   635,   0,   0,  11,4586
09:14:11,1850,  62,1147, 55, 997, 994,   640,   0,   0,  11,4601
09:14:21,1847,  62,1145, 55, 997, 994,   640,   0,   0,  11,4614
09:14:31,1853,  62,1148, 55,1000,1000,   645,   0,   0,  11,4627
09:14:41,1847,  62,1145, 55, 994, 988,   645,   0,   0,  11,4640
09:14:51,1847,  62,1145, 55, 994, 988,   650,   0,   0,  11,4655
09:15:01,1847,  62,1145, 55,1000,1000,   655,   0,   0,  11,4670
09:15:11,1853,  62,1148, 55, 997, 994,   655,   0,   0,  11,4687
09:15:21,1856,  62,1150, 55,1000,1000,   660,   0,   0,  11,4707
09:15:31,1850,  62,1147, 55, 997, 994,   660,   0,   0,  11,4724
09:15:41,1856,  62,1150, 55,1002,1004,   665,   0,   0,  11,4743
09:15:51,1856,  62,1150, 55,1002,1004,   665,   0,   0,  11,4762
09:16:01,1856,  62,1150, 55,1002,1004,   670,   0,   0,  11,4781
09:16:11,1856,  62,1150, 55,1000,1000,   670,   0,   0,  11,4800
09:16:21,1853,  62,1148, 55, 997, 994,   675,   0,   0,  11,4820
09:16:31,1856,  62,1150, 55,1000,1000,   680,   0,   0,  11,4839
09:16:41,1856,  62,1150, 55,1002,1004,   680,   0,   0,  11,4858
09:16:51,1850,  61,1128, 55, 994, 988,   685,   1,   0,  11,4874
09:17:01,1853,  62,1148, 55,1000,1000,   685,   2,   0,  11,4892
09:17:11,1850,  62,1147, 55,1000,1000,   690,   2,   0,  11,4910
09:17:21,1856,  62,1150, 55,1000,1000,   690,   2,   0,  11,4930
09:17:31,1856,  62,1150, 55, 997, 994,   695,   2,   0,  11,4948
09:17:41,1862,  59,1098, 55, 979, 958,   695,   3,   0,  11,4967
09:17:51,1856,  62,1150, 55,1000,1000,   700,   4,   0,  11,4983
09:18:01,1856,  62,1150, 55,1000,1000,   700,   5,   0,  11,4999
09:18:11,1856,  59,1095, 55, 976, 952,   705,   5,   0,  11,5018
09:18:21,1859,  58,1078, 55, 976, 952,   710,   5,   0,  11,5036
09:18:31,1847,  62,1145, 55, 994, 988,   710,   6,   0,  11,5052
09:18:41,1847,  61,1126, 55, 994, 988,   715,   8,   0,  11,5064
09:18:51,1853,  62,1148, 55,1000,1000,   715,   8,   0,  11,5079
09:19:01,1856,  58,1076, 55, 973, 946,   720,   9,   0,  11,5091
09:19:11,1850,  62,1147, 55, 997, 994,   720,  10,   0,  11,5104
09:19:21,1853,  62,1148, 55,1000,1000,   725,  10,   0,  11,5119
09:19:31,1847,  62,1145, 55, 994, 988,   725,  12,   0,  11,5132
09:19:41,1853,  62,1148, 55, 997, 994,   730,  14,   0,  11,5145
09:19:51,1853,  62,1148, 55,1000,1000,   730,  16,   0,  11,5157
09:20:01,1847,  62,1145, 55,1000,1000,   735,  18,   0,  11,5171
09:20:11,1847,  62,1145, 55, 997, 994,   740,  20,   0,  11,5183
09:20:21,1850,  61,1128, 55, 994, 988,   740,  21,   0,  11,5197
09:20:31,1850,  62,1147, 55, 994, 988,   745,  22,   0,  11,5209
09:20:41,1853,  62,1148, 55, 997, 994,   745,  23,   0,  11,5224
09:20:51,1829,  67,1225, 58,1029,1058,   750,  23,   0,  11,5242
09:21:01,1841,  64,1178, 57,1011,1022,   750,  23,   0,  11,5258
09:21:11,1841,  64,1178, 57,1014,1028,   755,  23,   0,  11,5276
09:21:21,1832,  67,1227, 57,1032,1065,   760,  23,   0,  11,5292
09:21:31,1850,  62,1147, 55, 997, 994,   760,  27,   0,  11,5305
09:21:41,1853,  62,1148, 55,1000,1000,   765,  30,   0,  11,5316
09:21:51,1853,  62,1148, 55, 997, 994,   765,  32,   0,  11,5334
09:22:01,1850,  62,1147, 55, 997, 994,   770,  34,   0,  11,5347
09:22:11,1850,  62,1147, 55, 997, 994,   770,  35,   0,  11,5357
09:22:21,1850,  62,1147, 55, 997, 994,   775,  40,   0,  11,5370
09:22:31,1853,  62,1148, 55, 997, 994,   775,  42,   0,  11,5383
09:22:41,1853,  62,1148, 55, 997, 994,   780,  43,   0,  11,5399
09:22:51,1850,  62,1147, 55, 997, 994,   780,  44,   0,  11,5410
09:23:01,1847,  62,1145, 55, 994, 988,   785,  46,   0,  11,5423
09:23:11,1847,  61,1126, 55, 994, 988,   790,  48,   0,  11,5436
09:23:22,1829,  67,1225, 58,1032,1065,   790,  48,   0,  11,5453
09:23:32,1847,  61,1126, 56, 994, 988,   795,  48,   0,  11,5471
09:23:42,1832,  67,1227, 58,1029,1058,   795,  48,   0,  11,5490
09:23:52,1841,  64,1178, 57,1014,1028,   800,  48,   0,  11,5510
09:24:02,1809,  72,1302, 61,1061,1125,   800,  48,   0,  11,5530
09:24:12,1824,  70,1276, 59,1049,1100,   805,  48,   0,  11,5549
09:24:22,1812,  72,1304, 61,1064,1132,   810,  48,   0,  11,5569
09:24:32,1832,  67,1227, 58,1032,1065,   810,  48,   0,  11,5587
09:24:42,1847,  62,1145, 55, 994, 988,   815,  48,   0,  11,5604
09:24:52,1850,  62,1147, 55, 997, 994,   815,  48,   0,  11,5624
09:25:02,1838,  64,1176, 56,1011,1022,   820,  48,   0,  11,5644
09:25:12,1829,  66,1207, 57,1029,1058,   825,  48,   0,  11,5664
09:25:22,1841,  64,1178, 56,1017,1034,   825,  48,   0,  11,5684
09:25:32,1847,  62,1145, 55, 994, 988,   830,  48,   0,  11,5704
09:25:42,1847,  62,1145, 55, 997, 994,   830,  48,   0,  11,5724
09:25:52,1841,  64,1178, 56,1014,1028,   835,  48,   0,  11,5743
09:26:02,1841,  64,1178, 57,1014,1028,   835,  48,   0,  11,5763
09:26:12,1850,  62,1147, 55, 994, 988,   840,  48,   0,  11,5782
09:26:22,1844,  64,1180, 57,1017,1034,   845,  48,   0,  11,5802
09:26:32,1853,  62,1148, 55,1000,1000,   845,  48,   0,  11,5822
09:26:42,1829,  67,1225, 58,1032,1065,   850,  48,   0,  11,5842
09:26:52,1832,  67,1227, 58,1032,1065,   850,  48,   0,  11,5854
09:27:02,1850,  62,1147, 55, 997, 994,   855,  48,   0,  11,5869
09:27:12,1832,  67,1227, 58,1035,1071,   855,  48,   0,  11,5889
09:27:22,1832,  67,1227, 58,1035,1071,   860,  48,   0,  11,5901
09:27:32,1824,  70,1276, 59,1049,1100,   865,  48,   0,  11,5914
09:27:42,1815,  72,1306, 60,1067,1138,   865,  48,   0,  11,5933
09:27:52,1824,  69,1258, 60,1046,1094,   870,  48,   0,  11,5951
09:28:02,1803,  75,1352, 62,1085,1177,   870,  48,   0,  11,5966
09:28:12,1826,  70,1278, 59,1049,1100,   875,  48,   0,  11,5980
09:28:22,1832,  67,1227, 57,1032,1065,   880,  48,   0,  11,5995
09:28:32,1850,  61,1128, 55, 994, 988,   880,  48,   0,  11,6013
09:28:42,1829,  67,1225, 57,1032,1065,   885,  48,   0,  11,6032
09:28:52,1850,  62,1147, 56, 997, 994,   885,  48,   0,  11,6052
09:29:02,1841,  64,1178, 56,1014,1028,   890,  48,   0,  11,6071
09:29:12,1841,  64,1178, 56,1014,1028,   895,  48,   0,  11,6091
09:29:22,1847,  62,1145, 55, 994, 988,   895,  48,   0,  11,6109
09:29:32,1826,  67,1223, 57,1032,1065,   900,  48,   0,  11,6128
09:29:42,1850,  62,1147, 55, 997, 994,   900,  48,   0,  11,6144
09:29:52,1829,  67,1225, 57,1029,1058,   905,  48,   0,  11,6164
09:30:02,1853,  62,1148, 55, 997, 994,   905,  48,   0,  11,6183
09:30:12,1835,  64,1174, 56,1011,1022,   910,  48,   0,  11,6203
09:30:22,1829,  67,1225, 57,1029,1058,   910,  48,   0,  11,6223
09:30:32,1850,  62,1147, 55, 997, 994,   915,  48,   0,  11,6242
09:30:42,1835,  64,1174, 56,1011,1022,   920,  48,   0,  11,6260
09:30:52,1847,  62,1145, 55, 994, 988,   920,  48,   0,  11,6280
09:31:02,1832,  67,1227, 57,1035,1071,   925,  48,   0,  11,6299
09:31:12,1841,  61,1123, 55, 991, 982,   925,  48,   0,  11,6319
09:31:22,1829,  67,1225, 57,1035,1071,   930,  48,   0,  11,6338
09:31:32,1844,  62,1143, 55, 991, 982,   930,  48,   0,  11,6357
09:31:42,1835,  64,1174, 57,1008,1016,   935,  48,   0,  11,6375
09:31:52,1847,  62,1145, 55, 994, 988,   940,  48,   0,  11,6395
09:32:02,1844,  62,1143, 55, 994, 988,   940,  48,   0,  11,6415
09:32:12,1838,  64,1176, 56,1011,1022,   945,  48,   0,  11,6435
09:32:22,1838,  64,1176, 56,1011,1022,   945,  48,   0,  11,6454
09:32:32,1835,  64,1174, 56,1011,1022,   950,  48,   0,  11,6474
09:32:42,1844,  64,1180, 56,1011,1022,   950,  48,   0,  11,6494
09:32:52,1847,  61,1126, 56, 994, 988,   955,  48,   0,  11,6514
09:33:02,1847,  62,1145, 55, 997, 994,   955,  48,   0,  11,6534
09:33:12,1841,  64,1178, 56,1011,1022,   960,  48,   0,  11,6554
09:33:22,1838,  64,1176, 56,1014,1028,   965,  48,   0,  11,6574
09:33:32,1850,  61,1128, 56, 991, 982,   965,  48,   0,  11,6594
09:33:42,1835,  64,1174, 56,1011,1022,   970,  48,   0,  11,6614
09:33:52,1841,  64,1178, 56,1014,1028,   970,  48,   0,  11,6634
09:34:02,1847,  61,1126, 56, 994, 988,   975,  48,   0,  11,6654
09:34:12,1844,  64,1180, 56,1014,1028,   975,  48,   0,  11,6674
09:34:22,1850,  62,1147, 55, 997, 994,   980,  48,   0,  11,6694
09:34:32,1838,  64,1176, 56,1017,1034,   980,  48,   0,  11,6714
09:34:42,1847,  61,1126, 55, 994, 988,   985,  48,   0,  11,6734
09:34:52,1838,  64,1176, 56,1011,1022,   990,  48,   0,  11,6754
09:35:03,1847,  61,1126, 56, 997, 994,   990,  48,   0,  11,6774
09:35:13,1853,  62,1148, 55, 997, 994,   995,  48,   0,  11,6794
09:35:23,1850,  62,1147, 55, 997, 994,   995,  48,   0,  11,6814
09:35:33,1838,  64,1176, 57,1011,1022,  1000,  48,   0,  11,6833
09:35:43,1841,  64,1178, 56,1014,1028,  1000,  48,   0,  11,6853
09:35:53,1850,  61,1128, 55, 994, 988,  1005,  48,   0,  11,6873
09:36:03,1832,  67,1227, 57,1029,1058,  1010,  48,   0,  11,6892
09:36:13,1853,  61,1130, 56, 997, 994,  1010,  48,   0,  11,6912
09:36:23,1841,  64,1178, 56,1014,1028,  1015,  48,   0,  11,6932
09:36:33,1850,  61,1128, 55, 994, 988,  1015,  48,   0,  11,6952
09:36:43,1841,  64,1178, 56,1014,1028,  1020,  48,   0,  11,6972
09:36:53,1841,  64,1178, 56,1014,1028,  1020,  48,   0,  11,6992
09:37:03,1847,  62,1145, 55, 991, 982,  1025,  48,   0,  11,7012
09:37:13,1847,  62,1145, 55, 994, 988,  1025,  48,   0,  11,7032
09:37:23,1844,  61,1124, 56, 994, 988,  1030,  48,   0,  11,7052
09:37:33,1841,  64,1178, 56,1014,1028,  1035,  48,   0,  11,7072
09:37:43,1847,  61,1126, 56, 991, 982,  1035,  48,   0,  11,7091
09:37:53,1847,  61,1126, 56, 997, 994,  1040,  48,   0,  11,7111
09:38:03,1844,  62,1143, 55, 994, 988,  1040,  48,   0,  11,7130
09:38:13,1847,  61,1126, 56, 994, 988,  1045,  48,   0,  11,7150
09:38:23,1844,  61,1124, 56, 997, 994,  1045,  48,   0,  11,7170
09:38:33,1844,  61,1124, 55, 991, 982,  1050,  48,   0,  11,7190
09:38:43,1841,  61,1123, 56, 991, 982,  1050,  48,   0,  11,7210
09:38:53,1847,  62,1145, 55, 997, 994,  1055,  48,   0,  11,7229
09:38:57,1,0,0,0,0,0,0
09:39:03,1797,  74,1329, 62,1076,1157,  1055,  48,   0,  11,7245
09:39:13,1791,  77,1379, 62,1093,1194,  1060,  48,   0,  11,7263
09:39:22,1782,  78,1389, 62,1090,1188,  1065,  48,   0,  11,7281
09:39:32,1794,  75,1345, 62,1076,1157,  1065,  48,   0,  11,7299
09:39:42,1800,  75,1350, 62,1079,1164,  1070,  48,   0,  11,7317
09:39:52,1791,  78,1396, 62,1096,1201,  1075,  48,   0,  11,7336
09:40:02,1788,  78,1394, 62,1096,1201,  1075,  48,   0,  11,7356
09:40:12,1797,  75,1347, 62,1079,1164,  1080,  48,   0,  11,7375
09:40:22,1800,  76,1368, 62,1082,1170,  1085,  48,   0,  11,7395
09:40:32,1800,  75,1350, 62,1082,1170,  1085,  48,   0,  11,7415
09:40:42,1800,  75,1350, 62,1082,1170,  1090,  48,   0,  11,7435
09:40:52,1780,  80,1424, 62,1108,1227,  1095,  48,   0,  11,7453
09:41:02,1788,  78,1394, 62,1096,1201,  1095,  48,   0,  11,7473
09:41:12,1800,  75,1350, 62,1079,1164,  1100,  48,   0,  11,7486
09:41:22,1785,  78,1392, 62,1093,1194,  1105,  48,   0,  11,7505
09:41:32,1788,  78,1394, 62,1096,1201,  1105,  48,   0,  11,7525
09:41:42,1785,  77,1374, 62,1090,1188,  1110,  48,   0,  11,7544
09:41:52,1785,  77,1374, 62,1093,1194,  1115,  48,   0,  11,7563
09:42:02,1800,  76,1368, 62,1082,1170,  1115,  48,   0,  11,7582
09:42:12,1797,  75,1347, 62,1076,1157,  1120,  48,   0,  11,7600
09:42:22,1788,  78,1394, 62,1099,1207,  1120,  48,   0,  11,7620
09:42:32,1800,  75,1350, 62,1079,1164,  1125,  48,   0,  11,7638
09:42:42,1791,  78,1396, 62,1096,1201,  1130,  48,   0,  11,7658
09:42:52,1788,  78,1394, 62,1096,1201,  1130,  48,   0,  11,7678
09:43:02,1782,  81,1443, 62,1114,1240,  1135,  48,   0,  11,7693
09:43:12,1782,  81,1443, 62,1111,1234,  1140,  48,   0,  11,7712
09:43:22,1791,  78,1396, 62,1099,1207,  1140,  48,   0,  11,7732
09:43:32,1791,  78,1396, 62,1096,1201,  1145,  48,   0,  11,7752
09:43:42,1803,  75,1352, 62,1076,1157,  1150,  48,   0,  11,7772
09:43:52,1803,  76,1370, 62,1082,1170,  1150,  48,   0,  11,7789
09:44:02,1806,  76,1372, 62,1082,1170,  1155,  48,   0,  11,7801
09:44:12,1815,  72,1306, 62,1067,1138,  1160,  48,   0,  11,7813
09:44:22,1809,  75,1356, 62,1087,1181,  1160,  48,   0,  11,7825
09:44:32,1803,  76,1370, 62,1085,1177,  1165,  48,   0,  11,7837
09:44:42,1771,  83,1469, 62,1126,1267,  1170,  48,   0,  11,7856
09:44:52,1759,  87,1530, 62,1146,1313,  1170,  48,   0,  11,7875
09:45:02,1782,  81,1443, 62,1114,1240,  1175,  48,   0,  11,7889
09:45:12,1785,  81,1445, 62,1114,1240,  1180,  48,   0,  11,7909
09:45:22,1794,  78,1399, 62,1096,1201,  1185,  48,   0,  11,7929
09:45:32,1771,  84,1487, 62,1126,1267,  1185,  48,   0,  11,7947
09:45:42,1791,  78,1396, 62,1099,1207,  1190,  48,   0,  11,7962
09:45:52,1788,  78,1394, 62,1099,1207,  1195,  48,   0,  11,7981
09:46:02,1791,  77,1379, 62,1096,1201,  1195,  48,   0,  11,7999
09:46:12,1788,  77,1376, 62,1093,1194,  1200,  48,   0,  11,8019
09:46:22,1791,  78,1396, 62,1099,1207,  1205,  48,   0,  11,8038
09:46:32,1788,  78,1394, 62,1093,1194,  1205,  48,   0,  11,8058
09:46:42,1788,  77,1376, 62,1093,1194,  1210,  48,   0,  11,8077
09:46:52,1806,  76,1372, 62,1085,1177,  1215,  48,   0,  11,8097
09:47:03,1800,  76,1368, 62,1082,1170,  1215,  48,   0,  11,8108
09:47:13,1797,  75,1347, 62,1076,1157,  1220,  48,   0,  11,8121
09:47:23,1803,  76,1370, 62,1082,1170,  1220,  48,   0,  11,8131
09:47:33,1797,  75,1347, 62,1079,1164,  1225,  48,   0,  11,8143
09:47:43,1797,  75,1347, 62,1076,1157,  1230,  48,   0,  11,8160
09:47:53,1791,  78,1396, 62,1096,1201,  1230,  48,   0,  11,8178
09:48:03,1788,  78,1394, 62,1096,1201,  1235,  48,   0,  11,8196
09:48:12,1800,  75,1350, 62,1079,1164,  1240,  48,   0,  11,8214
09:48:22,1785,  81,1445, 62,1114,1240,  1240,  48,   0,  11,8233
09:48:32,1788,  77,1376, 62,1093,1194,  1245,  48,   0,  11,8253
09:48:42,1788,  78,1394, 62,1093,1194,  1250,  48,   0,  11,8270
09:48:52,1788,  78,1394, 62,1096,1201,  1250,  48,   0,  11,8288
09:49:02,1791,  78,1396, 62,1099,1207,  1255,  48,   0,  11,8308
09:49:12,1800,  75,1350, 62,1079,1164,  1260,  48,   0,  11,8323
09:49:22,1791,  78,1396, 62,1096,1201,  1260,  48,   0,  11,8336
09:49:32,1788,  77,1376, 62,1093,1194,  1265,  48,   0,  11,8355
09:49:42,1777,  81,1439, 62,1108,1227,  1270,  48,   0,  11,8372
09:49:52,1800,  76,1368, 62,1079,1164,  1270,  48,   0,  11,8387
09:50:02,1803,  75,1352, 62,1085,1177,  1275,  48,   0,  11,8399
09:50:12,1803,  75,1352, 62,1079,1164,  1280,  48,   0,  11,8411
09:50:22,1806,  76,1372, 62,1085,1177,  1280,  48,   0,  11,8428
09:50:32,1803,  76,1370, 62,1082,1170,  1285,  48,   0,  11,8444
09:50:42,1806,  76,1372, 62,1087,1181,  1285,  48,   0,  11,8463
09:50:52,1800,  75,1350, 62,1079,1164,  1290,  48,   0,  11,8481
09:51:02,1809,  75,1356, 62,1082,1170,  1295,  48,   0,  11,8500
09:51:12,1806,  76,1372, 62,1082,1170,  1295,  48,   0,  11,8516
09:51:22,1806,  75,1354, 62,1082,1170,  1300,  48,   0,  11,8530
09:51:32,1809,  76,1374, 62,1085,1177,  1305,  48,   0,  11,8544
09:51:42,1803,  75,1352, 62,1079,1164,  1305,  48,   0,  11,8559
09:51:52,1803,  76,1370, 62,1085,1177,  1310,  48,   0,  11,8575
09:52:02,1803,  75,1352, 62,1082,1170,  1315,  48,   0,  11,8590
09:52:12,1803,  76,1370, 62,1082,1170,  1315,  48,   0,  11,8607
09:52:22,1809,  76,1374, 62,1087,1181,  1320,  48,   0,  11,8622
09:52:32,1815,  73,1324, 62,1064,1132,  1320,  48,   0,  11,8638
09:52:42,1812,  73,1322, 62,1064,1132,  1325,  48,   0,  11,8656
09:52:52,1806,  76,1372, 62,1085,1177,  1330,  48,   0,  11,8670
09:53:02,1815,  73,1324, 62,1067,1138,  1330,  48,   0,  11,8686
09:53:12,1812,  72,1304, 62,1061,1125,  1335,  48,   0,  11,8699
09:53:22,1815,  72,1306, 62,1064,1132,  1340,  48,   0,  11,8716
09:53:32,1803,  75,1352, 62,1085,1177,  1340,  48,   0,  11,8729
09:53:42,1815,  73,1324, 62,1067,1138,  1345,  48,   0,  11,8742
09:53:52,1815,  73,1324, 62,1064,1132,  1350,  48,   0,  11,8760
09:54:02,1818,  73,1327, 62,1070,1144,  1350,  48,   0,  11,8776
09:54:12,1818,  73,1327, 62,1064,1132,  1355,  48,   0,  11,8794
09:54:22,1815,  73,1324, 62,1070,1144,  1355,  48,   0,  11,8812
09:54:32,1815,  73,1324, 62,1070,1144,  1360,  48,   0,  11,8828
09:54:42,1818,  73,1327, 62,1070,1144,  1365,  48,   0,  11,8847
09:54:52,1815,  73,1324, 62,1070,1144,  1365,  48,   0,  11,8865
09:55:02,1821,  73,1329, 62,1070,1144,  1370,  48,   0,  11,8885
09:55:12,1821,  73,1329, 62,1064,1132,  1375,  48,   0,  11,8905
09:55:22,1815,  72,1306, 62,1067,1138,  1375,  48,   0,  11,8925
09:55:32,1815,  73,1324, 62,1064,1132,  1380,  48,   0,  11,8944
09:55:42,1821,  72,1311, 62,1067,1138,  1385,  48,   0,  11,8964
09:55:52,1821,  73,1329, 62,1070,1144,  1385,  48,   0,  11,8982
09:56:02,1818,  73,1327, 62,1064,1132,  1390,  48,   0,  11,8999
09:56:12,1818,  73,1327, 62,1070,1144,  1390,  48,   0,  11,9019
09:56:22,1818,  73,1327, 62,1073,1151,  1395,  48,   0,  11,9037
09:56:32,1821,  73,1329, 62,1070,1144,  1400,  48,   0,  11,9057
09:56:41,1815,  73,1324, 62,1064,1132,  1400,  48,   0,  11,9076
09:56:51,1803,  76,1370, 62,1085,1177,  1405,  48,   0,  11,9094
09:57:01,1803,  76,1370, 62,1085,1177,  1410,  48,   0,  11,9112
09:57:11,1809,  76,1374, 62,1087,1181,  1410,  48,   0,  11,9132
09:57:21,1806,  75,1354, 62,1082,1170,  1415,  48,   0,  11,9152
09:57:31,1809,  76,1374, 62,1087,1181,  1415,  48,   0,  11,9172
09:57:41,1806,  76,1372, 62,1087,1181,  1420,  48,   0,  11,9192
09:57:51,1812,  75,1359, 62,1085,1177,  1425,  48,   0,  11,9212
09:58:01,1809,  76,1374, 62,1082,1170,  1425,  48,   0,  11,9232
09:58:11,1809,  76,1374, 62,1082,1170,  1430,  48,   0,  11,9252
09:58:21,1815,  76,1379, 62,1085,1177,  1435,  48,   0,  11,9272
09:58:31,1812,  76,1377, 62,1087,1181,  1435,  48,   0,  11,9292
09:58:41,1812,  76,1377, 62,1087,1181,  1440,  48,   0,  11,9312
09:58:51,1809,  76,1374, 62,1087,1181,  1445,  48,   0,  11,9332
09:59:02,1809,  76,1374, 62,1087,1181,  1445,  48,   0,  11,9352
09:59:12,1812,  76,1377, 62,1087,1181,  1450,  48,   0,  11,9372
09:59:22,1815,  76,1379, 62,1090,1188,  1450,  48,   0,  11,9392
09:59:32,1812,  76,1377, 62,1085,1177,  1455,  48,   0,  11,9412
09:59:42,1812,  75,1359, 62,1085,1177,  1460,  48,   0,  11,9432
09:59:52,1809,  75,1356, 62,1087,1181,  1460,  48,   0,  11,9452
10:00:02,1812,  76,1377, 62,1085,1177,  1465,  48,   0,  11,9472
10:00:12,1815,  76,1379, 62,1087,1181,  1470,  48,   0,  11,9492
10:00:22,1809,  76,1374, 62,1085,1177,  1470,  48,   0,  11,9512
10:00:32,1812,  76,1377, 62,1085,1177,  1475,  48,   0,  11,9532
10:00:42,1809,  76,1374, 62,1090,1188,  1480,  48,   0,  11,9552
10:00:52,1809,  76,1374, 62,1087,1181,  1480,  48,   0,  11,9572
10:01:02,1809,  76,1374, 62,1090,1188,  1485,  48,   0,  11,9592
10:01:12,1821,  73,1329, 62,1073,1151,  1485,  48,   0,  11,9611
10:01:22,1824,  73,1331, 62,1067,1138,  1490,  48,   0,  11,9631
10:01:32,1818,  73,1327, 62,1073,1151,  1495,  48,   0,  11,9651
10:01:42,1821,  73,1329, 62,1067,1138,  1495,  48,   0,  11,9670
10:01:52,1821,  73,1329, 62,1073,1151,  1500,  48,   0,  11,9690
10:02:02,1821,  73,1329, 62,1067,1138,  1505,  48,   0,  11,9710
10:02:12,1824,  73,1331, 62,1070,1144,  1505,  48,   0,  11,9730
10:02:22,1821,  73,1329, 62,1073,1151,  1510,  48,   0,  11,9750
10:02:32,1821,  73,1329, 62,1067,1138,  1515,  48,   0,  11,9770
10:02:42,1824,  73,1331, 62,1073,1151,  1515,  48,   0,  11,9790
10:02:52,1824,  73,1331, 62,1073,1151,  1520,  48,   0,  11,9810
10:03:02,1821,  73,1329, 62,1073,1151,  1520,  48,   0,  11,9830
10:03:12,1826,  73,1332, 62,1067,1138,  1525,  48,   0,  11,9850
10:03:22,1821,  73,1329, 62,1070,1144,  1530,  48,   0,  11,9870
10:03:32,1818,  73,1327, 62,1070,1144,  1530,  48,   0,  11,9890
10:03:42,1826,  73,1332, 62,1070,1144,  1535,  48,   0,  11,9910
10:03:52,1821,  73,1329, 62,1067,1138,  1540,  48,   0,  11,9930
10:04:02,1821,  73,1329, 62,1070,1144,  1540,  48,   0,  11,9950
10:04:12,1824,  73,1331, 62,1067,1138,  1545,  48,   0,  11,9970
10:04:22,1824,  73,1331, 62,1073,1151,  1550,  48,   0,  11,9990
10:04:32,1824,  73,1331, 62,1067,1138,  1550,  48,   0,  11,10010
10:04:42,1821,  73,1329, 62,1073,1151,  1555,  48,   0,  11,10030
10:04:52,1821,  73,1329, 62,1073,1151,  1555,  48,   0,  11,10050
10:05:02,1821,  73,1329, 62,1073,1151,  1560,  48,   0,  11,10070
10:05:12,1824,  73,1331, 62,1070,1144,  1565,  48,   0,  11,10090
10:05:21,1815,  76,1379, 62,1087,1181,  1565,  48,   0,  11,10109
10:05:31,1818,  76,1381, 62,1087,1181,  1570,  48,   0,  11,10129
10:05:41,1812,  76,1377, 62,1087,1181,  1575,  48,   0,  11,10149
10:05:51,1809,  76,1374, 62,1087,1181,  1575,  48,   0,  11,10169
10:06:01,1815,  76,1379, 62,1085,1177,  1580,  48,   0,  11,10189
10:06:11,1815,  76,1379, 62,1085,1177,  1580,  48,   0,  11,10209
10:06:21,1812,  76,1377, 62,1085,1177,  1585,  48,   0,  11,10229
10:06:31,1815,  76,1379, 62,1087,1181,  1590,  48,   0,  11,10249
10:06:41,1812,  76,1377, 62,1087,1181,  1590,  48,   0,  11,10269
10:06:51,1812,  76,1377, 62,1087,1181,  1595,  48,   0,  11,10289
10:07:01,1809,  76,1374, 62,1085,1177,  1600,  48,   0,  11,10309
10:07:11,1815,  76,1379, 62,1090,1188,  1600,  48,   0,  11,10329
10:07:21,1812,  76,1377, 62,1090,1188,  1605,  48,   0,  11,10349
10:07:31,1809,  76,1374, 62,1087,1181,  1610,  48,   0,  11,10369
10:07:41,1809,  76,1374, 62,1085,1177,  1610,  48,   0,  11,10389
10:07:51,1812,  76,1377, 62,1090,1188,  1615,  48,   0,  11,10409
10:08:01,1812,  76,1377, 62,1085,1177,  1615,  48,   0,  11,10429
10:08:11,1812,  75,1359, 62,1085,1177,  1620,  48,   0,  11,10449
10:08:21,1812,  76,1377, 62,1090,1188,  1625,  48,   0,  11,10469
10:08:31,1812,  76,1377, 62,1087,1181,  1625,  48,   0,  11,10489
10:08:41,1809,  78,1411, 62,1105,1221,  1630,  48,   0,  11,10509
10:08:51,1815,  76,1379, 62,1090,1188,  1635,  48,   0,  11,10528
10:09:01,1812,  76,1377, 62,1090,1188,  1635,  48,   0,  11,10548
10:09:11,1818,  76,1381, 62,1090,1188,  1640,  48,   0,  11,10568
10:09:21,1815,  76,1379, 62,1087,1181,  1645,  48,   0,  11,10586
10:09:31,1818,  76,1381, 62,1090,1188,  1645,  48,   0,  11,10605
10:09:41,1809,  76,1374, 62,1085,1177,  1650,  48,   0,  11,10623
10:09:51,1812,  76,1377, 62,1085,1177,  1655,  48,   0,  11,10642
10:10:01,1818,  76,1381, 62,1090,1188,  1655,  48,   0,  11,10661
10:10:11,1809,  79,1429, 62,1108,1227,  1660,  48,   0,  11,10681
10:10:21,1818,  76,1381, 62,1087,1181,  1665,  48,   0,  11,10698
10:10:31,1826,  73,1332, 62,1076,1157,  1665,  48,   0,  11,10717
10:10:41,1800,  81,1458, 62,1120,1254,  1670,  48,   0,  11,10737
10:10:51,1809,  79,1429, 62,1108,1227,  1675,  48,   0,  11,10756
10:11:01,1806,  79,1426, 62,1105,1221,  1675,  48,   0,  11,10775
10:11:11,1806,  79,1426, 62,1105,1221,  1680,  48,   0,  11,10794
10:11:21,1806,  79,1426, 62,1108,1227,  1685,  48,   0,  11,10814
10:11:31,1794,  85,1524, 62,1140,1299,  1685,  48,   0,  11,10832
10:11:41,1826,  76,1387, 62,1093,1194,  1690,  48,   0,  11,10850
10:11:51,1832,  74,1355, 62,1073,1151,  1695,  48,   0,  11,10868
10:12:01,1829,  73,1335, 62,1073,1151,  1695,  48,   0,  11,10888
10:12:11,1832,  73,1337, 62,1076,1157,  1700,  48,   0,  11,10907
10:12:21,1832,  74,1355, 62,1073,1151,  1705,  48,   0,  11,10927
10:12:31,1815,  76,1379, 62,1090,1188,  1705,  48,   0,  11,10945
10:12:41,1829,  74,1353, 62,1073,1151,  1710,  48,   0,  11,10960
10:12:51,1829,  74,1353, 62,1079,1164,  1715,  48,   0,  11,10977
10:13:01,1818,  76,1381, 62,1090,1188,  1715,  48,   0,  11,10995
10:13:11,1815,  76,1379, 62,1087,1181,  1720,  48,   0,  11,11008
10:13:21,1806,  78,1408, 62,1105,1221,  1725,  48,   0,  11,11023
10:13:31,1788,  85,1519, 62,1140,1299,  1725,  48,   0,  11,11040
10:13:41,1774,  87,1543, 62,1149,1320,  1730,  48,   0,  11,11057
10:13:51,1765,  90,1588, 62,1167,1361,  1735,  48,   0,  11,11074
10:14:01,1797,  81,1455, 62,1123,1261,  1735,  48,   0,  11,11094
10:14:11,1800,  81,1458, 62,1126,1267,  1740,  48,   0,  11,11114
10:14:21,1780,  84,1495, 62,1134,1285,  1745,  48,   0,  11,11128
10:14:31,1771,  87,1540, 62,1146,1313,  1750,  48,   0,  11,11146
10:14:42,1800,  79,1422, 62,1105,1221,  1750,  48,   0,  11,11164
10:14:52,1815,  76,1379, 62,1085,1177,  1755,  48,   0,  11,11179
10:15:02,1812,  76,1377, 62,1087,1181,  1760,  48,   0,  11,11197
10:15:12,1815,  76,1379, 62,1087,1181,  1760,  48,   0,  11,11213
10:15:22,1818,  76,1381, 62,1090,1188,  1765,  48,   0,  11,11228
10:15:32,1818,  76,1381, 62,1090,1188,  1770,  48,   0,  11,11245
10:15:42,1818,  76,1381, 62,1090,1188,  1770,  48,   0,  11,11258
10:15:52,1824,  73,1331, 62,1076,1157,  1775,  48,   0,  11,11273
10:16:02,1815,  76,1379, 62,1090,1188,  1780,  48,   0,  11,11286
10:16:12,1818,  76,1381, 62,1087,1181,  1780,  48,   0,  11,11302
10:16:22,1815,  76,1379, 62,1087,1181,  1785,  48,   0,  11,11318
10:16:32,1815,  76,1379, 62,1090,1188,  1790,  48,   0,  11,11331
10:16:42,1818,  76,1381, 62,1096,1201,  1790,  48,   0,  11,11347
10:16:52,1818,  76,1381, 62,1090,1188,  1795,  48,   0,  11,11365
10:17:02,1818,  76,1381, 62,1087,1181,  1795,  48,   0,  11,11381
10:17:12,1818,  76,1381, 62,1090,1188,  1800,  48,   0,  11,11397
10:17:22,1815,  76,1379, 62,1087,1181,  1805,  48,   0,  11,11411
10:17:32,1818,  76,1381, 62,1093,1194,  1805,  48,   0,  11,11427
10:17:42,1815,  76,1379, 62,1087,1181,  1810,  48,   0,  11,11442
10:17:51,1818,  76,1381, 62,1087,1181,  1815,  48,   0,  11,11457
10:18:01,1826,  73,1332, 62,1073,1151,  1815,  48,   0,  11,11470
10:18:11,1824,  73,1331, 62,1073,1151,  1820,  48,   0,  11,11486
10:18:21,1824,  73,1331, 62,1070,1144,  1825,  48,   0,  11,11500
10:18:31,1821,  73,1329, 62,1070,1144,  1825,  48,   0,  11,11515
10:18:41,1815,  76,1379, 62,1087,1181,  1830,  48,   0,  11,11533
10:18:51,1815,  76,1379, 62,1085,1177,  1835,  48,   0,  11,11548
10:19:01,1824,  73,1331, 62,1070,1144,  1835,  48,   0,  11,11563
10:19:11,1818,  76,1381, 62,1087,1181,  1840,  48,   0,  11,11580
10:19:21,1824,  73,1331, 62,1073,1151,  1845,  48,   0,  11,11596
10:19:31,1812,  76,1377, 62,1085,1177,  1845,  48,   0,  11,11611
10:19:41,1794,  81,1453, 62,1123,1261,  1850,  48,   0,  11,11631
10:19:51,1794,  81,1453, 62,1126,1267,  1855,  48,   0,  11,11647
10:20:01,1800,  79,1422, 62,1105,1221,  1855,  48,   0,  11,11666
10:20:11,1806,  78,1408, 62,1108,1227,  1860,  48,   0,  11,11680
10:20:21,1806,  78,1408, 62,1108,1227,  1865,  48,   0,  11,11699
10:20:31,1826,  73,1332, 62,1070,1144,  1865,  48,   0,  11,11714
10:20:41,1829,  73,1335, 62,1070,1144,  1870,  48,   0,  11,11734
10:20:51,1824,  73,1331, 62,1070,1144,  1875,  48,   0,  11,11754
10:21:01,1821,  73,1329, 62,1073,1151,  1875,  48,   0,  11,11774
10:21:11,1821,  73,1329, 62,1073,1151,  1880,  48,   0,  11,11794
10:21:21,1824,  73,1331, 62,1076,1157,  1885,  48,   0,  11,11814
10:21:31,1821,  73,1329, 62,1073,1151,  1885,  48,   0,  11,11834
10:21:41,1826,  73,1332, 62,1076,1157,  1890,  48,   0,  11,11854
10:21:51,1824,  73,1331, 62,1067,1138,  1895,  48,   0,  11,11874
10:22:01,1821,  73,1329, 62,1073,1151,  1895,  48,   0,  11,11894
10:22:11,1818,  76,1381, 62,1087,1181,  1900,  48,   0,  11,11913
10:22:21,1815,  76,1379, 62,1090,1188,  1905,  48,   0,  11,11933
10:22:31,1815,  76,1379, 62,1090,1188,  1905,  48,   0,  11,11953
10:22:41,1815,  76,1379, 62,1085,1177,  1910,  48,   0,  11,11973
10:22:51,1812,  76,1377, 62,1085,1177,  1915,  48,   0,  11,11993
10:23:01,1812,  76,1377, 62,1085,1177,  1915,  48,   0,  11,12013
10:23:11,1812,  76,1377, 62,1090,1188,  1920,  48,   0,  11,12033
10:23:21,1815,  76,1379, 62,1087,1181,  1925,  48,   0,  11,12053
10:23:31,1809,  76,1374, 62,1085,1177,  1925,  48,   0,  11,12073
10:23:41,1815,  76,1379, 62,1090,1188,  1930,  48,   0,  11,12093
10:23:51,1809,  76,1374, 62,1085,1177,  1935,  48,   0,  11,12112
10:24:01,1809,  76,1374, 62,1085,1177,  1935,  48,   0,  11,12131
10:24:11,1809,  76,1374, 62,1085,1177,  1940,  48,   0,  11,12148
10:24:21,1806,  75,1354, 62,1085,1177,  1945,  48,   0,  11,12165
10:24:31,1809,  75,1356, 62,1085,1177,  1945,  48,   0,  11,12184
10:24:41,1806,  75,1354, 62,1085,1177,  1950,  48,   0,  11,12203
10:24:51,1809,  76,1374, 62,1082,1170,  1950,  48,   0,  11,12223
10:25:01,1809,  76,1374, 62,1090,1188,  1955,  48,   0,  11,12242
10:25:11,1806,  76,1372, 62,1085,1177,  1960,  48,   0,  11,12260
10:25:21,1809,  75,1356, 62,1087,1181,  1960,  48,   0,  11,12278
10:25:31,1812,  76,1377, 62,1085,1177,  1965,  48,   0,  11,12297
10:25:41,1809,  75,1356, 62,1082,1170,  1970,  48,   0,  11,12317
10:25:51,1809,  76,1374, 62,1082,1170,  1970,  48,   0,  11,12334
10:26:01,1809,  76,1374, 62,1085,1177,  1975,  48,   0,  11,12351
10:26:11,1806,  76,1372, 62,1082,1170,  1980,  48,   0,  11,12367
10:26:21,1806,  75,1354, 62,1082,1170,  1980,  48,   0,  11,12386
10:26:30,1809,  76,1374, 62,1082,1170,  1985,  48,   0,  11,12405
10:26:40,1815,  73,1324, 62,1067,1138,  1990,  48,   0,  11,12421
10:26:50,1818,  73,1327, 62,1067,1138,  1990,  48,   0,  11,12439
10:27:00,1818,  73,1327, 62,1070,1144,  1995,  48,   0,  11,12455
10:27:10,1818,  73,1327, 62,1070,1144,  1995,  48,   0,  11,12473
10:27:20,1812,  75,1359, 62,1082,1170,  2000,  48,   0,  11,12492
10:27:30,1818,  73,1327, 62,1064,1132,  2005,  48,   0,  11,12511
10:27:40,1815,  73,1324, 62,1067,1138,  2005,  48,   0,  11,12528
10:27:50,1818,  72,1308, 62,1067,1138,  2010,  48,   0,  11,12546
10:28:00,1818,  73,1327, 62,1067,1138,  2015,  48,   0,  11,12563
10:28:10,1818,  73,1327, 62,1070,1144,  2015,  48,   0,  11,12580
10:28:20,1824,  73,1331, 62,1070,1144,  2020,  48,   0,  11,12598
10:28:30,1815,  73,1324, 62,1070,1144,  2025,  48,   0,  11,12614
10:28:40,1815,  73,1324, 62,1070,1144,  2025,  48,   0,  11,12628
10:28:50,1818,  73,1327, 62,1073,1151,  2030,  48,   0,  11,12646
10:29:00,1818,  73,1327, 62,1067,1138,  2030,  48,   0,  11,12663
10:29:10,1821,  73,1329, 62,1073,1151,  2035,  48,   0,  11,12681
10:29:20,1818,  73,1327, 62,1064,1132,  2040,  48,   0,  11,12700
10:29:30,1818,  73,1327, 62,1067,1138,  2040,  48,   0,  11,12715
10:29:40,1821,  73,1329, 62,1067,1138,  2045,  48,   0,  11,12731
10:29:50,1821,  73,1329, 62,1067,1138,  2050,  48,   0,  11,12748
10:30:00,1821,  73,1329, 62,1067,1138,  2050,  48,   0,  11,12763
10:30:10,1815,  73,1324, 62,1070,1144,  2055,  48,   0,  11,12780
10:30:20,1818,  73,1327, 62,1070,1144,  2060,  48,   0,  11,12796
10:30:30,1806,  76,1372, 62,1087,1181,  2060,  48,   0,  11,12813
10:30:40,1806,  76,1372, 62,1085,1177,  2065,  48,   0,  11,12827
10:30:50,1803,  75,1352, 62,1082,1170,  2065,  48,   0,  11,12844
10:31:00,1806,  76,1372, 62,1079,1164,  2070,  48,   0,  11,12855
10:31:10,1806,  75,1354, 62,1082,1170,  2075,  48,   0,  11,12872
10:31:20,1806,  76,1372, 62,1087,1181,  2075,  48,   0,  11,12888
10:31:30,1812,  76,1377, 62,1085,1177,  2080,  48,   0,  11,12906
10:31:40,1806,  75,1354, 62,1082,1170,  2085,  48,   0,  11,12922
10:31:50,1806,  75,1354, 62,1085,1177,  2085,  48,   0,  11,12935
10:32:00,1812,  76,1377, 62,1087,1181,  2090,  48,   0,  11,12953
10:32:10,1809,  76,1374, 62,1090,1188,  2095,  48,   0,  11,12970
10:32:20,1815,  75,1361, 62,1087,1181,  2095,  48,   0,  11,12988
10:32:30,1806,  76,1372, 62,1087,1181,  2100,  48,   0,  11,13003
10:32:40,1812,  75,1359, 62,1085,1177,  2100,  48,   0,  11,13018
10:32:50,1812,  76,1377, 62,1087,1181,  2105,  48,   0,  11,13037
10:33:00,1815,  76,1379, 62,1087,1181,  2110,  48,   0,  11,13057
10:33:10,1812,  76,1377, 62,1090,1188,  2110,  48,   0,  11,13077
10:33:20,1812,  76,1377, 62,1090,1188,  2115,  48,   0,  11,13097
10:33:30,1809,  76,1374, 62,1087,1181,  2120,  48,   0,  11,13117
10:33:40,1815,  76,1379, 62,1090,1188,  2120,  48,   0,  11,13137
10:33:50,1812,  76,1377, 62,1090,1188,  2125,  48,   0,  11,13156
10:34:00,1815,  76,1379, 62,1085,1177,  2130,  48,   0,  11,13176
10:34:10,1826,  74,1351, 62,1073,1151,  2130,  48,   0,  11,13196
10:34:20,1815,  76,1379, 62,1087,1181,  2135,  48,   0,  11,13216
10:34:30,1812,  76,1377, 62,1090,1188,  2135,  48,   0,  11,13236
10:34:40,1809,  76,1374, 62,1085,1177,  2140,  48,   0,  11,13256
10:34:51,1815,  76,1379, 62,1090,1188,  2145,  48,   0,  11,13276
10:35:01,1824,  73,1331, 62,1070,1144,  2145,  48,   0,  11,13295
10:35:11,1824,  73,1331, 62,1076,1157,  2150,  48,   0,  11,13315
10:35:21,1829,  73,1335, 62,1070,1144,  2155,  48,   0,  11,13335
10:35:31,1826,  73,1332, 62,1073,1151,  2155,  48,   0,  11,13355
10:35:41,1824,  73,1331, 62,1076,1157,  2160,  48,   0,  11,13375
10:35:51,1826,  73,1332, 62,1070,1144,  2165,  48,   0,  11,13395
10:36:01,1821,  73,1329, 62,1070,1144,  2165,  48,   0,  11,13415
10:36:11,1824,  73,1331, 62,1076,1157,  2170,  48,   0,  11,13435
10:36:21,1826,  73,1332, 62,1070,1144,  2170,  48,   0,  11,13455
10:36:31,1821,  73,1329, 62,1073,1151,  2175,  48,   0,  11,13475
10:36:41,1826,  73,1332, 62,1076,1157,  2180,  48,   0,  11,13495
10:36:51,1829,  73,1335, 62,1076,1157,  2180,  48,   0,  11,13515
10:37:01,1812,  79,1431, 62,1105,1221,  2185,  48,   0,  11,13535
10:37:11,1821,  76,1383, 62,1096,1201,  2190,  48,   0,  11,13554
10:37:21,1797,  81,1455, 62,1126,1267,  2190,  48,   0,  11,13573
10:37:31,1806,  82,1480, 62,1126,1267,  2195,  48,   0,  11,13593
10:37:41,1809,  78,1411, 62,1105,1221,  2200,  48,   0,  11,13613
10:37:51,1832,  73,1337, 62,1073,1151,  2200,  48,   0,  11,13633
10:38:01,1835,  74,1357, 62,1079,1164,  2205,  48,   0,  11,13653
10:38:11,1832,  74,1355, 62,1082,1170,  2210,  48,   0,  11,13673
10:38:21,1829,  73,1335, 62,1076,1157,  2210,  48,   0,  11,13693
10:38:31,1832,  73,1337, 62,1076,1157,  2215,  48,   0,  11,13713
10:38:41,1832,  73,1337, 62,1076,1157,  2220,  48,   0,  11,13733
10:38:51,1826,  73,1332, 62,1073,1151,  2220,  48,   0,  11,13753
10:39:01,1829,  73,1335, 62,1073,1151,  2225,  48,   0,  11,13773
10:39:10,1826,  73,1332, 62,1076,1157,  2225,  48,   0,  11,13793
10:39:20,1818,  76,1381, 62,1090,1188,  2230,  48,   0,  11,13812
10:39:30,1832,  73,1337, 62,1073,1151,  2235,  48,   0,  11,13830
10:39:40,1821,  76,1383, 62,1093,1194,  2235,  48,   0,  11,13849
10:39:50,1818,  76,1381, 62,1087,1181,  2240,  48,   0,  11,13868
10:40:00,1815,  76,1379, 62,1087,1181,  2245,  48,   0,  11,13885
10:40:10,1818,  76,1381, 62,1090,1188,  2245,  48,   0,  11,13902
10:40:20,1818,  76,1381, 62,1087,1181,  2250,  48,   0,  11,13919
10:40:30,1791,  77,1379, 62,1093,1194,  2255,  48,   0,  11,13937
10:40:40,1800,  75,1350, 62,1085,1177,  2255,  48,   0,  11,13956
10:40:50,1800,  75,1350, 62,1085,1177,  2260,  48,   0,  11,13975
10:41:00,1800,  75,1350, 62,1082,1170,  2265,  48,   0,  11,13993
10:41:11,1797,  75,1347, 61,1079,1164,  2270,  48,   0,  11,14011
10:41:21,1797,  75,1347, 61,1079,1164,  2270,  48,   0,  11,14031
10:41:31,1800,  75,1350, 61,1076,1157,  2275,  48,   0,  11,14051
10:41:41,1800,  75,1350, 61,1079,1164,  2275,  48,   0,  11,14071
10:41:51,1791,  78,1396, 63,1099,1207,  2280,  48,   0,  11,14091
10:42:01,1768,  83,1467, 66,1123,1261,  2285,  48,   0,  11,14110
10:42:11,1771,  83,1469, 66,1126,1267,  2290,  48,   0,  11,14130
10:42:21,1788,  78,1394, 63,1093,1194,  2290,  48,   0,  11,14149
10:42:31,1788,  77,1376, 63,1093,1194,  2295,  48,   0,  11,14165
10:42:41,1797,  75,1347, 62,1079,1164,  2300,  48,   0,  11,14185
10:42:51,1797,  75,1347, 62,1082,1170,  2300,  48,   0,  11,14199
10:43:01,1797,  75,1347, 62,1076,1157,  2305,  48,   0,  11,14219
10:43:11,1800,  75,1350, 62,1082,1170,  2310,  48,   0,  11,14237
10:43:21,1800,  75,1350, 62,1076,1157,  2310,  48,   0,  11,14256
10:43:31,1791,  78,1396, 63,1096,1201,  2315,  48,   0,  11,14273
10:43:41,1785,  77,1374, 63,1090,1188,  2320,  48,   0,  11,14291
10:43:51,1794,  75,1345, 61,1076,1157,  2320,  48,   0,  11,14311
10:44:01,1791,  77,1379, 63,1093,1194,  2325,  48,   0,  11,14330
10:44:11,1785,  78,1392, 62,1093,1194,  2325,  48,   0,  11,14348
10:44:21,1800,  75,1350, 61,1076,1157,  2330,  48,   0,  11,14368
10:44:31,1794,  75,1345, 61,1079,1164,  2335,  48,   0,  11,14387
10:44:41,1794,  75,1345, 62,1079,1164,  2335,  48,   0,  11,14407
10:44:51,1785,  77,1374, 63,1093,1194,  2340,  48,   0,  11,14426
10:45:01,1785,  77,1374, 63,1093,1194,  2345,  48,   0,  11,14445
10:45:11,1785,  78,1392, 62,1093,1194,  2345,  48,   0,  11,14465
10:45:21,1782,  77,1372, 63,1087,1181,  2350,  48,   0,  11,14485
10:45:31,1794,  75,1345, 62,1082,1170,  2355,  48,   0,  11,14504
10:45:41,1797,  75,1347, 61,1076,1157,  2355,  48,   0,  11,14524
10:45:51,1800,  75,1350, 61,1079,1164,  2360,  48,   0,  11,14544
10:46:01,1788,  78,1394, 63,1096,1201,  2365,  48,   0,  11,14564
10:46:11,1800,  75,1350, 62,1082,1170,  2365,  48,   0,  11,14583
10:46:21,1765,  83,1464, 66,1126,1267,  2370,  48,   0,  11,14603
10:46:31,1774,  80,1419, 65,1111,1234,  2375,  48,   0,  11,14621
10:46:41,1765,  83,1464, 65,1123,1261,  2375,  48,   0,  11,14639
10:46:51,1768,  83,1467, 66,1126,1267,  2380,  48,   0,  11,14658
10:47:01,1765,  83,1464, 65,1123,1261,  2385,  48,   0,  11,14676
10:47:11,1756,  86,1510, 66,1140,1299,  2385,  48,   0,  11,14696
10:47:21,1777,  80,1421, 64,1111,1234,  2390,  48,   0,  11,14711
10:47:31,1750,  86,1505, 66,1134,1285,  2395,  48,   0,  11,14728
10:47:41,1765,  83,1464, 66,1126,1267,  2400,  48,   0,  11,14744
10:47:51,1777,  80,1421, 64,1108,1227,  2400,  48,   0,  11,14762
10:48:01,1797,  75,1347, 62,1079,1164,  2405,  48,   0,  11,14778
10:48:11,1803,  75,1352, 62,1079,1164,  2410,  48,   0,  11,14797
10:48:21,1800,  76,1368, 62,1085,1177,  2410,  48,   0,  11,14816
10:48:31,1800,  75,1350, 61,1079,1164,  2415,  48,   0,  11,14831
10:48:41,1803,  75,1352, 61,1082,1170,  2420,  48,   0,  11,14843
10:48:51,1803,  75,1352, 61,1076,1157,  2420,  48,   0,  11,14857
10:49:01,1806,  75,1354, 61,1079,1164,  2425,  48,   0,  11,14872
10:49:11,1806,  75,1354, 61,1085,1177,  2425,  48,   0,  11,14890
10:49:21,1806,  75,1354, 61,1082,1170,  2430,  48,   0,  11,14906
10:49:31,1803,  75,1352, 61,1082,1170,  2435,  48,   0,  11,14922
10:49:41,1806,  75,1354, 61,1082,1170,  2435,  48,   0,  11,14939
10:49:51,1803,  76,1370, 61,1079,1164,  2440,  48,   0,  11,14952
10:50:01,1809,  76,1374, 61,1082,1170,  2445,  48,   0,  11,14968
10:50:11,1806,  75,1354, 61,1079,1164,  2445,  48,   0,  11,14983
10:50:21,1806,  76,1372, 61,1087,1181,  2450,  48,   0,  11,15000
10:50:31,1806,  75,1354, 61,1087,1181,  2455,  48,   0,  11,15020
10:50:41,1806,  76,1372, 61,1082,1170,  2455,  48,   0,  11,15039
10:50:51,1809,  76,1374, 61,1082,1170,  2460,  48,   0,  11,15056
10:51:01,1803,  75,1352, 61,1085,1177,  2465,  48,   0,  11,15073
10:51:11,1806,  75,1354, 61,1085,1177,  2465,  48,   0,  11,15091
10:51:21,1812,  76,1377, 61,1087,1181,  2470,  48,   0,  11,15110
10:51:31,1809,  76,1374, 61,1082,1170,  2475,  48,   0,  11,15127
10:51:41,1809,  76,1374, 61,1082,1170,  2475,  48,   0,  11,15145
10:51:51,1803,  76,1370, 61,1085,1177,  2480,  48,   0,  11,15164
10:52:01,1803,  75,1352, 61,1085,1177,  2485,  48,   0,  11,15182
10:52:11,1803,  75,1352, 61,1082,1170,  2485,  48,   0,  11,15196
10:52:21,1809,  75,1356, 61,1082,1170,  2490,  48,   0,  11,15212
10:52:31,1800,  75,1350, 61,1082,1170,  2495,  48,   0,  11,15231
10:52:41,1800,  75,1350, 61,1076,1157,  2495,  48,   0,  11,15242
10:52:51,1785,  74,1320, 62,1067,1138,  2500,  48,   0,  11,15255
10:53:02,1803,  75,1352, 61,1079,1164,  2500,  48,   0,  11,15265
10:53:12,1800,  76,1368, 62,1079,1164,  2505,  48,   0,  11,15280
10:53:22,1803,  75,1352, 61,1082,1170,  2510,  48,   0,  11,15291
10:53:32,1797,  75,1347, 62,1079,1164,  2510,  48,   0,  11,15305
10:53:42,1788,  77,1376, 63,1093,1194,  2515,  48,   0,  11,15325
10:53:52,1777,  81,1439, 64,1111,1234,  2520,  48,   0,  11,15342
10:54:02,1777,  80,1421, 64,1111,1234,  2520,  48,   0,  11,15353
10:54:12,1797,  75,1347, 62,1079,1164,  2525,  48,   0,  11,15371
10:54:22,1800,  75,1350, 61,1076,1157,  2530,  48,   0,  11,15390
10:54:32,1800,  75,1350, 61,1079,1164,  2530,  48,   0,  11,15410
10:54:42,1788,  78,1394, 63,1093,1194,  2535,  48,   0,  11,15430
10:54:52,1797,  75,1347, 62,1076,1157,  2540,  48,   0,  11,15449
10:55:02,1794,  75,1345, 61,1073,1151,  2540,  48,   0,  11,15467
10:55:12,1797,  75,1347, 62,1082,1170,  2545,  48,   0,  11,15486
10:55:22,1797,  75,1347, 61,1082,1170,  2550,  48,   0,  11,15504
10:55:32,1791,  78,1396, 63,1093,1194,  2550,  48,   0,  11,15524
10:55:42,1791,  77,1379, 63,1096,1201,  2555,  48,   0,  11,15543
10:55:52,1797,  75,1347, 62,1082,1170,  2560,  48,   0,  11,15563
10:56:02,1780,  81,1441, 64,1108,1227,  2560,  48,   0,  11,15578
10:56:12,1777,  80,1421, 64,1105,1221,  2565,  48,   0,  11,15592
10:56:22,1791,  77,1379, 63,1093,1194,  2570,  48,   0,  11,15606
10:56:32,1788,  78,1394, 63,1096,1201,  2570,  48,   0,  11,15626
10:56:42,1791,  78,1396, 63,1099,1207,  2575,  48,   0,  11,15645
10:56:52,1797,  78,1401, 63,1099,1207,  2580,  48,   0,  11,15664
10:57:02,1788,  78,1394, 63,1093,1194,  2580,  48,   0,  11,15684
10:57:12,1803,  75,1352, 61,1079,1164,  2585,  48,   0,  11,15697
10:57:22,1800,  76,1368, 61,1085,1177,  2590,  48,   0,  11,15712
10:57:32,1806,  75,1354, 61,1079,1164,  2590,  48,   0,  11,15726
10:57:42,1806,  75,1354, 61,1085,1177,  2595,  48,   0,  11,15742
10:57:52,1806,  76,1372, 61,1087,1181,  2600,  48,   0,  11,15760
10:58:02,1803,  76,1370, 61,1087,1181,  2600,  48,   0,  11,15775
10:58:12,1806,  75,1354, 61,1085,1177,  2605,  48,   0,  11,15793
10:58:22,1803,  75,1352, 61,1085,1177,  2610,  48,   0,  11,15807
10:58:32,1806,  75,1354, 61,1079,1164,  2610,  48,   0,  11,15823
10:58:42,1806,  75,1354, 61,1079,1164,  2615,  48,   0,  11,15839
10:58:52,1806,  76,1372, 61,1085,1177,  2615,  48,   0,  11,15855
10:59:02,1800,  75,1350, 61,1082,1170,  2620,  48,   0,  11,15869
10:59:12,1806,  75,1354, 61,1079,1164,  2625,  48,   0,  11,15884
10:59:22,1803,  76,1370, 61,1079,1164,  2625,  48,   0,  11,15899
10:59:32,1800,  75,1350, 61,1082,1170,  2630,  48,   0,  11,15913
10:59:42,1803,  75,1352, 61,1079,1164,  2635,  48,   0,  11,15924
10:59:52,1780,  81,1441, 64,1108,1227,  2635,  48,   0,  11,15943
11:00:02,1800,  75,1350, 62,1076,1157,  2640,  48,   0,  11,15960
11:00:12,1806,  75,1354, 61,1082,1170,  2645,  48,   0,  11,15980
11:00:22,1788,  77,1376, 62,1093,1194,  2645,  48,   0,  11,15998
11:00:32,1780,  81,1441, 64,1111,1234,  2650,  48,   0,  11,16018
11:00:42,1753,  86,1507, 66,1137,1292,  2655,  48,   0,  11,16035
11:00:52,1777,  80,1421, 64,1108,1227,  2655,  48,   0,  11,16049
11:01:02,1780,  81,1441, 64,1111,1234,  2660,  48,   0,  11,16062
11:01:12,1803,  75,1352, 61,1082,1170,  2665,  48,   0,  11,16077
11:01:22,1791,  77,1379, 63,1093,1194,  2665,  48,   0,  11,16096
11:01:32,1794,  78,1399, 63,1096,1201,  2670,  48,   0,  11,16115
11:01:42,1791,  78,1396, 62,1096,1201,  2675,  48,   0,  11,16135
11:01:52,1788,  78,1394, 63,1096,1201,  2675,  48,   0,  11,16150
11:02:02,1782,  81,1443, 64,1111,1234,  2680,  48,   0,  11,16169
11:02:12,1806,  75,1354, 61,1079,1164,  2685,  48,   0,  11,16184
11:02:22,1791,  78,1396, 63,1093,1194,  2685,  48,   0,  11,16201
11:02:32,1782,  81,1443, 64,1114,1240,  2690,  48,   0,  11,16220
11:02:42,1780,  81,1441, 64,1114,1240,  2695,  48,   0,  11,16237
11:02:52,1782,  81,1443, 65,1111,1234,  2695,  48,   0,  11,16257
11:03:02,1765,  83,1464, 65,1126,1267,  2700,  48,   0,  11,16276
11:03:12,1791,  78,1396, 63,1093,1194,  2705,  48,   0,  11,16291
11:03:22,1788,  78,1394, 63,1099,1207,  2705,  48,   0,  11,16302
11:03:32,1803,  76,1370, 61,1082,1170,  2710,  48,   0,  11,16320
11:03:42,1806,  75,1354, 61,1082,1170,  2715,  48,   0,  11,16340
11:03:52,1800,  75,1350, 61,1079,1164,  2715,  48,   0,  11,16360
11:04:02,1800,  75,1350, 61,1082,1170,  2720,  48,   0,  11,16379
11:04:12,1800,  75,1350, 61,1076,1157,  2725,  48,   0,  11,16397
11:04:22,1800,  75,1350, 61,1082,1170,  2725,  48,   0,  11,16417
11:04:32,1803,  75,1352, 61,1082,1170,  2730,  48,   0,  11,16437
11:04:42,1800,  75,1350, 61,1076,1157,  2735,  48,   0,  11,16457
11:04:52,1800,  75,1350, 61,1082,1170,  2735,  48,   0,  11,16477
11:05:02,1800,  75,1350, 61,1076,1157,  2740,  48,   0,  11,16497
11:05:13,1797,  76,1365, 61,1076,1157,  2745,  48,   0,  11,16517
11:05:23,1797,  75,1347, 61,1076,1157,  2745,  48,   0,  11,16537
11:05:33,1800,  75,1350, 61,1079,1164,  2750,  48,   0,  11,16557
11:05:43,1800,  75,1350, 61,1082,1170,  2755,  48,   0,  11,16576
11:05:53,1794,  75,1345, 61,1079,1164,  2755,  48,   0,  11,16596
11:06:03,1800,  75,1350, 61,1079,1164,  2760,  48,   0,  11,16616
11:06:13,1797,  75,1347, 61,1079,1164,  2760,  48,   0,  11,16636
11:06:23,1800,  76,1368, 61,1082,1170,  2765,  48,   0,  11,16656
11:06:33,1800,  75,1350, 61,1076,1157,  2770,  48,   0,  11,16676
11:06:43,1800,  75,1350, 61,1085,1177,  2770,  48,   0,  11,16696
11:06:53,1800,  75,1350, 62,1076,1157,  2775,  48,   0,  11,16716
11:07:03,1803,  75,1352, 61,1076,1157,  2780,  48,   0,  11,16734
11:07:13,1803,  75,1352, 61,1082,1170,  2780,  48,   0,  11,16754
11:07:23,1803,  75,1352, 61,1082,1170,  2785,  48,   0,  11,16774
11:07:33,1791,  77,1379, 63,1096,1201,  2790,  48,   0,  11,16793
11:07:43,1803,  75,1352, 62,1079,1164,  2790,  48,   0,  11,16811
11:07:53,1800,  75,1350, 62,1082,1170,  2795,  48,   0,  11,16831
11:08:03,1794,  78,1399, 63,1099,1207,  2800,  48,   0,  11,16851
11:08:13,1800,  75,1350, 62,1085,1177,  2800,  48,   0,  11,16870
11:08:23,1797,  75,1347, 61,1079,1164,  2805,  48,   0,  11,16889
11:08:33,1806,  75,1354, 61,1079,1164,  2810,  48,   0,  11,16909
11:08:43,1803,  75,1352, 61,1076,1157,  2810,  48,   0,  11,16928
11:08:53,1794,  75,1345, 61,1079,1164,  2815,  48,   0,  11,16948
11:09:03,1800,  75,1350, 61,1082,1170,  2820,  48,   0,  11,16968
11:09:13,1797,  75,1347, 61,1082,1170,  2820,  48,   0,  11,16988
11:09:23,1794,  75,1345, 61,1082,1170,  2825,  48,   0,  11,17008
11:09:33,1794,  75,1345, 61,1076,1157,  2825,  48,   0,  11,17028
11:09:43,1797,  75,1347, 61,1076,1157,  2830,  48,   0,  11,17048
11:09:53,1797,  75,1347, 61,1082,1170,  2835,  48,   0,  11,17068
11:10:03,1800,  75,1350, 61,1079,1164,  2835,  48,   0,  11,17088
11:10:13,1806,  75,1354, 62,1082,1170,  2840,  48,   0,  11,17108
11:10:23,1777,  81,1439, 64,1111,1234,  2845,  48,   0,  11,17128
11:10:33,1768,  83,1467, 66,1126,1267,  2845,  48,   0,  11,17144
11:10:43,1753,  86,1507, 67,1140,1299,  2850,  48,   0,  11,17158
11:10:53,1741,  89,1549, 67,1152,1327,  2855,  48,   0,  11,17175
11:11:03,1727,  91,1571, 68,1161,1347,  2860,  48,   0,  11,17190
11:11:13,1724,  91,1568, 68,1164,1354,  2860,  48,   0,  11,17208
11:11:23,1727,  91,1571, 68,1164,1354,  2865,  48,   0,  11,17228
11:11:33,1777,  80,1421, 65,1108,1227,  2870,  48,   0,  11,17247
11:11:43,1780,  81,1441, 63,1108,1227,  2870,  48,   0,  11,17262
11:11:53,1780,  80,1424, 64,1108,1227,  2875,  48,   0,  11,17282
11:12:03,1797,  75,1347, 62,1076,1157,  2880,  48,   0,  11,17299
11:12:13,1788,  78,1394, 63,1096,1201,  2880,  48,   0,  11,17314
11:12:23,1791,  77,1379, 63,1093,1194,  2885,  48,   0,  11,17332
11:12:33,1780,  81,1441, 63,1114,1240,  2890,  48,   0,  11,17347
11:12:43,1803,  75,1352, 62,1079,1164,  2890,  48,   0,  11,17360
11:12:53,1800,  75,1350, 62,1079,1164,  2895,  48,   0,  11,17375
11:13:03,1809,  76,1374, 61,1082,1170,  2900,  48,   0,  11,17388
11:13:13,1803,  75,1352, 62,1082,1170,  2900,  48,   0,  11,17404
11:13:23,1800,  76,1368, 61,1085,1177,  2905,  48,   0,  11,17413
11:13:33,1803,  76,1370, 61,1082,1170,  2910,  48,   0,  11,17425
11:13:43,1791,  77,1379, 63,1093,1194,  2910,  48,   0,  11,17442
11:13:53,1791,  78,1396, 63,1096,1201,  2915,  48,   0,  11,17462
11:14:03,1800,  75,1350, 61,1079,1164,  2920,  48,   0,  11,17477
11:14:13,1800,  76,1368, 61,1082,1170,  2920,  48,   0,  11,17495
11:14:23,1800,  76,1368, 61,1085,1177,  2925,  48,   0,  11,17511
11:14:33,1800,  75,1350, 61,1079,1164,  2930,  48,   0,  11,17523
11:14:43,1800,  75,1350, 61,1079,1164,  2930,  48,   0,  11,17538
11:14:53,1797,  75,1347, 61,1079,1164,  2935,  48,   0,  11,17553
11:15:03,1800,  76,1368, 61,1076,1157,  2940,  48,   0,  11,17568
11:15:13,1791,  78,1396, 63,1093,1194,  2940,  48,   0,  11,17584
11:15:23,1803,  76,1370, 62,1082,1170,  2945,  48,   0,  11,17601
11:15:33,1794,  75,1345, 62,1079,1164,  2950,  48,   0,  11,17620
11:15:43,1794,  75,1345, 61,1073,1151,  2950,  48,   0,  11,17639
11:15:53,1797,  75,1347, 61,1082,1170,  2955,  48,   0,  11,17659
11:16:03,1800,  75,1350, 61,1079,1164,  2960,  48,   0,  11,17679
11:16:13,1800,  75,1350, 62,1076,1157,  2960,  48,   0,  11,17698
11:16:23,1794,  75,1345, 61,1079,1164,  2965,  48,   0,  11,17716
11:16:33,1794,  75,1345, 61,1079,1164,  2965,  48,   0,  11,17736
11:16:43,1797,  75,1347, 61,1079,1164,  2970,  48,   0,  11,17754
11:16:53,1785,  77,1374, 62,1093,1194,  2975,  48,   0,  11,17772
11:17:03,1774,  80,1419, 64,1108,1227,  2975,  48,   0,  11,17790
11:17:13,1788,  78,1394, 63,1093,1194,  2980,  48,   0,  11,17810
11:17:23,1791,  75,1343, 62,1076,1157,  2985,  48,   0,  11,17828
11:17:34,1800,  75,1350, 61,1076,1157,  2985,  48,   0,  11,17842
11:17:44,1791,  75,1343, 62,1076,1157,  2990,  48,   0,  11,17857
11:17:54,1774,  81,1436, 65,1108,1227,  2995,  48,   0,  11,17875
11:18:04,1771,  80,1416, 64,1105,1221,  2995,  48,   0,  11,17887
11:18:14,1791,  75,1343, 61,1073,1151,  3000,  48,   0,  11,17901
11:18:24,1782,  77,1372, 62,1090,1188,  3005,  48,   0,  11,17921
11:18:34,1777,  77,1368, 62,1087,1181,  3005,  48,   0,  11,17940
11:18:44,1791,  75,1343, 62,1076,1157,  3010,  48,   0,  11,17955
11:18:54,1788,  75,1341, 62,1073,1151,  3015,  48,   0,  11,17972
11:19:04,1791,  75,1343, 61,1073,1151,  3015,  48,   0,  11,17992
11:19:14,1771,  80,1416, 65,1102,1214,  3020,  48,   0,  11,18012
11:19:24,1733,  88,1525, 68,1146,1313,  3025,  48,   0,  11,18032
11:19:34,1700,  93,1581, 71,1167,1361,  3025,  48,   0,  11,18051
11:19:44,1715,  91,1560, 68,1155,1334,  3030,  48,   0,  11,18067
11:19:54,1744,  85,1482, 66,1131,1279,  3035,  48,   0,  11,18082
11:20:04,1771,  80,1416, 64,1102,1214,  3040,  48,   0,  11,18100
11:20:14,1771,  80,1416, 64,1105,1221,  3040,  48,   0,  11,18119
11:20:24,1788,  75,1341, 62,1073,1151,  3045,  48,   0,  11,18137
11:20:34,1794,  75,1345, 62,1073,1151,  3050,  48,   0,  11,18156
11:20:44,1768,  81,1432, 64,1108,1227,  3050,  48,   0,  11,18172
11:20:54,1774,  80,1419, 64,1108,1227,  3055,  48,   0,  11,18191
11:21:04,1780,  78,1388, 63,1090,1188,  3060,  48,   0,  11,18208
11:21:14,1768,  80,1414, 65,1108,1227,  3060,  48,   0,  11,18223
11:21:24,1791,  75,1343, 61,1076,1157,  3065,  48,   0,  11,18241
11:21:34,1791,  75,1343, 61,1076,1157,  3070,  48,   0,  11,18260
11:21:44,1782,  77,1372, 63,1093,1194,  3070,  48,   0,  11,18278
11:21:54,1791,  75,1343, 62,1073,1151,  3075,  48,   0,  11,18298
11:22:04,1791,  75,1343, 61,1076,1157,  3075,  48,   0,  11,18313
11:22:14,1788,  75,1341, 61,1073,1151,  3080,  48,   0,  11,18333
11:22:24,1797,  75,1347, 61,1076,1157,  3085,  48,   0,  11,18352
11:22:34,1785,  77,1374, 62,1093,1194,  3085,  48,   0,  11,18372
11:22:44,1780,  77,1370, 63,1090,1188,  3090,  48,   0,  11,18392
11:22:54,1791,  75,1343, 62,1079,1164,  3095,  48,   0,  11,18410
11:23:04,1785,  77,1374, 62,1093,1194,  3095,  48,   0,  11,18429
11:23:14,1782,  77,1372, 62,1093,1194,  3100,  48,   0,  11,18447
11:23:24,1780,  81,1441, 63,1111,1234,  3105,  48,   0,  11,18467
11:23:34,1785,  78,1392, 63,1093,1194,  3105,  48,   0,  11,18485
11:23:44,1753,  86,1507, 66,1134,1285,  3110,  48,   0,  11,18505
11:23:54,1718,  91,1563, 69,1158,1340,  3115,  48,   0,  11,18522
11:24:04,1727,  91,1571, 69,1161,1347,  3115,  48,   0,  11,18541
11:24:14,1762,  83,1462, 66,1123,1261,  3120,  48,   0,  11,18552
11:24:24,1765,  83,1464, 66,1126,1267,  3125,  48,   0,  11,18569
11:24:34,1771,  80,1416, 64,1102,1214,  3130,  48,   0,  11,18586
11:24:44,1762,  83,1462, 66,1120,1254,  3130,  48,   0,  11,18604
11:24:54,1736,  88,1527, 68,1143,1306,  3135,  48,   0,  11,18620
11:25:04,1747,  86,1502, 67,1137,1292,  3140,  48,   0,  11,18637
11:25:14,1777,  81,1439, 65,1111,1234,  3140,  48,   0,  11,18651
11:25:24,1774,  80,1419, 64,1108,1227,  3145,  48,   0,  11,18660
11:25:34,1791,  75,1343, 61,1076,1157,  3150,  48,   0,  11,18678
11:25:44,1774,  81,1436, 64,1105,1221,  3150,  48,   0,  11,18696
11:25:54,1747,  85,1484, 66,1129,1274,  3155,  48,   0,  11,18711
11:26:04,1777,  77,1368, 62,1090,1188,  3160,  48,   0,  11,18730
11:26:14,1771,  80,1416, 64,1105,1221,  3160,  48,   0,  11,18750
11:26:24,1768,  80,1414, 65,1105,1221,  3165,  48,   0,  11,18764
11:26:34,1759,  83,1459, 65,1123,1261,  3170,  48,   0,  11,18782
11:26:44,1782,  77,1372, 63,1090,1188,  3175,  48,   0,  11,18796
11:26:54,1777,  77,1368, 63,1087,1181,  3175,  48,   0,  11,18816
11:27:04,1788,  75,1341, 62,1076,1157,  3180,  48,   0,  11,18835
11:27:14,1788,  75,1341, 61,1070,1144,  3180,  48,   0,  11,18854
11:27:24,1791,  75,1343, 61,1073,1151,  3185,  48,   0,  11,18874
11:27:34,1785,  75,1338, 61,1070,1144,  3190,  48,   0,  11,18894
11:27:44,1785,  74,1320, 61,1070,1144,  3190,  48,   0,  11,18914
11:27:54,1791,  75,1343, 61,1073,1151,  3195,  48,   0,  11,18934
11:28:04,1788,  75,1341, 61,1070,1144,  3200,  48,   0,  11,18954
11:28:14,1782,  74,1318, 61,1073,1151,  3200,  48,   0,  11,18974
11:28:24,1788,  74,1323, 61,1070,1144,  3205,  48,   0,  11,18994
11:28:34,1782,  74,1318, 61,1073,1151,  3210,  48,   0,  11,19014
11:28:44,1788,  74,1323, 61,1070,1144,  3210,  48,   0,  11,19034
11:28:54,1788,  74,1323, 61,1073,1151,  3215,  48,   0,  11,19054
11:29:04,1782,  74,1318, 61,1073,1151,  3215,  48,   0,  11,19074
11:29:14,1788,  75,1341, 61,1076,1157,  3220,  48,   0,  11,19092
11:29:24,1785,  75,1338, 61,1076,1157,  3225,  48,   0,  11,19111
11:29:34,1788,  75,1341, 61,1070,1144,  3225,  48,   0,  11,19131
11:29:45,1782,  74,1318, 61,1070,1144,  3230,  48,   0,  11,19151
11:29:55,1788,  75,1341, 61,1070,1144,  3235,  48,   0,  11,19171
11:30:05,1785,  74,1320, 61,1076,1157,  3235,  48,   0,  11,19191
11:30:15,1785,  74,1320, 61,1067,1138,  3240,  48,   0,  11,19211
11:30:25,1782,  75,1336, 61,1070,1144,  3245,  48,   0,  11,19231
11:30:35,1785,  75,1338, 61,1073,1151,  3245,  48,   0,  11,19251
11:30:45,1788,  75,1341, 61,1073,1151,  3250,  48,   0,  11,19271
11:30:55,1788,  75,1341, 61,1070,1144,  3250,  48,   0,  11,19291
11:31:05,1788,  75,1341, 61,1076,1157,  3255,  48,   0,  11,19311
11:31:15,1785,  75,1338, 61,1073,1151,  3260,  48,   0,  11,19331
11:31:25,1782,  75,1336, 61,1073,1151,  3260,  48,   0,  11,19351
11:31:35,1788,  75,1341, 61,1070,1144,  3265,  48,   0,  11,19371
11:31:45,1788,  75,1341, 61,1073,1151,  3270,  48,   0,  11,19391
11:31:55,1785,  75,1338, 61,1073,1151,  3270,  48,   0,  11,19411
11:32:05,1782,  74,1318, 61,1067,1138,  3275,  48,   0,  11,19430
11:32:15,1782,  75,1336, 61,1073,1151,  3280,  48,   0,  11,19449
11:32:25,1782,  74,1318, 61,1073,1151,  3280,  48,   0,  11,19468
11:32:35,1780,  74,1317, 61,1070,1144,  3285,  48,   0,  11,19487
11:32:45,1785,  74,1320, 61,1073,1151,  3285,  48,   0,  11,19507
11:32:55,1785,  75,1338, 61,1070,1144,  3290,  48,   0,  11,19526
11:33:05,1782,  74,1318, 61,1070,1144,  3295,  48,   0,  11,19545
11:33:15,1785,  75,1338, 61,1067,1138,  3295,  48,   0,  11,19562
11:33:25,1780,  74,1317, 61,1070,1144,  3300,  48,   0,  11,19579
11:33:35,1782,  74,1318, 61,1064,1132,  3305,  48,   0,  11,19596
11:33:45,1782,  74,1318, 61,1064,1132,  3305,  48,   0,  11,19613
11:33:55,1788,  74,1323, 61,1070,1144,  3310,  48,   0,  11,19632
11:34:05,1782,  75,1336, 61,1070,1144,  3315,  48,   0,  11,19651
11:34:15,1782,  75,1336, 61,1073,1151,  3315,  48,   0,  11,19669
11:34:25,1782,  75,1336, 61,1073,1151,  3320,  48,   0,  11,19685
11:34:35,1780,  74,1317, 61,1064,1132,  3320,  48,   0,  11,19702
11:34:45,1780,  74,1317, 61,1070,1144,  3325,  48,   0,  11,19718
11:34:55,1782,  74,1318, 61,1070,1144,  3330,  48,   0,  11,19730
11:35:05,1782,  74,1318, 61,1067,1138,  3330,  48,   0,  11,19742
11:35:15,1782,  74,1318, 61,1067,1138,  3335,  48,   0,  11,19758
11:35:25,1774,  74,1312, 62,1061,1125,  3340,  48,   0,  11,19773
11:35:35,1774,  74,1312, 62,1064,1132,  3340,  48,   0,  11,19791
11:35:45,1768,  77,1361, 63,1082,1170,  3345,  48,   0,  11,19808
11:35:55,1774,  74,1312, 62,1064,1132,  3350,  48,   0,  11,19823
11:36:05,1777,  74,1314, 62,1064,1132,  3350,  48,   0,  11,19842
11:36:15,1774,  74,1312, 62,1064,1132,  3355,  48,   0,  11,19859
11:36:25,1765,  77,1359, 62,1082,1170,  3355,  48,   0,  11,19879
11:36:35,1780,  74,1317, 61,1064,1132,  3360,  48,   0,  11,19894
11:36:45,1774,  74,1312, 61,1064,1132,  3365,  48,   0,  11,19909
11:36:55,1777,  75,1332, 61,1070,1144,  3365,  48,   0,  11,19924
11:37:05,1777,  75,1332, 61,1067,1138,  3370,  48,   0,  11,19939
11:37:15,1780,  74,1317, 61,1067,1138,  3375,  48,   0,  11,19956
11:37:25,1777,  74,1314, 61,1067,1138,  3375,  48,   0,  11,19973
11:37:35,1777,  74,1314, 61,1067,1138,  3380,  48,   0,  11,19986
11:37:45,1780,  74,1317, 61,1070,1144,  3385,  48,   0,  11,20003
11:37:55,1782,  74,1318, 61,1064,1132,  3385,  48,   0,  11,20017
11:38:05,1780,  74,1317, 61,1064,1132,  3390,  48,   0,  11,20033
11:38:15,1777,  74,1314, 61,1061,1125,  3390,  48,   0,  11,20049
11:38:25,1777,  74,1314, 61,1064,1132,  3395,  48,   0,  11,20065
11:38:35,1777,  74,1314, 62,1064,1132,  3400,  48,   0,  11,20080
11:38:45,1780,  74,1317, 61,1067,1138,  3400,  48,   0,  11,20096
11:38:55,1782,  74,1318, 61,1070,1144,  3405,  48,   0,  11,20113
11:39:05,1777,  74,1314, 61,1067,1138,  3410,  48,   0,  11,20129
11:39:15,1780,  74,1317, 61,1064,1132,  3410,  48,   0,  11,20145
11:39:25,1780,  74,1317, 61,1067,1138,  3415,  48,   0,  11,20164
11:39:35,1780,  74,1317, 61,1070,1144,  3415,  48,   0,  11,20184
11:39:45,1785,  75,1338, 61,1070,1144,  3420,  48,   0,  11,20201
11:39:55,1780,  74,1317, 61,1067,1138,  3425,  48,   0,  11,20218
11:40:05,1780,  74,1317, 61,1067,1138,  3425,  48,   0,  11,20236
11:40:15,1780,  74,1317, 61,1067,1138,  3430,  48,   0,  11,20255
11:40:25,1780,  74,1317, 61,1070,1144,  3435,  48,   0,  11,20271
11:40:35,1780,  74,1317, 61,1064,1132,  3435,  48,   0,  11,20290
11:40:45,1782,  74,1318, 61,1067,1138,  3440,  48,   0,  11,20307
11:40:55,1777,  74,1314, 61,1067,1138,  3445,  48,   0,  11,20322
11:41:05,1777,  74,1314, 61,1061,1125,  3445,  48,   0,  11,20337
11:41:15,1777,  74,1314, 61,1064,1132,  3450,  48,   0,  11,20353
11:41:25,1780,  74,1317, 61,1067,1138,  3450,  48,   0,  11,20366
11:41:35,1777,  74,1314, 61,1061,1125,  3455,  48,   0,  11,20381
11:41:45,1774,  74,1312, 61,1064,1132,  3460,  48,   0,  11,20396
11:41:56,1780,  74,1317, 61,1064,1132,  3460,  48,   0,  11,20408
11:42:06,1777,  74,1314, 61,1061,1125,  3465,  48,   0,  11,20421
11:42:16,1747,  79,1380, 64,1087,1181,  3470,  48,   0,  11,20437
11:42:26,1753,  79,1384, 63,1096,1201,  3470,  48,   0,  11,20456
11:42:36,1756,  76,1334, 63,1076,1157,  3475,  48,   0,  11,20475
11:42:46,1774,  74,1312, 61,1061,1125,  3475,  48,   0,  11,20490
11:42:56,1756,  76,1334, 63,1073,1151,  3480,  48,   0,  11,20510
11:43:06,1759,  76,1336, 63,1073,1151,  3485,  48,   0,  11,20529
11:43:16,1762,  77,1356, 63,1079,1164,  3485,  48,   0,  11,20545
11:43:26,1762,  77,1356, 63,1079,1164,  3490,  48,   0,  11,20564
11:43:36,1768,  74,1308, 62,1064,1132,  3495,  48,   0,  11,20581
11:43:46,1762,  77,1356, 63,1073,1151,  3495,  48,   0,  11,20601
11:43:56,1774,  74,1312, 61,1061,1125,  3500,  48,   0,  11,20617
11:44:06,1771,  74,1310, 61,1061,1125,  3505,  48,   0,  11,20631
11:44:16,1777,  74,1314, 61,1067,1138,  3505,  48,   0,  11,20646
11:44:26,1774,  74,1312, 61,1061,1125,  3510,  48,   0,  11,20663
11:44:36,1774,  74,1312, 61,1067,1138,  3510,  48,   0,  11,20681
11:44:46,1777,  74,1314, 61,1067,1138,  3515,  48,   0,  11,20701
11:44:56,1774,  74,1312, 61,1061,1125,  3520,  48,   0,  11,20721
11:45:06,1777,  74,1314, 61,1067,1138,  3520,  48,   0,  11,20741
11:45:16,1777,  74,1314, 61,1061,1125,  3525,  48,   0,  11,20760
11:45:26,1774,  74,1312, 61,1067,1138,  3530,  48,   0,  11,20780
11:45:36,1777,  74,1314, 61,1067,1138,  3530,  48,   0,  11,20797
11:45:46,1771,  74,1310, 61,1061,1125,  3535,  48,   0,  11,20815
11:45:56,1774,  74,1312, 61,1064,1132,  3540,  48,   0,  11,20833
11:46:06,1774,  74,1312, 61,1064,1132,  3540,  48,   0,  11,20851
11:46:16,1774,  74,1312, 61,1061,1125,  3545,  48,   0,  11,20870
11:46:26,1780,  74,1317, 61,1067,1138,  3545,  48,   0,  11,20888
11:46:36,1777,  74,1314, 61,1061,1125,  3550,  48,   0,  11,20907
11:46:46,1777,  74,1314, 61,1064,1132,  3555,  48,   0,  11,20927
11:46:56,1771,  74,1310, 61,1061,1125,  3555,  48,   0,  11,20946
11:47:06,1774,  74,1312, 61,1064,1132,  3560,  48,   0,  11,20966
11:47:16,1780,  75,1335, 61,1064,1132,  3565,  48,   0,  11,20985
11:47:26,1774,  74,1312, 61,1061,1125,  3565,  48,   0,  11,21004
11:47:36,1777,  74,1314, 61,1067,1138,  3570,  48,   0,  11,21022
11:47:46,1777,  74,1314, 61,1061,1125,  3570,  48,   0,  11,21041
11:47:56,1777,  74,1314, 61,1061,1125,  3575,  48,   0,  11,21060
11:48:06,1774,  74,1312, 61,1064,1132,  3580,  48,   0,  11,21080
11:48:16,1774,  74,1312, 61,1064,1132,  3580,  48,   0,  11,21100
11:48:26,1780,  74,1317, 61,1061,1125,  3585,  48,   0,  11,21120
11:48:36,1777,  74,1314, 61,1064,1132,  3590,  48,   0,  11,21140
11:48:46,1780,  74,1317, 61,1070,1144,  3590,  48,   0,  11,21160
11:48:56,1782,  75,1336, 61,1070,1144,  3595,  48,   0,  11,21179
11:49:06,1785,  74,1320, 62,1067,1138,  3595,  48,   0,  11,21198
11:49:16,1788,  74,1323, 61,1067,1138,  3600,  48,   0,  11,21218
11:49:26,1782,  75,1336, 61,1070,1144,  3605,  48,   0,  11,21237
11:49:36,1774,  77,1365, 62,1085,1177,  3605,  48,   0,  11,21257
11:49:46,1782,  74,1318, 61,1070,1144,  3610,  48,   0,  11,21268
11:49:56,1782,  74,1318, 61,1067,1138,  3615,  48,   0,  11,21284
11:50:06,1780,  74,1317, 61,1064,1132,  3615,  48,   0,  11,21303
11:50:16,1782,  75,1336, 61,1067,1138,  3620,  48,   0,  11,21318
11:50:26,1785,  75,1338, 61,1070,1144,  3625,  48,   0,  11,21333
11:50:36,1788,  75,1341, 61,1070,1144,  3625,  48,   0,  11,21348
11:50:46,1785,  74,1320, 61,1067,1138,  3630,  48,   0,  11,21365
11:50:56,1780,  74,1317, 61,1070,1144,  3630,  48,   0,  11,21382
11:51:06,1782,  75,1336, 61,1073,1151,  3635,  48,   0,  11,21399
11:51:16,1785,  75,1338, 61,1070,1144,  3640,  48,   0,  11,21414
11:51:26,1785,  75,1338, 61,1076,1157,  3640,  48,   0,  11,21430
11:51:36,1791,  75,1343, 61,1073,1151,  3645,  48,   0,  11,21449
11:51:46,1791,  75,1343, 61,1076,1157,  3650,  48,   0,  11,21469
11:51:56,1785,  75,1338, 61,1076,1157,  3650,  48,   0,  11,21488
11:52:06,1785,  75,1338, 61,1070,1144,  3655,  48,   0,  11,21508
11:52:16,1791,  75,1343, 61,1073,1151,  3660,  48,   0,  11,21528
11:52:26,1788,  75,1341, 61,1076,1157,  3660,  48,   0,  11,21548
11:52:36,1791,  75,1343, 61,1076,1157,  3665,  48,   0,  11,21568
11:52:46,1788,  75,1341, 61,1070,1144,  3670,  48,   0,  11,21588
11:52:56,1794,  75,1345, 61,1073,1151,  3670,  48,   0,  11,21608
11:53:06,1791,  75,1343, 61,1076,1157,  3675,  48,   0,  11,21628
11:53:16,1791,  75,1343, 61,1079,1164,  3675,  48,   0,  11,21648
11:53:26,1785,  74,1320, 61,1073,1151,  3680,  48,   0,  11,21668
11:53:36,1794,  75,1345, 61,1073,1151,  3685,  48,   0,  11,21688
11:53:46,1791,  75,1343, 61,1070,1144,  3685,  48,   0,  11,21708
11:53:56,1788,  75,1341, 61,1070,1144,  3690,  48,   0,  11,21728
11:54:06,1794,  75,1345, 61,1073,1151,  3695,  48,   0,  11,21748
11:54:17,1788,  75,1341, 61,1073,1151,  3695,  48,   0,  11,21768
11:54:27,1788,  75,1341, 61,1076,1157,  3700,  48,   0,  11,21788
11:54:37,1785,  75,1338, 61,1073,1151,  3705,  48,   0,  11,21808
11:54:47,1788,  75,1341, 61,1073,1151,  3705,  48,   0,  11,21827
11:54:57,1788,  75,1341, 61,1076,1157,  3710,  48,   0,  11,21847
11:55:07,1782,  75,1336, 61,1067,1138,  3710,  48,   0,  11,21863
11:55:17,1785,  74,1320, 61,1070,1144,  3715,  48,   0,  11,21881
11:55:27,1780,  74,1317, 61,1070,1144,  3720,  48,   0,  11,21894
11:55:37,1780,  74,1317, 61,1064,1132,  3720,  48,   0,  11,21906
11:55:47,1782,  74,1318, 61,1067,1138,  3725,  48,   0,  11,21918
11:55:57,1756,  80,1404, 64,1096,1201,  3730,  48,   0,  11,21934
11:56:07,1774,  74,1312, 61,1064,1132,  3730,  48,   0,  11,21950
11:56:17,1777,  74,1314, 61,1064,1132,  3735,  48,   0,  11,21969
11:56:27,1777,  74,1314, 61,1064,1132,  3740,  48,   0,  11,21988
11:56:37,1753,  80,1402, 65,1093,1194,  3740,  48,   0,  11,22008
11:56:47,1730,  85,1470, 66,1120,1254,  3745,  48,   0,  11,22023
11:56:57,1709,  87,1486, 68,1131,1279,  3750,  48,   0,  11,22039
11:57:07,1712,  87,1489, 68,1131,1279,  3750,  48,   0,  11,22059
11:57:17,1727,  85,1467, 67,1123,1261,  3755,  48,   0,  11,22074
11:57:27,1724,  84,1448, 66,1117,1247,  3760,  48,   0,  11,22092
11:57:37,1753,  79,1384, 64,1090,1188,  3760,  48,   0,  11,22107
11:57:47,1768,  77,1361, 63,1079,1164,  3765,  48,   0,  11,22121
11:57:57,1762,  77,1356, 62,1079,1164,  3770,  48,   0,  11,22138
11:58:07,1768,  77,1361, 63,1079,1164,  3770,  48,   0,  11,22158
11:58:17,1780,  74,1317, 62,1067,1138,  3775,  48,   0,  11,22177
11:58:27,1741,  82,1427, 65,1108,1227,  3780,  48,   0,  11,22195
11:58:37,1730,  85,1470, 66,1117,1247,  3780,  48,   0,  11,22208
11:58:47,1715,  87,1492, 68,1129,1274,  3785,  48,   0,  11,22221
11:58:57,1695,  89,1508, 69,1140,1299,  3790,  48,   0,  11,22238
11:59:07,1727,  85,1467, 67,1120,1254,  3790,  48,   0,  11,22254
11:59:17,1715,  87,1492, 68,1134,1285,  3795,  48,   0,  11,22267
11:59:27,1724,  84,1448, 66,1117,1247,  3800,  48,   0,  11,22282
11:59:37,1727,  85,1467, 66,1117,1247,  3805,  48,   0,  11,22301
11:59:47,1739,  82,1425, 65,1108,1227,  3805,  48,   0,  11,22317
11:59:57,1753,  79,1384, 65,1093,1194,  3810,  48,   0,  11,22332
12:00:07,1739,  82,1425, 65,1111,1234,  3815,  48,   0,  11,22348
12:00:17,1741,  82,1427, 65,1105,1221,  3815,  48,   0,  11,22365
12:00:27,1768,  77,1361, 62,1085,1177,  3820,  48,   0,  11,22381
12:00:37,1771,  77,1363, 63,1085,1177,  3825,  48,   0,  11,22400
12:00:47,1768,  77,1361, 63,1082,1170,  3825,  48,   0,  11,22418
12:00:57,1768,  77,1361, 63,1082,1170,  3830,  48,   0,  11,22437
12:01:07,1777,  74,1314, 61,1067,1138,  3835,  48,   0,  11,22454
12:01:17,1774,  74,1312, 61,1061,1125,  3835,  48,   0,  11,22469
12:01:27,1771,  74,1310, 61,1067,1138,  3840,  48,   0,  11,22484
12:01:37,1774,  74,1312, 61,1064,1132,  3840,  48,   0,  11,22496
12:01:47,1777,  74,1314, 61,1064,1132,  3845,  48,   0,  11,22508
12:01:57,1771,  74,1310, 62,1058,1119,  3850,  48,   0,  11,22519
12:02:07,1747,  79,1380, 64,1087,1181,  3850,  48,   0,  11,22537
12:02:17,1777,  74,1314, 61,1058,1119,  3855,  48,   0,  11,22551
12:02:27,1759,  77,1354, 63,1076,1157,  3860,  48,   0,  11,22570
12:02:37,1747,  79,1380, 64,1090,1188,  3860,  48,   0,  11,22589
12:02:47,1762,  76,1339, 63,1076,1157,  3865,  48,   0,  11,22606
12:02:57,1777,  74,1314, 62,1061,1125,  3865,  48,   0,  11,22623
12:03:07,1765,  77,1359, 63,1079,1164,  3870,  48,   0,  11,22640
12:03:17,1774,  74,1312, 62,1061,1125,  3875,  48,   0,  11,22657
12:03:27,1753,  79,1384, 64,1096,1201,  3875,  48,   0,  11,22672
12:03:37,1733,  82,1421, 65,1102,1214,  3880,  48,   0,  11,22690
12:03:47,1759,  77,1354, 62,1079,1164,  3885,  48,   0,  11,22703
12:03:57,1762,  77,1356, 63,1079,1164,  3885,  48,   0,  11,22721
12:04:07,1753,  76,1332, 63,1073,1151,  3890,  48,   0,  11,22740
12:04:17,1744,  79,1377, 64,1087,1181,  3895,  48,   0,  11,22759
12:04:27,1759,  77,1354, 63,1082,1170,  3895,  48,   0,  11,22778
12:04:37,1771,  74,1310, 61,1061,1125,  3900,  48,   0,  11,22797
12:04:47,1744,  79,1377, 65,1087,1181,  3905,  48,   0,  11,22817
12:04:57,1721,  84,1445, 67,1117,1247,  3905,  48,   0,  11,22834
12:05:07,1703,  87,1481, 67,1126,1267,  3910,  48,   0,  11,22853
12:05:17,1703,  87,1481, 67,1126,1267,  3915,  48,   0,  11,22870
12:05:27,1721,  84,1445, 67,1114,1240,  3915,  48,   0,  11,22884
12:05:37,1706,  87,1484, 68,1126,1267,  3920,  48,   0,  11,22901
12:05:47,1697,  90,1527, 69,1143,1306,  3925,  48,   0,  11,22920
12:05:57,1739,  82,1425, 66,1108,1227,  3930,  48,   0,  11,22933
12:06:07,1762,  76,1339, 63,1079,1164,  3930,  48,   0,  11,22948
12:06:17,1765,  77,1359, 63,1082,1170,  3935,  48,   0,  11,22966
12:06:28,1759,  77,1354, 63,1076,1157,  3935,  48,   0,  11,22985
12:06:38,1759,  76,1336, 63,1076,1157,  3940,  48,   0,  11,23004
12:06:48,1756,  79,1387, 64,1093,1194,  3945,  48,   0,  11,23024
12:06:58,1777,  74,1314, 62,1061,1125,  3945,  48,   0,  11,23042
12:07:08,1759,  76,1336, 63,1076,1157,  3950,  48,   0,  11,23059
12:07:18,1747,  79,1380, 64,1087,1181,  3955,  48,   0,  11,23076
12:07:28,1774,  74,1312, 61,1058,1119,  3955,  48,   0,  11,23093
12:07:38,1747,  79,1380, 64,1087,1181,  3960,  48,   0,  11,23110
12:07:48,1777,  74,1314, 62,1064,1132,  3965,  48,   0,  11,23126
12:07:58,1777,  74,1314, 62,1061,1125,  3965,  48,   0,  11,23144
12:08:08,1771,  74,1310, 62,1064,1132,  3970,  48,   0,  11,23158
12:08:18,1777,  74,1314, 61,1064,1132,  3975,  48,   0,  11,23176
12:08:28,1744,  79,1377, 63,1090,1188,  3975,  48,   0,  11,23192
12:08:38,1762,  77,1356, 63,1076,1157,  3980,  48,   0,  11,23209
12:08:48,1756,  77,1352, 63,1073,1151,  3980,  48,   0,  11,23229
12:08:58,1759,  77,1354, 63,1073,1151,  3985,  48,   0,  11,23247
12:09:08,1777,  74,1314, 61,1061,1125,  3990,  48,   0,  11,23264
12:09:18,1777,  74,1314, 61,1061,1125,  3990,  48,   0,  11,23275
12:09:28,1771,  74,1310, 61,1058,1119,  3995,  48,   0,  11,23290
12:09:38,1744,  79,1377, 64,1087,1181,  4000,  48,   0,  11,23309
12:09:48,1771,  74,1310, 62,1058,1119,  4000,  48,   0,  11,23323
12:09:58,1759,  76,1336, 63,1076,1157,  4005,  48,   0,  11,23338
12:10:08,1756,  76,1334, 63,1076,1157,  4010,  48,   0,  11,23357
12:10:18,1762,  77,1356, 63,1082,1170,  4010,  48,   0,  11,23377
12:10:28,1777,  74,1314, 62,1064,1132,  4015,  48,   0,  11,23396
12:10:38,1762,  77,1356, 63,1079,1164,  4015,  48,   0,  11,23416
12:10:48,1774,  74,1312, 62,1064,1132,  4020,  48,   0,  11,23436
12:10:58,1777,  74,1314, 62,1061,1125,  4025,  48,   0,  11,23446
12:11:08,1774,  74,1312, 61,1061,1125,  4025,  48,   0,  11,23460
12:11:18,1774,  74,1312, 62,1067,1138,  4030,  48,   0,  11,23475
12:11:28,1759,  77,1354, 62,1079,1164,  4035,  48,   0,  11,23493
12:11:38,1777,  74,1314, 61,1061,1125,  4035,  48,   0,  11,23509
12:11:48,1780,  75,1335, 61,1064,1132,  4040,  48,   0,  11,23526
12:11:58,1780,  74,1317, 61,1064,1132,  4045,  48,   0,  11,23543
12:12:08,1768,  74,1308, 61,1061,1125,  4045,  48,   0,  11,23560
12:12:18,1774,  74,1312, 61,1061,1125,  4050,  48,   0,  11,23571
12:12:28,1774,  74,1312, 61,1064,1132,  4050,  48,   0,  11,23585
12:12:38,1756,  76,1334, 63,1073,1151,  4055,  48,   0,  11,23602
12:12:48,1774,  74,1312, 61,1064,1132,  4060,  48,   0,  11,23621
12:12:58,1768,  74,1308, 61,1061,1125,  4060,  48,   0,  11,23635
12:13:08,1759,  77,1354, 63,1079,1164,  4065,  48,   0,  11,23652
12:13:18,1771,  74,1310, 62,1061,1125,  4070,  48,   0,  11,23668
12:13:28,1765,  74,1306, 62,1058,1119,  4070,  48,   0,  11,23688
12:13:38,1771,  74,1310, 62,1061,1125,  4075,  48,   0,  11,23706
12:13:48,1753,  76,1332, 62,1070,1144,  4075,  48,   0,  11,23725
12:13:58,1753,  76,1332, 62,1073,1151,  4080,  48,   0,  11,23744
12:14:08,1771,  74,1310, 62,1064,1132,  4085,  48,   0,  11,23762
12:14:18,1750,  79,1382, 64,1090,1188,  4085,  48,   0,  11,23779
12:14:28,1747,  79,1380, 64,1090,1188,  4090,  48,   0,  11,23791
12:14:38,1727,  81,1398, 66,1099,1207,  4095,  48,   0,  11,23807
12:14:48,1689,  89,1503, 68,1131,1279,  4095,  48,   0,  11,23823
12:14:58,1727,  81,1398, 65,1102,1214,  4100,  48,   0,  11,23840
12:15:08,1733,  82,1421, 65,1102,1214,  4105,  48,   0,  11,23860
12:15:18,1756,  76,1334, 63,1073,1151,  4105,  48,   0,  11,23872
12:15:28,1756,  76,1334, 62,1076,1157,  4110,  48,   0,  11,23891
12:15:38,1744,  79,1377, 63,1087,1181,  4115,  48,   0,  11,23908
12:15:48,1747,  79,1380, 63,1090,1188,  4115,  48,   0,  11,23927
12:15:58,1756,  76,1334, 63,1076,1157,  4120,  48,   0,  11,23947
12:16:08,1771,  74,1310, 61,1058,1119,  4125,  48,   0,  11,23963
12:16:18,1771,  74,1310, 61,1061,1125,  4125,  48,   0,  11,23976
12:16:28,1780,  71,1263, 61,1043,1087,  4130,  49,   0,  11,23992
12:16:38,1771,  74,1310, 62,1058,1119,  4135,  49,   0,  11,24009
12:16:48,1782,  71,1265, 61,1041,1083,  4135,  49,   0,  11,24021
12:16:58,1774,  71,1259, 61,1043,1087,  4140,  49,   0,  11,24034
12:17:08,1765,  74,1306, 62,1061,1125,  4140,  49,   0,  11,24048
12:17:18,1744,  79,1377, 64,1090,1188,  4145,  49,   0,  11,24064
12:17:28,1774,  71,1259, 61,1038,1077,  4150,  49,   0,  11,24078
12:17:38,1768,  74,1308, 61,1058,1119,  4150,  50,   0,  11,24091
12:17:48,1762,  74,1303, 62,1061,1125,  4155,  51,   0,  11,24109
12:17:58,1762,  74,1303, 61,1055,1113,  4155,  52,   0,  11,24124
12:18:08,1765,  74,1306, 61,1058,1119,  4160,  52,   0,  11,24140
12:18:18,1747,  76,1327, 63,1067,1138,  4165,  52,   0,  11,24160
12:18:28,1765,  74,1306, 61,1055,1113,  4165,  54,   0,  11,24176
12:18:38,1771,  71,1257, 61,1043,1087,  4170,  55,   0,  11,24191
12:18:49,1765,  74,1306, 61,1055,1113,  4175,  55,   0,  11,24206
12:18:59,1759,  73,1284, 62,1055,1113,  4175,  59,   0,  11,24218
12:19:09,1771,  71,1257, 61,1043,1087,  4180,  59,   0,  11,24232
12:19:19,1765,  73,1288, 61,1055,1113,  4180,  60,   0,  11,24247
12:19:29,1762,  74,1303, 61,1055,1113,  4185,  62,   0,  11,24260
12:19:39,1777,  71,1261, 61,1041,1083,  4190,  63,   0,  11,24273
12:19:49,1765,  74,1306, 61,1061,1125,  4190,  67,   0,  11,24286
12:19:59,1762,  73,1286, 61,1058,1119,  4195,  68,   0,  11,24302
12:20:09,1759,  74,1301, 62,1055,1113,  4195,  69,   0,  11,24316
12:20:19,1759,  73,1284, 61,1055,1113,  4200,  70,   0,  11,24328
12:20:29,1762,  74,1303, 61,1055,1113,  4205,  71,   0,  11,24340
12:20:39,1759,  74,1301, 62,1052,1106,  4205,  73,   0,  11,24354
12:20:49,1739,  79,1373, 64,1085,1177,  4210,  73,   0,  11,24372
12:20:59,1759,  73,1284, 62,1052,1106,  4215,  73,   0,  11,24388
12:21:09,1747,  76,1327, 63,1067,1138,  4215,  74,   0,  11,24402
12:21:19,1744,  76,1325, 63,1064,1132,  4220,  74,   0,  11,24420
12:21:29,1706,  83,1415, 66,1102,1214,  4220,  74,   0,  11,24439
12:21:39,1718,  81,1391, 65,1093,1194,  4225,  74,   0,  11,24455
12:21:49,1739,  79,1373, 65,1087,1181,  4230,  74,   0,  11,24473
12:21:59,1721,  81,1394, 65,1093,1194,  4230,  74,   0,  11,24490
12:22:09,1747,  76,1327, 62,1070,1144,  4235,  74,   0,  11,24505
12:22:19,1759,  73,1284, 62,1052,1106,  4240,  75,   0,  11,24523
12:22:29,1744,  76,1325, 63,1067,1138,  4240,  75,   0,  11,24542
12:22:39,1730,  79,1366, 64,1079,1164,  4245,  76,   0,  11,24561
12:22:49,1744,  76,1325, 63,1064,1132,  4250,  76,   0,  11,24581
12:22:59,1733,  79,1369, 63,1082,1170,  4250,  76,   0,  11,24598
12:23:09,1730,  79,1366, 63,1079,1164,  4255,  76,   0,  11,24617
12:23:19,1736,  79,1371, 65,1082,1170,  4260,  76,   0,  11,24637
12:23:29,1706,  83,1415, 67,1102,1214,  4260,  76,   0,  11,24656
12:23:39,1730,  79,1366, 64,1082,1170,  4265,  76,   0,  11,24671
12:23:49,1718,  81,1391, 65,1093,1194,  4270,  76,   0,  11,24688
12:23:59,1733,  78,1351, 63,1079,1164,  4270,  76,   0,  11,24703
12:24:09,1747,  73,1275, 62,1049,1100,  4275,  76,   0,  11,24718
12:24:19,1744,  76,1325, 62,1064,1132,  4275,  76,   0,  11,24734
12:24:29,1753,  73,1279, 61,1052,1106,  4280,  76,   0,  11,24752
12:24:39,1741,  76,1323, 63,1067,1138,  4285,  76,   0,  11,24769
12:24:49,1744,  76,1325, 63,1070,1144,  4285,  76,   0,  11,24783
12:24:59,1739,  76,1321, 63,1061,1125,  4290,  76,   0,  11,24796
12:25:09,1744,  76,1325, 63,1064,1132,  4295,  76,   0,  11,24810
12:25:19,1744,  76,1325, 63,1070,1144,  4295,  76,   0,  11,24825
12:25:29,1715,  81,1389, 65,1090,1188,  4300,  76,   0,  11,24843
12:25:39,1733,  79,1369, 64,1082,1170,  4305,  76,   0,  11,24859
12:25:49,1730,  79,1366, 64,1082,1170,  4305,  76,   0,  11,24879
12:25:59,1753,  73,1279, 62,1052,1106,  4310,  76,   0,  11,24896
12:26:09,1762,  74,1303, 62,1055,1113,  4310,  76,   0,  11,24914
12:26:19,1756,  74,1299, 62,1055,1113,  4315,  76,   0,  11,24934
12:26:29,1762,  74,1303, 61,1055,1113,  4320,  76,   0,  11,24954
12:26:39,1759,  74,1301, 61,1058,1119,  4320,  76,   0,  11,24973
12:26:49,1759,  74,1301, 61,1055,1113,  4325,  76,   0,  11,24993
12:26:59,1736,  79,1371, 65,1082,1170,  4330,  76,   0,  11,25013
12:27:09,1739,  79,1373, 65,1082,1170,  4330,  76,   0,  11,25031
12:27:19,1736,  79,1371, 65,1079,1164,  4335,  76,   0,  11,25050
12:27:29,1762,  74,1303, 62,1061,1125,  4335,  76,   0,  11,25066
12:27:39,1762,  74,1303, 62,1058,1119,  4340,  76,   0,  11,25086
12:27:49,1765,  74,1306, 62,1055,1113,  4345,  76,   0,  11,25105
12:27:59,1762,  74,1303, 61,1055,1113,  4345,  76,   0,  11,25122
12:28:09,1762,  73,1286, 61,1055,1113,  4350,  76,   0,  11,25140
12:28:19,1765,  74,1306, 61,1061,1125,  4355,  76,   0,  11,25159
12:28:29,1768,  74,1308, 62,1055,1113,  4355,  76,   0,  11,25178
12:28:39,1750,  76,1330, 63,1070,1144,  4360,  76,   0,  11,25198
12:28:49,1750,  76,1330, 62,1076,1157,  4360,  76,   0,  11,25216
12:28:59,1762,  74,1303, 61,1058,1119,  4365,  76,   0,  11,25235
12:29:09,1762,  74,1303, 61,1055,1113,  4370,  76,   0,  11,25254
12:29:19,1765,  74,1306, 62,1058,1119,  4370,  76,   0,  11,25274
12:29:29,1765,  74,1306, 62,1058,1119,  4375,  76,   0,  11,25293
12:29:39,1759,  73,1284, 62,1055,1113,  4380,  77,   0,  11,25312
12:29:49,1762,  73,1286, 62,1058,1119,  4380,  77,   0,  11,25331
12:29:59,1739,  79,1373, 64,1085,1177,  4385,  77,   0,  11,25345
12:30:09,1753,  76,1332, 64,1070,1144,  4390,  77,   0,  11,25365
12:30:19,1750,  76,1330, 63,1070,1144,  4390,  78,   0,  11,25381
12:30:29,1753,  76,1332, 63,1073,1151,  4395,  78,   0,  11,25400
12:30:39,1739,  79,1373, 64,1082,1170,  4395,  78,   0,  11,25420
12:30:49,1762,  73,1286, 62,1052,1106,  4400,  78,   0,  11,25436
12:31:00,1753,  76,1332, 63,1070,1144,  4405,  78,   0,  11,25455
12:31:10,1753,  76,1332, 63,1067,1138,  4405,  78,   0,  11,25474
12:31:20,1739,  79,1373, 64,1085,1177,  4410,  78,   0,  11,25491
12:31:30,1739,  79,1373, 63,1082,1170,  4415,  78,   0,  11,25502
12:31:40,1759,  73,1284, 62,1058,1119,  4415,  80,   0,  11,25516
12:31:50,1768,  74,1308, 62,1055,1113,  4420,  80,   0,  11,25528
12:32:00,1768,  74,1308, 61,1058,1119,  4425,  80,   0,  11,25542
12:32:10,1768,  74,1308, 61,1052,1106,  4425,  81,   0,  11,25555
12:32:20,1762,  74,1303, 61,1058,1119,  4430,  82,   0,  11,25566
12:32:30,1768,  74,1308, 61,1058,1119,  4430,  84,   0,  11,25580
12:32:40,1771,  74,1310, 61,1058,1119,  4435,  84,   0,  11,25595
12:32:50,1777,  71,1261, 61,1041,1083,  4440,  85,   0,  11,25609
12:33:00,1771,  74,1310, 61,1055,1113,  4440,  86,   0,  11,25625
12:33:10,1768,  74,1308, 61,1058,1119,  4445,  86,   0,  11,25640
12:33:20,1771,  74,1310, 61,1055,1113,  4445,  86,   0,  11,25656
12:33:30,1765,  74,1306, 61,1055,1113,  4450,  86,   0,  11,25674
12:33:40,1765,  74,1306, 61,1055,1113,  4455,  86,   0,  11,25688
12:33:50,1762,  73,1286, 62,1061,1125,  4455,  86,   0,  11,25701
12:34:00,1762,  74,1303, 62,1052,1106,  4460,  87,   0,  11,25714
12:34:10,1768,  73,1290, 62,1055,1113,  4465,  87,   0,  11,25733
12:34:20,1744,  76,1325, 62,1067,1138,  4465,  87,   0,  11,25750
12:34:30,1762,  74,1303, 62,1052,1106,  4470,  87,   0,  11,25769
12:34:40,1756,  73,1281, 62,1049,1100,  4470,  87,   0,  11,25788
12:34:50,1756,  73,1281, 62,1049,1100,  4475,  87,   0,  11,25805
12:35:00,1756,  73,1281, 62,1052,1106,  4480,  88,   0,  11,25823
12:35:10,1741,  76,1323, 63,1067,1138,  4480,  89,   0,  11,25837
12:35:20,1730,  78,1349, 64,1073,1151,  4485,  89,   0,  11,25856
12:35:30,1741,  76,1323, 63,1061,1125,  4490,  89,   0,  11,25876
12:35:40,1744,  76,1325, 62,1064,1132,  4490,  89,   0,  11,25895
12:35:50,1730,  79,1366, 64,1079,1164,  4495,  89,   0,  11,25911
12:36:00,1744,  76,1325, 63,1061,1125,  4495,  90,   0,  11,25929
12:36:10,1739,  76,1321, 63,1058,1119,  4500,  90,   0,  11,25946
12:36:20,1753,  73,1279, 62,1049,1100,  4505,  92,   0,  11,25962
12:36:30,1739,  76,1321, 63,1064,1132,  4505,  92,   0,  11,25982
12:36:40,1706,  77,1313, 64,1064,1132,  4510,  92,   0,  11,26001
12:36:50,1662,  76,1263, 65,1038,1077,  4515,  92,   0,  11,26021
12:37:00,1463,  74,1082, 68, 964, 929,  4515,  92,   0,  11,26040
12:37:10,1363,  71, 967, 68, 909, 826,  4520,  92,   1,  11,26059
12:37:34,1,0,0,0,0,0,0
12:38:00,1,0,0,0,0,0,0
12:38:25,1,0,0,0,0,0,0

