time,VIn,AIn,PIn,PWM,VOut,POut,EnProd,CNT1,CNT2,CNT3,CNT4
11:03:25,0,0,0,0,0,0,0
11:03:25,1,0,0,0,0,0,0
11:03:32,2064,  70,1444, 56,1117,1247,     0,   0,   0,   0,  14
11:03:42,2073,  64,1326, 53,1067,1138,     5,   0,   0,   0,  34
11:03:52,2061,  67,1380, 54,1085,1177,     5,   0,   0,   0,  53
11:04:02,2067,  64,1322, 53,1073,1151,    10,   0,   0,   0,  73
11:04:12,2061,  67,1380, 54,1085,1177,    15,   0,   0,   0,  91
11:04:22,2067,  64,1322, 53,1061,1125,    15,   0,   0,   0, 105
11:04:32,2052,  67,1374, 54,1079,1164,    20,   0,   0,   0, 121
11:04:42,2029,  73,1481, 56,1117,1247,    25,   0,   0,   0, 137
11:04:52,2049,  67,1372, 55,1082,1170,    25,   0,   0,   0, 156
11:05:02,2043,  64,1307, 53,1055,1113,    30,   0,   0,   0, 174
11:05:12,2043,  63,1287, 53,1052,1106,    35,   0,   0,   0, 194
11:05:22,2046,  64,1309, 53,1058,1119,    35,   0,   0,   0, 212
11:05:32,2038,  67,1365, 54,1073,1151,    40,   0,   0,   0, 230
11:05:42,2041,  64,1306, 53,1049,1100,    40,   0,   0,   0, 243
11:05:52,2011,  73,1468, 56,1111,1234,    45,   0,   0,   0, 260
11:06:02,2023,  66,1335, 54,1061,1125,    50,   0,   0,   0, 280
11:06:12,2011,  69,1387, 55,1082,1170,    50,   0,   0,   0, 299
11:06:22,2008,  69,1385, 55,1085,1177,    55,   0,   0,   0, 319
11:06:32,2023,  63,1274, 53,1038,1077,    60,   0,   0,   0, 338
11:06:42,2020,  63,1272, 53,1041,1083,    60,   0,   0,   0, 358
11:06:52,2011,  63,1266, 53,1038,1077,    65,   0,   0,   0, 378
11:07:02,2008,  66,1325, 53,1055,1113,    70,   0,   0,   0, 395
11:07:12,2002,  66,1321, 53,1055,1113,    70,   0,   0,   0, 412
11:07:22,2002,  66,1321, 54,1058,1119,    75,   0,   0,   0, 425
11:07:32,2002,  65,1301, 54,1052,1106,    75,   0,   0,   0, 436
11:07:42,1988,  68,1351, 55,1070,1144,    80,   0,   0,   0, 456
11:07:52,1988,  68,1351, 56,1076,1157,    85,   0,   0,   0, 472
11:08:02,1994,  65,1296, 54,1049,1100,    85,   0,   0,   0, 492
11:08:12,1970,  71,1398, 56,1087,1181,    90,   0,   0,   0, 509
11:08:22,1991,  65,1294, 54,1049,1100,    95,   0,   0,   0, 529
11:08:32,1979,  68,1345, 55,1070,1144,    95,   0,   0,   0, 547
11:08:42,1982,  68,1347, 55,1073,1151,   100,   0,   0,   0, 567
11:08:52,1991,  65,1294, 53,1046,1094,   100,   0,   0,   0, 587
11:09:02,1982,  65,1288, 53,1049,1100,   105,   0,   0,   0, 607
11:09:12,1985,  65,1290, 53,1049,1100,   110,   0,   0,   0, 627
11:09:22,1982,  65,1288, 53,1049,1100,   110,   0,   0,   0, 647
11:09:32,1985,  65,1290, 53,1038,1077,   115,   0,   0,   0, 667
11:09:42,1979,  65,1286, 54,1043,1087,   115,   0,   0,   0, 686
11:09:52,1973,  65,1282, 54,1043,1087,   120,   1,   0,   0, 700
11:10:03,1956,  70,1369, 57,1076,1157,   125,   3,   0,   0, 716
11:10:13,1967,  68,1337, 55,1064,1132,   125,   3,   0,   0, 733
11:10:23,1950,  73,1423, 58,1093,1194,   130,   3,   0,   0, 753
11:10:33,1973,  65,1282, 54,1035,1071,   135,   3,   0,   0, 771
11:10:43,1953,  74,1445, 57,1096,1201,   135,   3,   0,   0, 790
11:10:53,1944,  74,1438, 58,1099,1207,   140,   3,   0,   0, 809
11:11:03,1961,  68,1333, 55,1055,1113,   140,   3,   0,   0, 828
11:11:13,1947,  70,1362, 57,1079,1164,   145,   3,   0,   0, 848
11:11:23,1926,  76,1463, 59,1108,1227,   150,   3,   0,   0, 867
11:11:33,1935,  73,1412, 58,1087,1181,   150,   3,   0,   0, 887
11:11:43,1932,  73,1410, 58,1085,1177,   155,   3,   0,   0, 905
11:11:53,1950,  67,1306, 56,1046,1094,   160,   3,   0,   0, 924
11:12:03,1947,  67,1304, 55,1049,1100,   160,   3,   0,   0, 939
11:12:13,1929,  73,1408, 58,1090,1188,   165,   3,   0,   0, 958
11:12:23,1941,  67,1300, 56,1049,1100,   170,   3,   0,   0, 978
11:12:33,1944,  67,1302, 56,1046,1094,   170,   4,   0,   0, 992
11:12:43,1929,  70,1350, 56,1061,1125,   175,   4,   0,   0,1012
11:12:53,1932,  70,1352, 56,1058,1119,   175,   5,   0,   0,1031
11:13:03,1941,  67,1300, 56,1046,1094,   180,   5,   0,   0,1049
11:13:13,1932,  70,1352, 57,1064,1132,   185,   5,   0,   0,1069
11:13:23,1935,  67,1296, 55,1041,1083,   185,   5,   0,   0,1088
11:13:33,1923,  70,1346, 56,1055,1113,   190,   5,   0,   0,1107
11:13:43,1935,  64,1238, 55,1014,1028,   195,   5,   0,   0,1127
11:13:53,1923,  66,1269, 55,1038,1077,   195,   5,   0,   0,1147
11:14:03,1935,  64,1238, 55,1014,1028,   200,   5,   0,   0,1167
11:14:13,1932,  64,1236, 55,1014,1028,   200,   5,   0,   0,1187
11:14:23,1929,  64,1234, 55,1017,1034,   205,   5,   0,   0,1207
11:14:33,1923,  64,1230, 55,1011,1022,   205,   5,   0,   0,1226
11:14:43,1926,  64,1232, 55,1017,1034,   210,   5,   0,   0,1244
11:14:53,1923,  64,1230, 55,1008,1016,   215,   5,   0,   0,1263
11:15:03,1914,  66,1263, 55,1035,1071,   215,   5,   0,   0,1276
11:15:13,1917,  67,1284, 55,1038,1077,   220,   5,   0,   0,1293
11:15:23,1926,  63,1213, 55,1011,1022,   220,   5,   0,   0,1308
11:15:33,1912,  66,1261, 55,1035,1071,   225,   5,   0,   0,1322
11:15:43,1917,  66,1265, 55,1029,1058,   225,   5,   0,   0,1338
11:15:53,1914,  66,1263, 56,1032,1065,   230,   5,   0,   0,1356
11:16:03,1920,  63,1209, 55,1008,1016,   235,   5,   0,   0,1368
11:16:13,1900,  68,1292, 57,1049,1100,   235,   5,   0,   0,1386
11:16:23,1891,  72,1361, 57,1070,1144,   240,   5,   0,   0,1405
11:16:33,1891,  68,1285, 57,1043,1087,   240,   5,   0,   0,1424
11:16:43,1906,  66,1257, 55,1026,1052,   245,   5,   0,   0,1443
11:16:53,1906,  69,1315, 57,1046,1094,   250,   5,   0,   0,1460
11:17:03,1920,  64,1228, 55,1008,1016,   250,   5,   0,   0,1480
11:17:13,1891,  72,1361, 58,1070,1144,   255,   5,   0,   0,1498
11:17:23,1900,  68,1292, 56,1043,1087,   255,   5,   0,   0,1513
11:17:33,1903,  69,1313, 57,1046,1094,   260,   5,   0,   0,1533
11:17:43,1885,  75,1413, 60,1085,1177,   265,   5,   0,   0,1551
11:17:53,1888,  74,1397, 60,1082,1170,   265,   5,   0,   0,1569
11:18:03,1873,  80,1498, 61,1123,1261,   270,   5,   0,   0,1587
11:18:13,1894,  75,1420, 59,1087,1181,   275,   5,   0,   0,1605
11:18:23,1903,  72,1370, 58,1067,1138,   275,   5,   0,   0,1617
11:18:33,1900,  68,1292, 57,1049,1100,   280,   5,   0,   0,1637
11:18:43,1906,  68,1296, 56,1043,1087,   285,   5,   0,   0,1656
11:18:53,1923,  64,1230, 55,1008,1016,   285,   5,   0,   0,1671
11:19:03,1923,  64,1230, 55,1017,1034,   290,   5,   0,   0,1688
11:19:13,1926,  63,1213, 55,1008,1016,   290,   5,   0,   0,1706
11:19:23,1926,  63,1213, 55,1017,1034,   295,   5,   0,   0,1725
11:19:33,1926,  64,1232, 55,1020,1040,   295,   5,   0,   0,1742
11:19:43,1929,  64,1234, 55,1017,1034,   300,   5,   0,   0,1761
11:19:53,1929,  64,1234, 55,1011,1022,   305,   5,   0,   0,1781
11:20:03,1929,  64,1234, 55,1020,1040,   305,   5,   0,   0,1801
11:20:13,1932,  64,1236, 55,1014,1028,   310,   5,   0,   0,1821
11:20:23,1929,  64,1234, 55,1017,1034,   310,   5,   0,   0,1841
11:20:33,1929,  64,1234, 55,1020,1040,   315,   5,   0,   0,1861
11:20:43,1926,  63,1213, 55,1014,1028,   315,   5,   0,   0,1881
11:20:53,1935,  64,1238, 55,1014,1028,   320,   5,   0,   0,1901
11:21:03,1932,  64,1236, 55,1014,1028,   325,   5,   0,   0,1921
11:21:13,1935,  64,1238, 55,1020,1040,   325,   5,   0,   0,1941
11:21:23,1932,  64,1236, 55,1014,1028,   330,   5,   0,   0,1961
11:21:33,1935,  64,1238, 55,1014,1028,   330,   5,   0,   0,1981
11:21:43,1938,  64,1240, 55,1014,1028,   335,   5,   0,   0,2001
11:21:53,1932,  63,1217, 55,1014,1028,   340,   5,   0,   0,2021
11:22:03,1932,  64,1236, 55,1017,1034,   340,   5,   0,   0,2041
11:22:13,1932,  64,1236, 55,1014,1028,   345,   5,   0,   0,2061
11:22:23,1938,  64,1240, 55,1017,1034,   345,   5,   0,   0,2081
11:22:33,1932,  64,1236, 55,1020,1040,   350,   5,   0,   0,2101
11:22:43,1926,  64,1232, 55,1011,1022,   350,   5,   0,   0,2121
11:22:53,1926,  64,1232, 55,1020,1040,   355,   5,   0,   0,2141
11:23:03,1929,  64,1234, 55,1014,1028,   360,   5,   0,   0,2159
11:23:13,1935,  64,1238, 55,1017,1034,   360,   5,   0,   0,2178
11:23:24,1935,  64,1238, 55,1014,1028,   365,   5,   0,   0,2198
11:23:34,1932,  64,1236, 55,1011,1022,   365,   5,   0,   0,2218
11:23:44,1926,  63,1213, 55,1014,1028,   370,   5,   0,   0,2238
11:23:54,1929,  64,1234, 55,1014,1028,   370,   5,   0,   0,2258
11:24:04,1938,  64,1240, 55,1017,1034,   375,   5,   0,   0,2278
11:24:14,1914,  70,1339, 56,1061,1125,   380,   5,   0,   0,2295
11:24:24,1935,  64,1238, 55,1020,1040,   380,   5,   0,   0,2315
11:24:34,1938,  64,1240, 55,1014,1028,   385,   5,   0,   0,2335
11:24:44,1923,  66,1269, 55,1038,1077,   385,   5,   0,   0,2355
11:24:54,1932,  64,1236, 55,1017,1034,   390,   5,   0,   0,2375
11:25:04,1938,  64,1240, 55,1014,1028,   390,   5,   0,   0,2395
11:25:14,1929,  64,1234, 55,1017,1034,   395,   5,   0,   0,2415
11:25:24,1932,  64,1236, 55,1011,1022,   400,   5,   0,   0,2435
11:25:34,1926,  64,1232, 55,1014,1028,   400,   5,   0,   0,2455
11:25:44,1929,  64,1234, 55,1017,1034,   405,   5,   0,   0,2475
11:25:54,1926,  63,1213, 55,1014,1028,   405,   5,   0,   0,2495
11:26:04,1929,  63,1215, 55,1014,1028,   410,   5,   0,   0,2514
11:26:14,1926,  63,1213, 55,1014,1028,   410,   5,   0,   0,2533
11:26:24,1929,  63,1215, 55,1014,1028,   415,   5,   0,   0,2550
11:26:34,1917,  67,1284, 55,1038,1077,   420,   5,   0,   0,2569
11:26:44,1929,  64,1234, 55,1011,1022,   420,   5,   0,   0,2584
11:26:54,1923,  64,1230, 55,1017,1034,   425,   5,   0,   0,2600
11:27:04,1929,  64,1234, 55,1011,1022,   425,   5,   0,   0,2618
11:27:14,1923,  64,1230, 55,1017,1034,   430,   5,   0,   0,2637
11:27:24,1926,  64,1232, 55,1017,1034,   430,   5,   0,   0,2656
11:27:34,1917,  66,1265, 55,1032,1065,   435,   5,   0,   0,2673
11:27:44,1923,  64,1230, 55,1014,1028,   440,   5,   0,   0,2688
11:27:54,1917,  63,1207, 55,1011,1022,   440,   5,   0,   0,2703
11:28:04,1914,  66,1263, 56,1029,1058,   445,   5,   0,   0,2717
11:28:14,1894,  71,1344, 58,1061,1125,   445,   5,   0,   0,2737
11:28:24,1923,  64,1230, 55,1008,1016,   450,   5,   0,   0,2756
11:28:34,1912,  66,1261, 55,1023,1046,   455,   5,   0,   0,2771
11:28:44,1897,  68,1289, 57,1049,1100,   455,   5,   0,   0,2790
11:28:54,1900,  69,1311, 57,1049,1100,   460,   5,   0,   0,2807
11:29:04,1888,  71,1340, 58,1067,1138,   460,   5,   0,   0,2827
11:29:14,1903,  69,1313, 57,1046,1094,   465,   5,   0,   0,2846
11:29:24,1920,  63,1209, 55,1005,1010,   470,   5,   0,   0,2866
11:29:34,1906,  66,1257, 56,1029,1058,   470,   5,   0,   0,2879
11:29:44,1888,  71,1340, 57,1061,1125,   475,   5,   0,   0,2899
11:29:54,1885,  71,1338, 58,1058,1119,   475,   5,   0,   0,2919
11:30:04,1906,  63,1200, 55,1002,1004,   480,   5,   0,   0,2937
11:30:14,1912,  63,1204, 55,1002,1004,   485,   5,   0,   0,2957
11:30:24,1897,  68,1289, 57,1043,1087,   485,   5,   0,   0,2977
11:30:34,1868,  77,1438, 60,1099,1207,   490,   5,   0,   0,2995
11:30:44,1897,  69,1308, 56,1049,1100,   490,   5,   0,   0,3013
11:30:54,1897,  68,1289, 57,1041,1083,   495,   5,   0,   0,3033
11:31:04,1906,  66,1257, 55,1023,1046,   500,   5,   0,   0,3051
11:31:14,1897,  68,1289, 56,1046,1094,   500,   5,   0,   0,3071
11:31:24,1900,  69,1311, 56,1049,1100,   505,   5,   0,   0,3091
11:31:34,1914,  66,1263, 55,1029,1058,   505,   5,   0,   0,3110
11:31:44,1900,  69,1311, 57,1049,1100,   510,   5,   0,   0,3129
11:31:54,1882,  75,1411, 59,1085,1177,   515,   5,   0,   0,3147
11:32:04,1909,  69,1317, 57,1046,1094,   515,   5,   0,   0,3160
11:32:14,1903,  72,1370, 58,1067,1138,   520,   5,   0,   0,3180
11:32:24,1920,  66,1267, 56,1032,1065,   525,   5,   0,   0,3199
11:32:34,1932,  63,1217, 55,1011,1022,   525,   5,   0,   0,3219
11:32:44,1929,  64,1234, 55,1011,1022,   530,   5,   0,   0,3239
11:32:54,1929,  64,1234, 55,1014,1028,   530,   5,   0,   0,3258
11:33:04,1929,  64,1234, 55,1011,1022,   535,   5,   0,   0,3277
11:33:14,1929,  64,1234, 55,1017,1034,   535,   5,   0,   0,3297
11:33:24,1932,  64,1236, 55,1020,1040,   540,   5,   0,   0,3317
11:33:34,1926,  64,1232, 55,1017,1034,   545,   5,   0,   0,3337
11:33:44,1926,  64,1232, 55,1014,1028,   545,   5,   0,   0,3357
11:33:54,1929,  64,1234, 55,1011,1022,   550,   5,   0,   0,3377
11:34:04,1932,  63,1217, 55,1014,1028,   550,   5,   0,   0,3397
11:34:14,1929,  64,1234, 55,1020,1040,   555,   5,   0,   0,3417
11:34:24,1929,  63,1215, 55,1017,1034,   555,   5,   0,   0,3437
11:34:34,1929,  64,1234, 55,1014,1028,   560,   5,   0,   0,3457
11:34:44,1935,  64,1238, 55,1017,1034,   565,   5,   0,   0,3477
11:34:54,1932,  64,1236, 55,1014,1028,   565,   5,   0,   0,3497
11:35:04,1932,  64,1236, 55,1017,1034,   570,   5,   0,   0,3517
11:35:14,1929,  63,1215, 55,1020,1040,   570,   5,   0,   0,3537
11:35:24,1926,  64,1232, 55,1017,1034,   575,   5,   0,   0,3557
11:35:34,1932,  64,1236, 55,1017,1034,   575,   5,   0,   0,3577
11:35:44,1932,  64,1236, 55,1020,1040,   580,   5,   0,   0,3597
11:35:54,1926,  64,1232, 55,1017,1034,   585,   5,   0,   0,3616
11:36:04,1923,  64,1230, 55,1017,1034,   585,   5,   0,   0,3636
11:36:14,1926,  64,1232, 55,1008,1016,   590,   5,   0,   0,3652
11:36:24,1926,  63,1213, 55,1014,1028,   590,   5,   0,   0,3668
11:36:35,1920,  64,1228, 55,1008,1016,   595,   5,   0,   0,3683
11:36:45,1920,  63,1209, 55,1008,1016,   595,   5,   0,   0,3697
11:36:55,1897,  72,1365, 58,1070,1144,   600,   5,   0,   0,3717
11:37:05,1876,  77,1444, 61,1096,1201,   605,   5,   0,   0,3735
11:37:15,1891,  71,1342, 58,1061,1125,   605,   5,   0,   0,3754
11:37:25,1876,  74,1388, 60,1079,1164,   610,   5,   0,   0,3769
11:37:35,1850,  83,1535, 63,1131,1279,   615,   5,   0,   0,3789
11:37:45,1821,  88,1602, 66,1161,1347,   615,   5,   0,   0,3806
11:37:55,1780,  96,1708, 68,1199,1437,   620,   8,   0,   0,3822
11:38:05,1794,  94,1686, 68,1184,1401,   625,   8,   0,   0,3842
11:38:15,1800,  93,1674, 68,1187,1408,   630,   8,   0,   0,3862
11:38:25,1809,  94,1700, 68,1196,1430,   635,   8,   0,   0,3881
11:38:35,1809,  94,1700, 68,1193,1423,   635,   8,   0,   0,3899
11:38:45,1785,  96,1713, 69,1202,1444,   640,   8,   0,   0,3919
11:38:55,1791,  94,1683, 68,1187,1408,   645,   8,   0,   0,3933
11:39:05,1780,  93,1655, 68,1175,1380,   650,   8,   0,   0,3951
11:39:15,1777,  92,1634, 68,1170,1368,   655,   8,   0,   0,3971
11:39:25,1762,  95,1673, 69,1184,1401,   655,   8,   0,   0,3990
11:39:35,1750,  98,1715, 70,1202,1444,   660,   8,   0,   0,4010
11:39:45,1750,  98,1715, 70,1202,1444,   665,   8,   0,   0,4025
11:39:55,1768,  95,1679, 70,1190,1416,   670,   8,   0,   0,4043
11:40:05,1703,  99,1685, 71,1190,1416,   670,   8,   0,   0,4061
11:40:15,1744,  94,1639, 69,1178,1387,   675,   8,   0,   0,4079
11:40:25,1662,  95,1578, 71,1155,1334,   680,   8,   0,   0,4098
11:40:35,1739,  93,1617, 69,1170,1368,   685,   8,   0,   0,4117
11:40:45,1762,  95,1673, 69,1184,1401,   690,   8,   0,   0,4135
11:40:55,1741,  94,1636, 69,1170,1368,   690,   8,   0,   0,4154
11:41:05,1692,  98,1658, 71,1178,1387,   695,   8,   0,   0,4173
11:41:15,1727,  93,1606, 70,1158,1340,   700,   8,   0,   0,4192
11:41:25,1680,  93,1562, 71,1143,1306,   705,   8,   0,   0,4211
11:41:35,1686,  94,1584, 71,1152,1327,   705,   8,   0,   0,4231
11:41:45,1765,  92,1623, 68,1164,1354,   710,   8,   0,   0,4248
11:41:55,1762,  92,1621, 68,1167,1361,   715,   8,   0,   0,4266
11:42:05,1744,  94,1639, 69,1173,1375,   720,   8,   0,   0,4282
11:42:15,1777,  93,1652, 68,1170,1368,   720,   8,   0,   0,4302
11:42:25,1750,  94,1645, 69,1175,1380,   725,   8,   0,   0,4321
11:42:35,1765,  95,1676, 69,1190,1416,   730,   8,   0,   0,4339
11:42:45,1753,  91,1595, 69,1161,1347,   735,   9,   0,   0,4356
11:42:55,1780,  90,1602, 67,1155,1334,   735,   9,   0,   0,4374
11:43:05,1753,  91,1595, 69,1158,1340,   740,  11,   0,   0,4390
11:43:15,1686,  94,1584, 71,1152,1327,   745,  11,   0,   0,4407
11:43:25,1651,  95,1568, 72,1146,1313,   750,  11,   0,   0,4424
11:43:35,1700,  95,1615, 71,1170,1368,   750,  11,   0,   0,4443
11:43:45,1674,  96,1607, 71,1167,1361,   755,  11,   0,   0,4461
11:43:55,1697,  94,1595, 70,1158,1340,   760,  11,   0,   0,4477
11:44:05,1700,  95,1615, 70,1170,1368,   765,  11,   0,   0,4493
11:44:15,1692,  94,1590, 70,1158,1340,   765,  11,   0,   0,4511
11:44:25,1736,  93,1614, 69,1164,1354,   770,  11,   0,   0,4528
11:44:35,1618,  93,1504, 71,1126,1267,   775,  11,   0,   0,4545
11:44:45,1653,  96,1586, 71,1155,1334,   775,  11,   0,   0,4565
11:44:55,1741,  91,1584, 69,1149,1320,   780,  11,   0,   0,4580
11:45:05,1762,  92,1621, 68,1164,1354,   785,  11,   0,   0,4596
11:45:15,1750,  91,1592, 68,1152,1327,   790,  14,   0,   0,4613
11:45:25,1747,  95,1659, 68,1178,1387,   790,  14,   0,   0,4629
11:45:35,1733,  93,1611, 70,1164,1354,   795,  14,   0,   0,4646
11:45:45,1709,  93,1589, 68,1152,1327,   800,  14,   0,   0,4663
11:45:55,1759,  95,1671, 68,1181,1394,   805,  14,   0,   0,4682
11:46:05,1809,  91,1646, 67,1173,1375,   810,  14,   0,   1,4699
11:46:15,1750,  91,1592, 69,1152,1327,   810,  14,   0,   1,4714
11:46:25,1803,  94,1694, 68,1190,1416,   815,  14,   0,   1,4733
11:46:35,1756,  98,1720, 70,1205,1452,   820,  14,   0,   1,4750
11:46:45,1782,  96,1710, 69,1199,1437,   825,  14,   0,   1,4768
11:46:55,1791,  97,1737, 69,1205,1452,   825,  14,   0,   1,4784
11:47:05,1788,  96,1716, 69,1202,1444,   830,  14,   0,   1,4798
11:47:15,1803,  94,1694, 67,1190,1416,   835,  14,   0,   1,4816
11:47:25,1771,  96,1700, 69,1193,1423,   840,  14,   0,   1,4830
11:47:35,1780,  93,1655, 68,1175,1380,   845,  14,   0,   1,4849
11:47:45,1762,  92,1621, 67,1167,1361,   845,  14,   0,   1,4867
11:47:55,1736,  87,1510, 67,1123,1261,   850,  14,   0,   1,4887
11:48:05,1724,  83,1430, 65,1093,1194,   855,  14,   0,   1,4907
11:48:15,1765,  89,1570, 67,1146,1313,   855,  14,   3,   1,4924
11:48:25,1724,  93,1603, 69,1158,1340,   860,  14,   4,   1,4941
11:48:35,1683,  94,1582, 70,1152,1327,   865,  16,   4,   1,4957
11:48:45,1777,  93,1652, 67,1173,1375,   870,  16,   4,   1,4973
11:48:55,1794,  90,1614, 67,1164,1354,   870,  16,   4,   1,4992
11:49:05,1809,  91,1646, 67,1173,1375,   875,  16,   4,   1,5011
11:49:15,1806,  91,1643, 67,1170,1368,   880,  16,   4,   1,5029
11:49:25,1782,  93,1657, 68,1178,1387,   885,  16,   4,   1,5047
11:49:35,1771,  96,1700, 69,1190,1416,   890,  16,   4,   1,5065
11:49:46,1780,  96,1708, 70,1196,1430,   890,  16,   4,   1,5085
11:49:56,1747, 101,1764, 71,1219,1485,   895,  16,   4,   1,5102
11:50:06,1712, 106,1814, 74,1234,1522,   900,  16,   4,   1,5121
11:50:16,1768,  99,1750, 70,1214,1473,   905,  16,   4,   1,5141
11:50:26,1782,  96,1710, 69,1199,1437,   910,  16,   4,   1,5160
11:50:36,1774,  95,1685, 69,1193,1423,   910,  16,   4,   1,5170
11:50:46,1633,  97,1584, 72,1155,1334,   915,  16,   4,   1,5190
11:50:56,1697,  95,1612, 71,1161,1347,   920,  16,   4,   1,5206
11:51:06,1724,  99,1706, 71,1199,1437,   925,  16,   4,   1,5226
11:51:16,1797,  94,1689, 68,1193,1423,   925,  16,   4,   1,5242
11:51:26,1794,  93,1668, 67,1184,1401,   930,  16,   4,   1,5261
11:51:36,1750,  98,1715, 70,1196,1430,   935,  16,   4,   1,5281
11:51:46,1785,  93,1660, 68,1181,1394,   940,  16,   4,   1,5297
11:51:56,1771,  95,1682, 69,1190,1416,   945,  16,   4,   1,5313
11:52:06,1800,  94,1692, 69,1190,1416,   945,  16,   4,   1,5332
11:52:16,1794,  94,1686, 68,1184,1401,   950,  16,   4,   1,5351
11:52:26,1741,  94,1636, 70,1173,1375,   955,  16,   4,   1,5370
11:52:36,1615,  96,1550, 74,1146,1313,   960,  16,   4,   1,5390
11:52:46,1454,  95,1381, 76,1079,1164,   960,  16,   4,   1,5408
11:52:56,1390,  93,1292, 78,1049,1100,   965,  16,   4,   1,5426
11:53:06,1448,  94,1361, 77,1073,1151,   970,  16,   4,   1,5444
11:53:16,1516,  96,1455, 75,1108,1227,   970,  16,   4,   1,5463
11:53:26,1692,  98,1658, 72,1178,1387,   975,  16,   4,   1,5483
11:53:36,1774,  92,1632, 68,1167,1361,   980,  16,   4,   1,5499
11:53:46,1744,  97,1691, 70,1196,1430,   985,  16,   4,   1,5518
11:53:56,1777,  93,1652, 67,1175,1380,   985,  16,   4,   1,5535
11:54:06,1794,  93,1668, 68,1187,1408,   990,  16,   4,   1,5555
11:54:16,1794,  94,1686, 67,1181,1394,   995,  16,   4,   1,5572
11:54:26,1806,  91,1643, 67,1175,1380,  1000,  16,   4,   1,5591
11:54:36,1777,  93,1652, 68,1173,1375,  1000,  16,   4,   1,5610
11:54:46,1791,  93,1665, 67,1184,1401,  1005,  16,   4,   1,5627
11:54:56,1785,  93,1660, 67,1181,1394,  1010,  16,   4,   1,5642
11:55:06,1777,  96,1705, 69,1196,1430,  1015,  16,   4,   1,5660
11:55:16,1771,  95,1682, 69,1196,1430,  1020,  16,   4,   1,5678
11:55:26,1762,  95,1673, 69,1187,1408,  1020,  16,   4,   1,5695
11:55:36,1782,  93,1657, 68,1178,1387,  1025,  16,   4,   1,5711
11:55:46,1736,  97,1683, 70,1187,1408,  1030,  16,   4,   1,5729
11:55:56,1762,  95,1673, 69,1187,1408,  1035,  16,   4,   1,5745
11:56:06,1712,  99,1694, 71,1187,1408,  1035,  16,   4,   1,5764
11:56:16,1762,  95,1673, 69,1184,1401,  1040,  16,   4,   1,5782
11:56:26,1765,  95,1676, 69,1190,1416,  1045,  16,   4,   1,5799
11:56:36,1782,  93,1657, 68,1175,1380,  1050,  16,   4,   1,5817
11:56:46,1788,  93,1662, 68,1184,1401,  1055,  16,   4,   1,5836
11:56:56,1780,  92,1637, 69,1173,1375,  1055,  16,   4,   1,5855
11:57:06,1780,  92,1637, 68,1175,1380,  1060,  16,   4,   1,5872
11:57:16,1777,  92,1634, 67,1173,1375,  1065,  16,   4,   1,5890
11:57:26,1782,  89,1585, 67,1155,1334,  1070,  16,   4,   1,5908
11:57:36,1736,  97,1683, 70,1193,1423,  1070,  16,   4,   1,5926
11:57:46,1753,  94,1647, 70,1175,1380,  1075,  16,   4,   1,5944
11:57:56,1756,  95,1668, 70,1178,1387,  1080,  16,   4,   1,5964
11:58:06,1718,  99,1700, 72,1196,1430,  1085,  16,   4,   1,5983
11:58:16,1718, 100,1718, 72,1199,1437,  1090,  16,   4,   1,6003
11:58:26,1689, 101,1705, 73,1199,1437,  1090,  16,   4,   1,6022
11:58:36,1744,  97,1691, 71,1193,1423,  1095,  16,   4,   1,6041
11:58:46,1727, 100,1727, 71,1205,1452,  1100,  16,   4,   1,6060
11:58:56,1683, 104,1750, 74,1219,1485,  1105,  16,   4,   1,6078
11:59:06,1706, 102,1740, 74,1208,1459,  1110,  16,   4,   1,6095
11:59:16,1700, 102,1734, 73,1211,1466,  1110,  16,   4,   1,6107
11:59:26,1700, 102,1734, 73,1205,1452,  1115,  16,   4,   1,6124
11:59:36,1700, 102,1734, 73,1211,1466,  1120,  16,   4,   1,6139
11:59:46,1706, 102,1740, 73,1211,1466,  1125,  16,   4,   1,6156
11:59:56,1700, 102,1734, 73,1205,1452,  1130,  16,   4,   1,6172
12:00:06,1739,  97,1686, 70,1190,1416,  1130,  16,   4,   1,6191
12:00:16,1715,  99,1697, 72,1199,1437,  1135,  16,   4,   1,6210
12:00:26,1756,  95,1668, 69,1184,1401,  1140,  16,   4,   1,6224
12:00:36,1774,  93,1649, 68,1173,1375,  1145,  16,   4,   1,6243
12:00:46,1771,  92,1629, 69,1167,1361,  1150,  16,   4,   1,6262
12:00:56,1768,  92,1626, 67,1164,1354,  1150,  16,   4,   1,6282
12:01:06,1759,  92,1618, 68,1161,1347,  1155,  16,   4,   1,6299
12:01:16,1739,  93,1617, 69,1167,1361,  1160,  16,   4,   1,6315
12:01:26,1727,  93,1606, 69,1161,1347,  1165,  16,   4,   1,6333
12:01:36,1612,  93,1499, 72,1120,1254,  1165,  16,   4,   1,6352
12:01:46,1472,  90,1324, 74,1058,1119,  1170,  16,   4,   1,6372
12:01:56,1466,  87,1275, 74,1035,1071,  1175,  16,   5,   1,6391
12:02:06,1416,  83,1175, 74, 994, 988,  1175,  16,   5,   1,6411
12:02:16,1363,  80,1090, 74, 953, 908,  1180,  16,   5,   1,6431
12:02:26,1313,  76, 997, 74, 920, 846,  1180,  16,   5,   1,6451
12:02:55,1,0,0,0,0,0,0
12:03:05,1580,  62, 979, 60, 900, 810,  1185,  17,   5,   1,6487

