time,VIn,AIn,PIn,PWM,VOut,POut,EnProd,CNT1,CNT2,CNT3,CNT4
10:59:03,0,0,0,0,0,0,0
10:59:03,1,0,0,0,0,0,0
10:59:10,1967,  74,1455, 58,1108,1227,     0,   0,   1,   1,  13
10:59:20,1964,  74,1453, 58,1105,1221,     5,   0,   1,   1,  32
10:59:30,1967,  74,1455, 57,1105,1221,     5,   0,   1,   1,  49
10:59:40,1958,  74,1448, 57,1102,1214,    10,   0,   1,   1,  69
10:59:50,1953,  74,1445, 57,1102,1214,    15,   0,   1,   1,  84
11:00:00,1958,  74,1448, 57,1096,1201,    15,   0,   1,   1,  98
11:00:10,1956,  74,1447, 58,1099,1207,    20,   0,   1,   1, 113
11:00:21,1941,  77,1494, 59,1120,1254,    25,   0,   1,   1, 132
11:00:31,1938,  77,1492, 59,1114,1240,    25,   0,   1,   1, 148
11:00:41,1938,  76,1472, 59,1111,1234,    30,   0,   1,   1, 166
11:00:51,1947,  74,1440, 59,1093,1194,    35,   0,   1,   1, 186
11:01:01,1917,  79,1514, 61,1126,1267,    35,   0,   1,   1, 202
11:01:11,1920,  79,1516, 60,1129,1274,    40,   0,   1,   1, 221
11:01:21,1926,  76,1463, 60,1111,1234,    45,   0,   1,   1, 238
11:01:31,1935,  74,1431, 57,1090,1188,    50,   0,   1,   1, 258
11:01:41,1912,  79,1510, 61,1120,1254,    50,   0,   1,   1, 277
11:01:51,1888,  84,1585, 63,1152,1327,    55,   0,   1,   1, 292
11:02:01,1859,  90,1673, 65,1181,1394,    60,   0,   1,   1, 310
11:02:11,1838,  92,1690, 66,1193,1423,    65,   0,   1,   1, 328
11:02:21,1806,  97,1751, 69,1217,1481,    65,   0,   1,   1, 348
11:02:31,1782,  99,1764, 70,1219,1485,    70,   2,   1,   1, 365
11:02:41,1756, 102,1791, 71,1228,1507,    75,   7,   1,   1, 380
11:02:51,1753, 101,1770, 72,1222,1493,    80,   7,   1,   1, 397
11:03:01,1750, 101,1767, 72,1225,1500,    85,   7,   1,   1, 414
11:03:11,1733, 103,1784, 73,1228,1507,    85,   7,   1,   1, 428
11:03:21,1703, 105,1788, 74,1228,1507,    90,   7,   1,   1, 444
11:03:31,1677, 106,1777, 76,1228,1507,    95,   7,   1,   1, 460
11:03:41,1586, 110,1744, 78,1217,1481,   100,   7,   1,   1, 479
11:03:51,1680, 107,1797, 76,1231,1515,   105,   7,   1,   1, 488
11:04:01,1653, 108,1785, 76,1234,1522,   110,   7,   1,   1, 500
11:04:11,1677, 107,1794, 76,1231,1515,   115,   7,   1,   1, 516
11:04:21,1706, 105,1791, 74,1225,1500,   115,   7,   1,   1, 533
11:04:31,1697, 105,1781, 74,1225,1500,   120,   7,   1,   1, 549
11:04:41,1727, 102,1761, 73,1222,1493,   125,   7,   1,   1, 568
11:04:51,1727, 103,1778, 72,1228,1507,   130,   7,   1,   1, 586
11:05:01,1724, 102,1758, 73,1222,1493,   135,   7,   1,   1, 605
11:05:11,1744, 100,1744, 72,1219,1485,   135,   7,   1,   1, 621
11:05:21,1724, 103,1775, 72,1225,1500,   140,   7,   1,   1, 634
11:05:31,1747, 100,1747, 71,1219,1485,   145,   7,   1,   1, 645
11:05:41,1741, 100,1741, 72,1214,1473,   150,   7,   1,   1, 659
11:05:51,1718, 102,1752, 73,1217,1481,   155,   7,   1,   1, 675
11:06:01,1721, 102,1755, 72,1222,1493,   160,   7,   1,   1, 693
11:06:11,1747, 100,1747, 71,1217,1481,   160,   7,   1,   1, 712
11:06:21,1718, 102,1752, 72,1222,1493,   165,   7,   1,   1, 728
11:06:31,1739, 100,1739, 72,1214,1473,   170,   7,   1,   1, 743
11:06:41,1721, 102,1755, 73,1222,1493,   175,   7,   1,   1, 759
11:06:51,1718, 103,1769, 73,1222,1493,   180,   7,   1,   1, 777
11:07:01,1695, 104,1762, 74,1225,1500,   185,   7,   1,   1, 797
11:07:11,1671, 106,1771, 75,1222,1493,   185,   7,   1,   1, 816
11:07:21,1592, 111,1767, 79,1222,1493,   190,   7,   1,   1, 835
11:07:31,1592, 111,1767, 79,1225,1500,   195,   7,   1,   1, 849
11:07:41,1565, 112,1752, 80,1222,1493,   200,   7,   1,   1, 863
11:07:51,1615, 109,1760, 77,1222,1493,   205,   7,   1,   1, 877
11:08:01,1592, 111,1767, 78,1225,1500,   210,   7,   1,   1, 893
11:08:11,1612, 109,1757, 78,1222,1493,   210,   7,   1,   1, 910
11:08:21,1618, 110,1779, 78,1228,1507,   215,   7,   1,   1, 922
11:08:31,1668, 106,1768, 76,1228,1507,   220,   7,   1,   1, 937
11:08:41,1689, 104,1756, 75,1219,1485,   225,   7,   1,   1, 954
11:08:51,1665, 106,1764, 76,1219,1485,   230,   7,   1,   1, 967
11:09:01,1668, 106,1768, 76,1228,1507,   235,   7,   1,   1, 978
11:09:11,1662, 106,1761, 76,1222,1493,   235,   7,   1,   1, 994
11:09:21,1689, 104,1756, 75,1219,1485,   240,   7,   1,   1,1012
11:09:31,1683, 104,1750, 74,1214,1473,   245,   7,   1,   1,1023
11:09:41,1686, 104,1753, 75,1214,1473,   250,   7,   1,   1,1038
11:09:51,1680, 103,1730, 75,1211,1466,   255,   7,   1,   1,1050
11:10:01,1686, 103,1736, 75,1214,1473,   260,   7,   1,   1,1067
11:10:11,1633, 107,1747, 76,1222,1493,   260,   7,   1,   1,1085
11:10:21,1659, 106,1758, 75,1217,1481,   265,   7,   1,   1,1101
11:10:31,1703, 102,1737, 74,1208,1459,   270,   7,   1,   1,1118
11:10:41,1700, 101,1717, 73,1208,1459,   275,   7,   1,   1,1136
11:10:51,1659, 106,1758, 75,1217,1481,   280,   7,   1,   1,1154
11:11:01,1653, 105,1735, 76,1217,1481,   280,   7,   1,   1,1172
11:11:11,1627, 107,1740, 77,1214,1473,   285,   7,   1,   1,1189
11:11:21,1630, 107,1744, 77,1211,1466,   290,   7,   1,   1,1207
11:11:31,1653, 105,1735, 75,1214,1473,   295,   7,   1,   1,1223
11:11:41,1674, 103,1724, 74,1208,1459,   300,   7,   1,   1,1241
11:11:51,1697, 101,1713, 72,1205,1452,   300,   7,   1,   1,1253
11:12:01,1692, 101,1708, 73,1199,1437,   305,   7,   1,   1,1268
11:12:11,1668, 103,1718, 74,1202,1444,   310,   7,   1,   1,1286
11:12:21,1686, 100,1686, 73,1196,1430,   315,   7,   1,   1,1302
11:12:31,1689, 100,1689, 73,1199,1437,   320,   7,   1,   1,1318
11:12:41,1689, 100,1689, 73,1196,1430,   320,   7,   1,   1,1336
11:12:51,1692, 100,1692, 72,1199,1437,   325,   7,   1,   1,1356
11:13:01,1686, 100,1686, 73,1193,1423,   330,   7,   1,   1,1374
11:13:12,1686, 100,1686, 73,1196,1430,   335,   7,   1,   1,1391
11:13:22,1686, 100,1686, 73,1193,1423,   340,   7,   1,   1,1411
11:13:32,1689, 101,1705, 72,1202,1444,   340,   7,   1,   1,1430
11:13:42,1668, 102,1701, 74,1202,1444,   345,   7,   1,   1,1449
11:13:52,1665, 102,1698, 74,1202,1444,   350,   7,   1,   1,1468
11:14:02,1642, 104,1707, 75,1202,1444,   355,   7,   1,   1,1484
11:14:12,1692, 100,1692, 73,1196,1430,   360,   7,   1,   1,1501
11:14:22,1671, 102,1704, 75,1202,1444,   360,   7,   1,   1,1516
11:14:32,1648, 104,1713, 75,1208,1459,   365,   7,   1,   1,1533
11:14:42,1671, 103,1721, 74,1205,1452,   370,   7,   1,   1,1549
11:14:52,1645, 105,1727, 75,1205,1452,   375,   7,   1,   1,1563
11:15:02,1645, 104,1710, 75,1205,1452,   380,   7,   1,   1,1579
11:15:12,1695, 101,1711, 73,1199,1437,   380,   7,   1,   1,1595
11:15:22,1662, 102,1695, 75,1205,1452,   385,   7,   1,   1,1614
11:15:32,1686, 100,1686, 73,1196,1430,   390,   7,   1,   1,1632
11:15:42,1689, 100,1689, 73,1196,1430,   395,   7,   1,   1,1650
11:15:52,1689, 100,1689, 73,1196,1430,   400,   7,   1,   1,1659
11:16:02,1689, 100,1689, 72,1202,1444,   400,   7,   1,   1,1672
11:16:12,1689, 100,1689, 73,1193,1423,   405,   7,   1,   1,1684
11:16:22,1686, 100,1686, 73,1193,1423,   410,   7,   1,   1,1698
11:16:32,1686, 100,1686, 72,1199,1437,   415,   7,   1,   1,1708
11:16:42,1686, 100,1686, 72,1199,1437,   420,   7,   1,   1,1722
11:16:52,1689, 100,1689, 73,1199,1437,   420,   7,   1,   1,1737
11:17:02,1689, 101,1705, 72,1199,1437,   425,   7,   1,   1,1749
11:17:12,1686, 100,1686, 72,1196,1430,   430,   7,   1,   1,1762
11:17:22,1689, 100,1689, 72,1196,1430,   435,   7,   1,   1,1777
11:17:32,1695, 101,1711, 72,1199,1437,   440,   7,   1,   1,1794
11:17:42,1671, 102,1704, 75,1205,1452,   440,   7,   1,   1,1814
11:17:52,1645, 104,1710, 75,1205,1452,   445,   7,   1,   1,1827
11:18:02,1665, 102,1698, 75,1202,1444,   450,   7,   1,   1,1844
11:18:12,1668, 102,1701, 75,1205,1452,   455,   7,   1,   1,1859
11:18:22,1689, 100,1689, 73,1196,1430,   460,   7,   1,   1,1877
11:18:32,1692, 100,1692, 73,1199,1437,   460,   7,   1,   1,1892
11:18:42,1692, 100,1692, 72,1199,1437,   465,   7,   1,   1,1907
11:18:52,1689, 100,1689, 72,1202,1444,   470,   7,   1,   1,1923
11:19:02,1668, 102,1701, 74,1202,1444,   475,   7,   1,   1,1943
11:19:12,1695, 100,1695, 73,1199,1437,   480,   7,   1,   1,1956
11:19:22,1697, 100,1697, 73,1199,1437,   480,   7,   1,   1,1973
11:19:32,1697, 101,1713, 73,1205,1452,   485,   7,   1,   1,1988
11:19:42,1692, 100,1692, 73,1199,1437,   490,   7,   1,   1,2001
11:19:52,1695, 100,1695, 72,1202,1444,   495,   7,   1,   1,2014
11:20:02,1695, 100,1695, 73,1199,1437,   500,   7,   1,   1,2031
11:20:12,1697, 100,1697, 73,1202,1444,   500,   7,   1,   1,2043
11:20:22,1671, 103,1721, 74,1205,1452,   505,   7,   1,   1,2059
11:20:32,1692, 100,1692, 73,1199,1437,   510,   7,   1,   1,2071
11:20:42,1692, 101,1708, 73,1202,1444,   515,   7,   1,   1,2083
11:20:52,1689, 100,1689, 73,1196,1430,   520,   7,   1,   1,2094
11:21:02,1686, 100,1686, 73,1193,1423,   520,   7,   1,   1,2107
11:21:12,1689, 101,1705, 73,1199,1437,   525,   7,   1,   1,2126
11:21:22,1686, 100,1686, 73,1193,1423,   530,   7,   1,   1,2137
11:21:32,1636, 104,1701, 75,1202,1444,   535,   7,   1,   1,2154
11:21:42,1689, 100,1689, 73,1196,1430,   540,   7,   1,   1,2167
11:21:52,1662, 102,1695, 74,1196,1430,   540,   7,   1,   1,2184
11:22:02,1639, 104,1704, 75,1199,1437,   545,   7,   1,   1,2202
11:22:12,1689, 100,1689, 72,1199,1437,   550,   7,   1,   1,2221
11:22:22,1680, 100,1680, 72,1190,1416,   555,   7,   1,   1,2237
11:22:32,1659, 102,1692, 74,1196,1430,   560,   7,   1,   1,2255
11:22:42,1668, 102,1701, 74,1202,1444,   560,   7,   1,   1,2272
11:22:52,1686, 100,1686, 72,1196,1430,   565,   7,   1,   1,2289
11:23:02,1662, 102,1695, 75,1199,1437,   570,   7,   1,   1,2306
11:23:12,1662, 102,1695, 75,1199,1437,   575,   7,   1,   1,2326
11:23:22,1656, 102,1689, 75,1199,1437,   580,   7,   1,   1,2341
11:23:32,1683, 100,1683, 73,1193,1423,   580,   7,   1,   1,2355
11:23:42,1633, 103,1681, 75,1193,1423,   585,   7,   1,   1,2375
11:23:52,1633, 104,1698, 76,1202,1444,   590,   7,   1,   1,2390
11:24:02,1636, 104,1701, 75,1202,1444,   595,   7,   1,   1,2403
11:24:12,1659, 102,1692, 74,1196,1430,   600,   7,   1,   1,2416
11:24:22,1686, 100,1686, 72,1196,1430,   600,   7,   1,   1,2431
11:24:32,1680, 100,1680, 73,1190,1416,   605,   7,   1,   1,2449
11:24:42,1689, 100,1689, 72,1199,1437,   610,   7,   1,   1,2467
11:24:52,1665, 102,1698, 74,1202,1444,   615,   7,   1,   1,2485
11:25:02,1659, 102,1692, 75,1196,1430,   620,   7,   1,   1,2501
11:25:12,1689, 100,1689, 72,1196,1430,   620,   7,   1,   1,2519
11:25:22,1686, 100,1686, 72,1199,1437,   625,   7,   1,   1,2534
11:25:32,1686, 100,1686, 73,1193,1423,   630,   7,   1,   1,2550
11:25:42,1689, 100,1689, 72,1196,1430,   635,   7,   1,   1,2568
11:25:53,1689, 100,1689, 73,1199,1437,   640,   7,   1,   1,2585
11:26:03,1683, 100,1683, 73,1196,1430,   640,   7,   1,   1,2599
11:26:13,1686, 100,1686, 72,1199,1437,   645,   7,   1,   1,2614
11:26:23,1689, 100,1689, 72,1199,1437,   650,   7,   1,   1,2628
11:26:33,1680, 100,1680, 73,1190,1416,   655,   7,   1,   1,2645
11:26:43,1683, 100,1683, 74,1196,1430,   660,   7,   1,   1,2660
11:26:53,1689, 100,1689, 73,1196,1430,   660,   7,   1,   1,2676
11:27:03,1686, 100,1686, 73,1199,1437,   665,   7,   1,   1,2692
11:27:13,1683, 100,1683, 73,1199,1437,   670,   7,   1,   1,2705
11:27:23,1659, 102,1692, 74,1199,1437,   675,   7,   1,   1,2723
11:27:33,1686, 100,1686, 73,1193,1423,   675,   7,   1,   1,2734
11:27:43,1656, 102,1689, 75,1193,1423,   680,   7,   1,   1,2750
11:27:53,1662, 102,1695, 74,1202,1444,   685,   7,   1,   1,2767
11:28:03,1686, 100,1686, 72,1199,1437,   690,   7,   1,   1,2786
11:28:13,1680, 100,1680, 73,1199,1437,   695,   7,   1,   1,2806
11:28:23,1680, 100,1680, 72,1193,1423,   695,   7,   1,   1,2822
11:28:33,1692, 100,1692, 73,1199,1437,   700,   7,   1,   1,2840
11:28:43,1680, 100,1680, 73,1190,1416,   705,   7,   1,   1,2854
11:28:53,1686, 100,1686, 72,1196,1430,   710,   7,   1,   1,2866
11:29:03,1686, 100,1686, 73,1196,1430,   715,   7,   1,   1,2881
11:29:13,1686, 100,1686, 72,1193,1423,   715,   7,   1,   1,2896
11:29:23,1683, 100,1683, 72,1193,1423,   720,   7,   1,   1,2913
11:29:33,1686, 100,1686, 73,1199,1437,   725,   7,   1,   1,2931
11:29:43,1671, 102,1704, 74,1205,1452,   730,   7,   1,   1,2951
11:29:53,1665, 102,1698, 74,1199,1437,   735,   7,   1,   1,2970
11:30:03,1692, 100,1692, 72,1199,1437,   735,   7,   1,   1,2986
11:30:13,1683, 100,1683, 73,1196,1430,   740,   7,   1,   1,3002
11:30:23,1689, 100,1689, 72,1199,1437,   745,   7,   1,   1,3018
11:30:33,1642, 104,1707, 75,1208,1459,   750,   7,   1,   1,3037
11:30:43,1607, 105,1687, 76,1196,1430,   755,   7,   1,   1,3054
11:30:53,1636, 104,1701, 75,1202,1444,   755,   7,   1,   1,3071
11:31:03,1686, 100,1686, 73,1196,1430,   760,   7,   1,   1,3082
11:31:13,1680, 100,1680, 72,1190,1416,   765,   7,   1,   1,3100
11:31:23,1683, 100,1683, 72,1193,1423,   770,   7,   1,   1,3115
11:31:33,1683, 100,1683, 72,1199,1437,   775,   7,   1,   1,3128
11:31:43,1680, 100,1680, 73,1190,1416,   775,   7,   1,   1,3144
11:31:53,1686, 100,1686, 72,1193,1423,   780,   7,   1,   1,3161
11:32:03,1686, 100,1686, 73,1199,1437,   785,   7,   1,   1,3179
11:32:13,1662, 102,1695, 74,1199,1437,   790,   7,   1,   1,3198
11:32:23,1680, 100,1680, 73,1196,1430,   795,   7,   1,   1,3216
11:32:33,1686, 100,1686, 73,1196,1430,   795,   7,   1,   1,3234
11:32:43,1686, 100,1686, 73,1193,1423,   800,   7,   1,   1,3246
11:32:53,1683, 100,1683, 74,1193,1423,   805,   7,   1,   1,3263
11:33:03,1686, 100,1686, 73,1193,1423,   810,   7,   1,   1,3277
11:33:13,1686, 100,1686, 72,1199,1437,   810,   7,   1,   1,3288
11:33:23,1689, 100,1689, 73,1193,1423,   815,   7,   1,   1,3303
11:33:33,1689, 100,1689, 73,1199,1437,   820,   7,   1,   1,3320
11:33:43,1689, 100,1689, 72,1199,1437,   825,   7,   1,   1,3335
11:33:53,1689, 100,1689, 73,1193,1423,   830,   7,   1,   1,3349
11:34:03,1686, 100,1686, 73,1196,1430,   830,   7,   1,   1,3361
11:34:13,1668, 102,1701, 75,1202,1444,   835,   7,   1,   1,3378
11:34:23,1639, 103,1688, 75,1199,1437,   840,   7,   1,   1,3397
11:34:33,1659, 102,1692, 76,1196,1430,   845,   7,   1,   1,3413
11:34:43,1636, 103,1685, 76,1199,1437,   850,   7,   1,   1,3428
11:34:53,1630, 103,1678, 76,1193,1423,   850,   7,   1,   1,3444
11:35:03,1639, 104,1704, 76,1199,1437,   855,   7,   1,   1,3462
11:35:13,1598, 104,1661, 76,1190,1416,   860,   7,   1,   1,3481
11:35:23,1548, 104,1609, 76,1170,1368,   865,   7,   1,   1,3495
11:35:33,1551, 104,1613, 76,1173,1375,   870,   7,   1,   1,3515
11:35:43,1516, 105,1591, 76,1164,1354,   870,   7,   1,   1,3533
11:35:53,1539, 104,1600, 76,1161,1347,   875,   7,   1,   1,3545
11:36:03,1545, 104,1606, 76,1170,1368,   880,   7,   1,   1,3563
11:36:13,1498, 104,1557, 76,1152,1327,   885,   7,   1,   1,3578
11:36:23,1492, 106,1581, 76,1164,1354,   885,   7,   1,   1,3596
11:36:33,1466, 106,1553, 76,1155,1334,   890,   7,   1,   1,3611
11:36:43,1492, 106,1581, 76,1164,1354,   895,   7,   1,   1,3627
11:36:53,1548, 107,1656, 76,1190,1416,   900,   7,   1,   1,3639
11:37:03,1612, 105,1692, 76,1202,1444,   900,   7,   1,   1,3657
11:37:13,1639, 103,1688, 76,1196,1430,   905,   7,   1,   1,3674
11:37:23,1665, 102,1698, 76,1202,1444,   910,   7,   1,   1,3691
11:37:33,1706,  98,1671, 76,1181,1394,   915,   7,   1,   1,3709
11:37:43,1677, 100,1677, 76,1193,1423,   920,   7,   1,   1,3724
11:37:53,1680, 100,1680, 76,1187,1408,   920,   7,   1,   1,3738
11:38:03,1683, 100,1683, 76,1193,1423,   925,   7,   1,   1,3754
11:38:13,1653, 102,1686, 76,1196,1430,   930,   7,   1,   1,3772
11:38:23,1683, 100,1683, 76,1193,1423,   935,   7,   1,   1,3788
11:38:33,1700,  98,1666, 76,1184,1401,   935,   7,   1,   1,3804
11:38:43,1712,  99,1694, 76,1190,1416,   940,   7,   1,   1,3822
11:38:53,1706,  98,1671, 76,1184,1401,   945,   7,   1,   1,3836
11:39:02,1653, 102,1686, 74,1193,1423,   950,   7,   1,   1,3851
11:39:12,1659, 102,1692, 74,1196,1430,   955,   7,   1,   1,3866
11:39:22,1677, 100,1677, 73,1190,1416,   955,   7,   1,   1,3882
11:39:32,1692, 100,1692, 74,1199,1437,   960,   7,   1,   1,3898
11:39:42,1683, 100,1683, 73,1193,1423,   965,   7,   1,   1,3916
11:39:52,1686, 100,1686, 72,1193,1423,   970,   7,   1,   1,3934
11:40:02,1686, 100,1686, 74,1196,1430,   975,   7,   1,   1,3952
11:40:12,1665, 102,1698, 74,1202,1444,   975,   7,   1,   1,3967
11:40:22,1689, 100,1689, 73,1199,1437,   980,   7,   1,   1,3984
11:40:32,1645, 104,1710, 75,1205,1452,   985,   7,   1,   1,4003
11:40:42,1662, 102,1695, 75,1199,1437,   990,   7,   1,   1,4021
11:40:52,1665, 102,1698, 75,1196,1430,   995,   7,   1,   1,4039
11:41:02,1689, 100,1689, 73,1196,1430,   995,   7,   1,   1,4057
11:41:12,1636, 104,1701, 75,1199,1437,  1000,   7,   1,   1,4077
11:41:22,1642, 104,1707, 76,1205,1452,  1005,   7,   1,   1,4093
11:41:32,1639, 104,1704, 76,1202,1444,  1010,   7,   1,   1,4111
11:41:42,1615, 106,1711, 76,1202,1444,  1015,   7,   1,   1,4128
11:41:52,1586, 107,1697, 78,1199,1437,  1015,   7,   1,   1,4145
11:42:02,1609, 106,1705, 77,1199,1437,  1020,   7,   1,   1,4160
11:42:12,1612, 106,1708, 77,1199,1437,  1025,   7,   1,   1,4176
11:42:22,1583, 107,1693, 78,1199,1437,  1030,   7,   1,   1,4191
11:42:32,1607, 105,1687, 77,1199,1437,  1035,   7,   1,   1,4202
11:42:42,1639, 104,1704, 75,1199,1437,  1035,   7,   1,   1,4215
11:42:52,1683, 100,1683, 72,1196,1430,  1040,   7,   1,   1,4230
11:43:02,1686, 100,1686, 72,1196,1430,  1045,   7,   1,   1,4246
11:43:12,1686, 100,1686, 73,1196,1430,  1050,   7,   1,   1,4264
11:43:22,1680, 100,1680, 73,1190,1416,  1055,   7,   1,   1,4280
11:43:32,1680, 100,1680, 73,1190,1416,  1055,   7,   1,   1,4298
11:43:42,1686, 100,1686, 73,1193,1423,  1060,   7,   1,   1,4314
11:43:52,1680, 100,1680, 73,1190,1416,  1065,   7,   1,   1,4331
11:44:02,1686, 100,1686, 73,1196,1430,  1070,   7,   1,   1,4348
11:44:12,1665, 102,1698, 74,1196,1430,  1075,   7,   1,   1,4365
11:44:22,1686, 100,1686, 73,1193,1423,  1075,   7,   1,   1,4381
11:44:32,1712,  98,1677, 72,1193,1423,  1080,   7,   1,   1,4400
11:44:42,1706,  98,1671, 72,1190,1416,  1085,   7,   1,   1,4416
11:44:52,1686, 100,1686, 73,1193,1423,  1090,   7,   1,   1,4430
11:45:03,1686, 100,1686, 73,1196,1430,  1090,   7,   1,   1,4444
11:45:13,1709,  98,1674, 72,1193,1423,  1095,   7,   1,   1,4457
11:45:23,1683, 101,1699, 73,1196,1430,  1100,   7,   1,   1,4470
11:45:33,1683, 100,1683, 74,1193,1423,  1105,   7,   1,   1,4487
11:45:43,1662, 102,1695, 74,1196,1430,  1110,   7,   1,   1,4504
11:45:53,1656, 102,1689, 75,1196,1430,  1110,   7,   1,   1,4522
11:46:03,1659, 102,1692, 74,1199,1437,  1115,   7,   1,   1,4535
11:46:13,1703,  98,1668, 72,1187,1408,  1120,   7,   1,   1,4549
11:46:23,1689, 100,1689, 72,1193,1423,  1125,   7,   1,   1,4564
11:46:33,1703,  98,1668, 72,1190,1416,  1130,   7,   1,   1,4579
11:46:43,1706,  98,1671, 72,1187,1408,  1130,   7,   1,   1,4596
11:46:53,1686, 100,1686, 73,1196,1430,  1135,   7,   1,   1,4612
11:47:03,1709,  98,1674, 72,1190,1416,  1140,   7,   1,   1,4630
11:47:13,1703,  98,1668, 72,1187,1408,  1145,   7,   1,   1,4646
11:47:23,1706,  98,1671, 72,1187,1408,  1150,   7,   1,   1,4665
11:47:33,1709,  98,1674, 72,1190,1416,  1150,   7,   1,   1,4682
11:47:43,1668, 102,1701, 75,1205,1452,  1155,   7,   1,   1,4702
11:47:53,1689, 100,1689, 74,1196,1430,  1160,   7,   1,   1,4717
11:48:03,1692, 100,1692, 73,1199,1437,  1165,   7,   1,   1,4733
11:48:13,1689, 100,1689, 73,1199,1437,  1170,   7,   1,   1,4746
11:48:23,1692, 101,1708, 72,1202,1444,  1170,   7,   1,   1,4760
11:48:33,1709,  98,1674, 72,1193,1423,  1175,   7,   1,   1,4775
11:48:43,1692, 100,1692, 73,1199,1437,  1180,   7,   1,   1,4790
11:48:53,1712,  98,1677, 72,1190,1416,  1185,   7,   1,   1,4804
11:49:03,1715,  98,1680, 72,1193,1423,  1185,   7,   1,   1,4819
11:49:13,1712,  98,1677, 72,1190,1416,  1190,   7,   1,   1,4833
11:49:23,1686, 100,1686, 73,1196,1430,  1195,   7,   1,   1,4846
11:49:33,1689, 100,1689, 73,1199,1437,  1200,   7,   1,   1,4856
11:49:43,1692, 100,1692, 73,1199,1437,  1205,   7,   1,   1,4871
11:49:53,1689, 100,1689, 73,1196,1430,  1205,   7,   1,   1,4890
11:50:03,1686, 100,1686, 73,1193,1423,  1210,   7,   1,   1,4909
11:50:13,1659, 102,1692, 74,1196,1430,  1215,   7,   1,   1,4926
11:50:23,1686, 100,1686, 73,1199,1437,  1220,   7,   1,   1,4944
11:50:33,1659, 102,1692, 74,1196,1430,  1225,   7,   1,   1,4959
11:50:43,1665, 102,1698, 75,1205,1452,  1225,   7,   1,   1,4971
11:50:53,1665, 102,1698, 74,1202,1444,  1230,   7,   1,   1,4987
11:51:03,1671, 102,1704, 74,1202,1444,  1235,   7,   1,   1,5005
11:51:13,1662, 103,1711, 74,1202,1444,  1240,   7,   1,   1,5022
11:51:23,1645, 104,1710, 75,1205,1452,  1245,   7,   1,   1,5037
11:51:33,1665, 102,1698, 75,1199,1437,  1245,   7,   1,   1,5054
11:51:43,1659, 102,1692, 75,1196,1430,  1250,   7,   1,   1,5066
11:51:53,1662, 102,1695, 75,1202,1444,  1255,   7,   1,   1,5082
11:52:03,1665, 102,1698, 74,1202,1444,  1260,   7,   1,   1,5097
11:52:13,1642, 104,1707, 75,1208,1459,  1265,   7,   1,   1,5112
11:52:23,1662, 102,1695, 74,1202,1444,  1265,   7,   1,   1,5129
11:52:33,1689, 100,1689, 73,1199,1437,  1270,   7,   1,   1,5143
11:52:43,1662, 102,1695, 74,1199,1437,  1275,   7,   1,   1,5162
11:52:53,1659, 102,1692, 74,1196,1430,  1280,   7,   1,   1,5178
11:53:03,1703,  98,1668, 72,1187,1408,  1285,   7,   1,   1,5194
11:53:13,1686, 100,1686, 72,1196,1430,  1285,   7,   1,   1,5208
11:53:23,1700,  98,1666, 72,1181,1394,  1290,   7,   1,   1,5224
11:53:33,1680, 100,1680, 73,1193,1423,  1295,   7,   1,   1,5239
11:53:43,1686, 100,1686, 73,1196,1430,  1300,   7,   1,   1,5252
11:53:53,1680, 100,1680, 74,1190,1416,  1305,   7,   1,   1,5267
11:54:03,1615, 106,1711, 76,1202,1444,  1305,   7,   1,   1,5287
11:54:13,1583, 107,1693, 78,1202,1444,  1310,   7,   1,   1,5304
11:54:23,1612, 106,1708, 77,1202,1444,  1315,   7,   1,   1,5318
11:54:33,1645, 104,1710, 75,1205,1452,  1320,   7,   1,   1,5331
11:54:43,1636, 104,1701, 75,1199,1437,  1325,   7,   1,   1,5346
11:54:53,1683, 100,1683, 73,1193,1423,  1325,   7,   1,   1,5361
11:55:03,1692, 100,1692, 72,1199,1437,  1330,   7,   1,   1,5375
11:55:13,1706,  98,1671, 72,1187,1408,  1335,   7,   1,   1,5386
11:55:23,1683, 100,1683, 73,1193,1423,  1340,   7,   1,   1,5400
11:55:33,1665, 102,1698, 74,1199,1437,  1345,   7,   1,   1,5417
11:55:43,1680, 100,1680, 73,1190,1416,  1345,   7,   1,   1,5430
11:55:53,1703,  98,1668, 72,1187,1408,  1350,   7,   1,   1,5444
11:56:03,1683, 100,1683, 72,1190,1416,  1355,   7,   1,   1,5456
11:56:13,1686, 100,1686, 72,1193,1423,  1360,   7,   1,   1,5470
11:56:23,1680, 100,1680, 73,1190,1416,  1360,   7,   1,   1,5486
11:56:33,1680, 100,1680, 73,1193,1423,  1365,   7,   1,   1,5505
11:56:43,1703,  98,1668, 72,1184,1401,  1370,   7,   1,   1,5521
11:56:53,1656, 102,1689, 74,1193,1423,  1375,   7,   1,   1,5536
11:57:03,1656, 102,1689, 75,1190,1416,  1380,   7,   1,   1,5552
11:57:13,1627, 104,1692, 75,1196,1430,  1380,   7,   1,   1,5569
11:57:23,1630, 104,1695, 76,1193,1423,  1385,   7,   1,   1,5586
11:57:33,1630, 104,1695, 75,1196,1430,  1390,   7,   1,   1,5602
11:57:43,1674,  99,1657, 73,1187,1408,  1395,   8,   1,   1,5618
11:57:54,1674,  99,1657, 73,1184,1401,  1400,  10,   1,   1,5634
11:58:04,1674, 100,1674, 73,1187,1408,  1400,  11,   1,   1,5649
11:58:14,1692,  97,1641, 72,1178,1387,  1405,  13,   1,   1,5660
11:58:24,1695,  97,1644, 72,1178,1387,  1410,  13,   1,   1,5674
11:58:34,1689,  97,1638, 72,1178,1387,  1415,  13,   1,   1,5688
11:58:44,1677, 100,1677, 73,1187,1408,  1415,  16,   1,   1,5701
11:58:54,1651, 102,1684, 75,1190,1416,  1420,  18,   1,   1,5715
11:59:04,1648, 101,1664, 74,1184,1401,  1425,  18,   1,   1,5731
11:59:14,1668,  99,1651, 73,1181,1394,  1430,  18,   1,   1,5748
11:59:24,1671, 100,1671, 73,1181,1394,  1435,  18,   1,   1,5766
11:59:34,1674,  99,1657, 73,1187,1408,  1435,  22,   1,   1,5777
11:59:44,1648, 102,1680, 74,1193,1423,  1440,  27,   1,   1,5791
11:59:54,1648, 102,1680, 74,1190,1416,  1445,  27,   1,   1,5808
12:00:04,1651, 102,1684, 74,1190,1416,  1450,  29,   1,   1,5825
12:00:14,1653, 101,1669, 74,1187,1408,  1455,  29,   1,   1,5844
12:00:24,1653, 102,1686, 74,1190,1416,  1455,  29,   1,   1,5860
12:00:34,1674,  99,1657, 74,1187,1408,  1460,  29,   1,   1,5875
12:00:44,1671, 100,1671, 74,1190,1416,  1465,  29,   1,   1,5891
12:00:54,1671,  99,1654, 73,1184,1401,  1470,  30,   1,   1,5905
12:01:04,1653, 102,1686, 74,1193,1423,  1470,  31,   1,   1,5920
12:01:14,1668,  99,1651, 74,1184,1401,  1475,  31,   1,   1,5935
12:01:24,1648, 102,1680, 75,1187,1408,  1480,  31,   1,   1,5954
12:01:34,1618, 103,1666, 76,1187,1408,  1485,  31,   1,   1,5971
12:01:44,1618, 103,1666, 75,1187,1408,  1490,  31,   1,   1,5988
12:01:54,1624, 103,1672, 75,1184,1401,  1490,  31,   1,   1,6000
12:02:04,1565, 106,1658, 77,1184,1401,  1495,  31,   1,   1,6018
12:02:14,1612, 102,1644, 76,1181,1394,  1500,  31,   1,   1,6031
12:02:24,1580, 104,1643, 77,1178,1387,  1505,  31,   1,   1,6045
12:02:34,1521, 106,1612, 79,1170,1368,  1505,  31,   1,   1,6065
12:02:44,1577, 104,1640, 77,1175,1380,  1510,  31,   1,   1,6081
12:02:54,1589, 104,1652, 77,1181,1394,  1515,  31,   1,   1,6097
12:03:04,1609, 102,1641, 75,1178,1387,  1520,  31,   1,   1,6109
12:03:14,1633, 100,1633, 74,1181,1394,  1525,  31,   1,   1,6124
12:03:24,1639, 101,1655, 74,1181,1394,  1525,  31,   1,   1,6141
12:03:34,1636, 100,1636, 74,1181,1394,  1530,  31,   1,   1,6155
12:03:44,1636, 101,1652, 74,1181,1394,  1535,  31,   1,   1,6171
12:03:54,1639, 100,1639, 74,1178,1387,  1540,  31,   1,   1,6187
12:04:04,1639, 101,1655, 74,1184,1401,  1540,  31,   1,   1,6206
12:04:14,1636, 100,1636, 74,1178,1387,  1545,  31,   1,   1,6216
12:04:24,1612, 102,1644, 75,1178,1387,  1550,  31,   1,   1,6230
12:04:34,1636, 100,1636, 74,1178,1387,  1555,  31,   1,   1,6241
12:04:44,1639, 100,1639, 74,1181,1394,  1560,  31,   1,   1,6257
12:04:54,1633, 100,1633, 74,1175,1380,  1560,  31,   1,   1,6274
12:05:04,1639, 101,1655, 74,1178,1387,  1565,  31,   1,   1,6292
12:05:14,1639, 101,1655, 74,1181,1394,  1570,  31,   1,   1,6306
12:05:24,1630, 101,1646, 74,1175,1380,  1575,  31,   1,   1,6323
12:05:34,1609, 102,1641, 76,1181,1394,  1575,  31,   1,   1,6341
12:05:44,1592, 104,1655, 77,1184,1401,  1580,  31,   1,   1,6361
12:05:54,1615, 102,1647, 75,1184,1401,  1585,  31,   1,   1,6371
12:06:04,1615, 102,1647, 75,1184,1401,  1590,  31,   1,   1,6387
12:06:14,1639, 101,1655, 74,1187,1408,  1590,  31,   1,   1,6401
12:06:24,1642, 101,1658, 74,1184,1401,  1595,  31,   1,   1,6418
12:06:34,1642, 101,1658, 74,1184,1401,  1600,  31,   1,   1,6437
12:06:44,1636, 101,1652, 74,1181,1394,  1605,  31,   1,   1,6451
12:06:54,1615, 102,1647, 75,1181,1394,  1610,  31,   1,   1,6469
12:07:04,1639, 101,1655, 75,1178,1387,  1610,  31,   1,   1,6486
12:07:14,1639, 101,1655, 74,1184,1401,  1615,  31,   1,   1,6504
12:07:24,1615, 102,1647, 75,1184,1401,  1620,  31,   1,   1,6521
12:07:34,1615, 102,1647, 75,1181,1394,  1625,  31,   1,   1,6536
12:07:44,1636, 100,1636, 74,1175,1380,  1625,  31,   1,   1,6551
12:07:54,1639, 101,1655, 74,1184,1401,  1630,  31,   1,   1,6563
12:08:04,1633, 101,1649, 74,1181,1394,  1635,  31,   1,   1,6579
12:08:14,1633, 100,1633, 74,1178,1387,  1640,  31,   1,   1,6596
12:08:24,1633, 100,1633, 74,1178,1387,  1645,  31,   1,   1,6614
12:08:34,1630, 100,1630, 74,1173,1375,  1645,  31,   1,   1,6631
12:08:44,1636, 101,1652, 74,1178,1387,  1650,  31,   1,   1,6649
12:08:54,1633, 100,1633, 74,1178,1387,  1655,  31,   1,   1,6664
12:09:04,1639, 101,1655, 74,1181,1394,  1660,  31,   1,   1,6678
12:09:14,1609, 102,1641, 75,1178,1387,  1660,  31,   1,   1,6692
12:09:24,1630, 100,1630, 74,1175,1380,  1665,  31,   1,   1,6704
12:09:34,1607, 102,1639, 76,1175,1380,  1670,  31,   1,   1,6720
12:09:44,1609, 102,1641, 75,1181,1394,  1675,  31,   1,   1,6738
12:09:54,1624, 100,1624, 74,1173,1375,  1675,  31,   1,   1,6751
12:10:04,1633, 100,1633, 74,1178,1387,  1680,  31,   1,   1,6765
12:10:14,1633, 100,1633, 74,1175,1380,  1685,  31,   1,   1,6777
12:10:24,1627, 100,1627, 74,1175,1380,  1690,  31,   1,   1,6793
12:10:35,1627, 100,1627, 74,1170,1368,  1695,  31,   1,   1,6807
12:10:45,1636, 100,1636, 74,1181,1394,  1695,  31,   1,   1,6820
12:10:55,1633, 100,1633, 74,1173,1375,  1700,  31,   1,   1,6836
12:11:05,1633, 100,1633, 74,1181,1394,  1705,  31,   1,   1,6850
12:11:15,1636, 100,1636, 74,1175,1380,  1710,  31,   1,   1,6862
12:11:25,1612, 102,1644, 75,1178,1387,  1710,  31,   1,   1,6880
12:11:35,1633, 100,1633, 74,1175,1380,  1715,  31,   1,   1,6897
12:11:45,1630, 100,1630, 74,1175,1380,  1720,  31,   1,   1,6915
12:11:55,1630, 100,1630, 74,1175,1380,  1725,  31,   1,   1,6931
12:12:05,1601, 102,1633, 75,1170,1368,  1725,  31,   1,   1,6949
12:12:15,1513, 105,1588, 79,1161,1347,  1730,  31,   1,   1,6969
12:12:25,1519, 105,1594, 79,1164,1354,  1735,  31,   1,   1,6981
12:12:35,1478, 105,1551, 81,1152,1327,  1740,  31,   1,   1,6997
12:12:45,1472, 105,1545, 81,1146,1313,  1740,  31,   1,   1,7012
12:12:55,1545, 104,1606, 78,1170,1368,  1745,  31,   1,   1,7027
12:13:05,1571, 102,1602, 77,1170,1368,  1750,  31,   1,   1,7040
12:13:15,1507, 104,1567, 79,1155,1334,  1755,  31,   1,   1,7059
12:13:25,1466, 105,1539, 81,1149,1320,  1755,  31,   1,   1,7076
12:13:35,1434, 105,1505, 81,1134,1285,  1760,  31,   1,   1,7091
12:13:45,1507, 105,1582, 80,1158,1340,  1765,  31,   1,   1,7107
12:13:55,1574, 103,1621, 77,1173,1375,  1770,  31,   1,   1,7121
12:14:05,1601, 102,1633, 76,1173,1375,  1770,  31,   1,   1,7136
12:14:15,1571, 103,1618, 76,1170,1368,  1775,  31,   1,   1,7155
12:14:25,1577, 103,1624, 76,1173,1375,  1780,  31,   1,   1,7172
12:14:35,1565, 102,1596, 77,1164,1354,  1785,  31,   1,   1,7189
12:14:45,1624, 100,1624, 74,1170,1368,  1785,  31,   1,   1,7205
12:14:55,1624, 100,1624, 74,1170,1368,  1790,  31,   1,   1,7220
12:15:05,1624, 100,1624, 74,1173,1375,  1795,  31,   1,   1,7237
12:15:15,1656,  98,1622, 74,1175,1380,  1800,  32,   1,   1,7253
12:15:25,1601, 102,1633, 75,1173,1375,  1805,  32,   1,   1,7273
12:15:35,1653,  98,1619, 74,1173,1375,  1805,  32,   1,   1,7286
12:15:45,1633, 100,1633, 75,1175,1380,  1810,  32,   1,   1,7305
12:15:55,1607, 102,1639, 75,1173,1375,  1815,  32,   1,   1,7322
12:16:05,1659,  98,1625, 74,1173,1375,  1820,  32,   1,   1,7337
12:16:15,1630, 100,1630, 75,1175,1380,  1820,  32,   1,   1,7357
12:16:25,1609, 102,1641, 75,1178,1387,  1825,  32,   1,   1,7372
12:16:35,1653,  98,1619, 74,1173,1375,  1830,  32,   1,   1,7386
12:16:45,1633, 100,1633, 74,1175,1380,  1835,  32,   1,   1,7401
12:16:55,1659,  98,1625, 74,1173,1375,  1835,  32,   1,   1,7415
12:17:05,1633, 100,1633, 74,1175,1380,  1840,  32,   1,   1,7429
12:17:15,1636, 100,1636, 74,1178,1387,  1845,  32,   1,   1,7443
12:17:25,1653,  98,1619, 74,1175,1380,  1850,  32,   1,   1,7456
12:17:35,1662,  98,1628, 74,1178,1387,  1850,  32,   1,   1,7468
12:17:45,1636, 100,1636, 75,1178,1387,  1855,  32,   1,   1,7485
12:17:55,1607, 102,1639, 75,1175,1380,  1860,  32,   1,   1,7500
12:18:05,1656,  98,1622, 74,1175,1380,  1865,  32,   1,   1,7514
12:18:15,1651,  98,1617, 74,1173,1375,  1870,  32,   1,   1,7531
12:18:25,1653,  98,1619, 74,1170,1368,  1870,  32,   1,   1,7549
12:18:35,1648,  98,1615, 74,1167,1361,  1875,  32,   1,   1,7568
12:18:45,1627, 100,1627, 75,1167,1361,  1880,  32,   1,   1,7581
12:18:55,1624, 100,1624, 75,1173,1375,  1885,  32,   1,   1,7595
12:19:05,1604, 102,1636, 76,1173,1375,  1885,  32,   1,   1,7609
12:19:15,1563, 102,1594, 77,1164,1354,  1890,  32,   1,   1,7624
12:19:25,1574, 103,1621, 77,1170,1368,  1895,  32,   1,   1,7643
12:19:35,1571, 103,1618, 77,1170,1368,  1900,  32,   1,   1,7655
12:19:45,1601, 102,1633, 75,1173,1375,  1900,  32,   1,   1,7672
12:19:55,1633, 100,1633, 75,1175,1380,  1905,  32,   1,   1,7690
12:20:05,1624, 100,1624, 74,1173,1375,  1910,  32,   1,   1,7703
12:20:15,1651,  98,1617, 74,1170,1368,  1915,  32,   1,   1,7720
12:20:25,1627, 100,1627, 75,1173,1375,  1915,  32,   1,   1,7734
12:20:35,1627, 100,1627, 74,1173,1375,  1920,  32,   1,   1,7749
12:20:45,1651,  98,1617, 74,1173,1375,  1925,  32,   1,   1,7766
12:20:55,1648,  98,1615, 74,1170,1368,  1930,  32,   1,   1,7782
12:21:05,1656,  98,1622, 74,1170,1368,  1930,  32,   1,   1,7802
12:21:15,1627, 100,1627, 74,1175,1380,  1935,  32,   1,   1,7817
12:21:25,1633, 100,1633, 74,1178,1387,  1940,  32,   1,   1,7828
12:21:35,1659,  98,1625, 74,1175,1380,  1945,  32,   1,   1,7844
12:21:45,1630, 100,1630, 74,1173,1375,  1950,  32,   1,   1,7859
12:21:55,1633, 100,1633, 74,1175,1380,  1950,  32,   1,   1,7874
12:22:05,1607, 102,1639, 76,1178,1387,  1955,  32,   1,   1,7892
12:22:15,1604, 102,1636, 76,1173,1375,  1960,  32,   1,   1,7907
12:22:25,1577, 103,1624, 77,1175,1380,  1965,  32,   1,   1,7923
12:22:35,1630, 100,1630, 75,1178,1387,  1965,  32,   1,   1,7933
12:22:45,1627, 100,1627, 75,1178,1387,  1970,  32,   1,   1,7951
12:22:55,1630, 100,1630, 74,1173,1375,  1975,  32,   1,   1,7968
12:23:05,1633, 100,1633, 74,1175,1380,  1980,  32,   1,   1,7984
12:23:16,1656,  98,1622, 74,1175,1380,  1980,  32,   1,   1,8001
12:23:25,1565, 102,1596, 74,1170,1368,  1985,  32,   1,   1,8019
12:23:35,1568, 102,1599, 74,1167,1361,  1990,  32,   1,   1,8033
12:23:45,1595, 101,1610, 74,1167,1361,  1995,  32,   1,   1,8050
12:23:55,1630, 100,1630, 74,1175,1380,  1995,  32,   1,   1,8066
12:24:05,1636, 100,1636, 74,1178,1387,  2000,  32,   1,   1,8081
12:24:15,1624, 100,1624, 74,1170,1368,  2005,  33,   1,   1,8094
12:24:25,1630, 100,1630, 74,1175,1380,  2010,  33,   1,   1,8109
12:24:35,1627, 100,1627, 74,1175,1380,  2015,  33,   1,   1,8125
12:24:45,1598, 101,1613, 74,1170,1368,  2015,  33,   1,   1,8139
12:24:55,1633, 100,1633, 74,1178,1387,  2020,  33,   1,   1,8154
12:25:05,1630, 100,1630, 74,1175,1380,  2025,  35,   1,   1,8170
12:25:15,1627, 100,1627, 74,1173,1375,  2030,  37,   1,   1,8184
12:25:25,1624,  99,1607, 74,1170,1368,  2030,  37,   1,   1,8199
12:25:35,1595, 101,1610, 74,1167,1361,  2035,  40,   1,   1,8213
12:25:45,1601, 101,1617, 74,1170,1368,  2040,  40,   1,   1,8228
12:25:55,1595, 101,1610, 74,1167,1361,  2045,  40,   1,   1,8246
12:26:05,1560, 102,1591, 74,1158,1340,  2045,  40,   1,   1,8265
12:26:15,1554, 101,1569, 74,1155,1334,  2050,  40,   1,   1,8281
12:26:25,1557, 101,1572, 74,1158,1340,  2055,  40,   1,   1,8297
12:26:35,1513, 102,1543, 74,1146,1313,  2060,  40,   1,   1,8315
12:26:45,1516, 102,1546, 74,1143,1306,  2060,  40,   1,   1,8328
12:26:55,1548, 101,1563, 74,1152,1327,  2065,  40,   1,   1,8344
12:27:05,1586, 100,1586, 74,1161,1347,  2070,  40,   1,   1,8358
12:27:15,1586, 100,1586, 74,1158,1340,  2075,  40,   1,   1,8373
12:27:25,1583, 100,1583, 74,1161,1347,  2075,  40,   1,   1,8389
12:27:35,1554, 101,1569, 74,1158,1340,  2080,  40,   1,   1,8406
12:27:45,1583, 100,1583, 74,1164,1354,  2085,  40,   1,   1,8420
12:27:55,1583, 100,1583, 74,1158,1340,  2090,  40,   1,   1,8435
12:28:05,1472, 102,1501, 74,1131,1279,  2090,  40,   1,   1,8455
12:28:15,1469, 102,1498, 74,1126,1267,  2095,  40,   1,   1,8474
12:28:25,1545, 100,1545, 74,1152,1327,  2100,  40,   1,   1,8487
12:28:35,1472, 102,1501, 74,1129,1274,  2100,  40,   1,   1,8504
12:28:45,1498, 101,1512, 74,1131,1279,  2105,  40,   1,   1,8520
12:28:55,1539, 100,1539, 74,1143,1306,  2110,  40,   1,   1,8532
12:29:05,1539, 100,1539, 74,1143,1306,  2115,  40,   1,   1,8550
12:29:15,1536, 100,1536, 74,1140,1299,  2115,  40,   1,   1,8569
12:29:25,1501, 100,1501, 74,1131,1279,  2120,  40,   1,   1,8586
12:29:35,1536, 100,1536, 74,1143,1306,  2125,  40,   1,   1,8601
12:29:45,1504, 100,1504, 74,1134,1285,  2125,  40,   1,   1,8615
12:29:55,1536, 100,1536, 74,1140,1299,  2130,  40,   1,   1,8631
12:30:05,1498, 100,1498, 74,1131,1279,  2135,  40,   1,   1,8647
12:30:15,1495, 100,1495, 74,1126,1267,  2140,  40,   1,   1,8666
12:30:25,1536,  99,1520, 74,1140,1299,  2140,  40,   1,   1,8682
12:30:35,1568,  99,1552, 74,1146,1313,  2145,  40,   1,   1,8695
12:30:45,1498, 100,1498, 74,1131,1279,  2150,  40,   1,   1,8709
12:30:55,1539, 100,1539, 74,1146,1313,  2150,  40,   1,   1,8723
12:31:05,1536, 100,1536, 74,1143,1306,  2155,  40,   1,   1,8738
12:31:15,1539, 100,1539, 74,1143,1306,  2160,  42,   1,   1,8755
12:31:25,1545, 100,1545, 74,1152,1327,  2165,  42,   1,   1,8774
12:31:35,1571,  99,1555, 74,1155,1334,  2165,  42,   1,   1,8790
12:31:45,1533,  99,1517, 74,1134,1285,  2170,  42,   1,   1,8802
12:31:55,1527,  99,1511, 74,1134,1285,  2175,  43,   1,   1,8818
12:32:04,1451, 100,1451, 74,1114,1240,  2175,  43,   1,   1,8834
12:32:14,1407, 100,1407, 74,1099,1207,  2180,  45,   1,   1,8851
12:32:24,1299,  99,1286, 74,1061,1125,  2185,  46,   1,   1,8869
12:32:34,1293,  98,1267, 74,1049,1100,  2185,  46,   2,   1,8888
12:32:44,1290,  98,1264, 74,1052,1106,  2190,  46,   2,   1,8908
12:32:54,1296,  98,1270, 74,1052,1106,  2195,  46,   2,   1,8928
12:33:04,1293,  98,1267, 74,1055,1113,  2195,  46,   2,   1,8948
12:33:14,1290,  98,1264, 74,1049,1100,  2200,  46,   2,   1,8968
12:33:24,1272,  96,1221, 74,1032,1065,  2200,  46,   2,   1,8988
12:33:34,1266,  96,1215, 74,1029,1058,  2205,  46,   2,   1,9008
12:33:44,1266,  96,1215, 74,1029,1058,  2210,  46,   2,   1,9028
12:33:54,1284,  98,1258, 74,1041,1083,  2210,  46,   2,   1,9048
12:34:04,1284,  97,1245, 74,1043,1087,  2215,  46,   2,   1,9068
12:34:14,1278,  97,1239, 74,1038,1077,  2215,  46,   2,   1,9088
12:34:24,1284,  97,1245, 74,1041,1083,  2220,  46,   2,   1,9108
12:34:34,1275,  96,1224, 74,1038,1077,  2225,  46,   2,   1,9128
12:34:44,1249,  95,1186, 74,1014,1028,  2225,  46,   2,   1,9148
12:34:54,1228,  93,1142, 74, 994, 988,  2230,  46,   2,   1,9168
12:35:04,1199,  90,1079, 74, 970, 940,  2230,  46,   2,   1,9188
12:35:14,1167,  87,1015, 74, 944, 891,  2235,  46,   2,   1,9208
12:35:24,1126,  84, 945, 74, 914, 835,  2235,  46,   2,   1,9228
12:35:53,1,0,0,0,0,0,0
12:36:03,1653,  73,1206, 74,1005,1010,  2240,  47,   3,   1,9263
12:36:13,1586,  70,1110, 74, 961, 923,  2245,  47,   3,   1,9283
12:36:23,1513,  66, 998, 74, 914, 835,  2245,  47,   3,   1,9303
12:36:33,1457,  64, 932, 74, 885, 783,  2250,  47,   3,   1,9323
12:36:55,1,0,0,0,0,0,0
12:37:20,1,0,0,0,0,0,0
12:37:36,1,0,0,0,0,0,0
12:37:46,1768,  76,1343, 62,1058,1119,  2255,  47,   8,   1,9362
12:37:56,1768,  76,1343, 62,1055,1113,  2255,  47,   8,   1,9375
12:38:06,1753,  78,1367, 63,1070,1144,  2260,  47,   8,   1,9394
12:38:16,1759,  79,1389, 62,1073,1151,  2260,  47,   8,   1,9412
12:38:26,1759,  79,1389, 62,1076,1157,  2265,  47,   8,   1,9429
12:38:36,1777,  76,1350, 62,1064,1132,  2270,  47,   8,   1,9449
12:38:46,1768,  79,1396, 62,1082,1170,  2270,  47,   8,   1,9467
12:38:56,1780,  76,1352, 62,1064,1132,  2275,  47,   8,   1,9485
12:39:06,1794,  74,1327, 61,1052,1106,  2280,  47,   8,   1,9503
12:39:16,1780,  76,1352, 62,1067,1138,  2280,  47,   8,   1,9522
12:39:27,1768,  79,1396, 63,1082,1170,  2285,  47,   8,   1,9541
12:39:37,1753,  81,1419, 64,1093,1194,  2290,  47,   8,   1,9559
12:39:47,1768,  79,1396, 63,1076,1157,  2290,  47,   8,   1,9577
12:39:57,1765,  79,1394, 64,1076,1157,  2295,  47,   8,   1,9597
12:40:07,1800,  74,1332, 61,1049,1100,  2295,  47,   8,   1,9614
12:40:17,1794,  74,1327, 61,1055,1113,  2300,  47,   8,   1,9634
12:40:27,1777,  76,1350, 62,1064,1132,  2305,  47,   8,   1,9649
12:40:37,1756,  78,1369, 62,1076,1157,  2305,  47,   8,   1,9663
12:40:47,1739,  77,1339, 63,1061,1125,  2310,  47,   8,   1,9679
12:40:57,1592,  76,1209, 65,1005,1010,  2315,  47,   8,   1,9697
12:41:07,1448,  74,1071, 68, 947, 896,  2315,  47,   8,   1,9715
12:41:17,1398,  71, 992, 69, 909, 826,  2320,  47,   8,   1,9735
12:41:45,1,0,0,0,0,0,0
12:42:10,1,0,0,0,0,0,0
12:42:36,1,0,0,0,0,0,0
12:43:01,1,0,0,0,0,0,0
12:43:27,1,0,0,0,0,0,0
12:43:52,1,0,0,0,0,0,0
12:44:18,1,0,0,0,0,0,0
12:44:43,1,0,0,0,0,0,0
12:45:09,1,0,0,0,0,0,0
12:45:34,1,0,0,0,0,0,0
12:46:00,1,0,0,0,0,0,0
12:46:25,1,0,0,0,0,0,0
12:46:51,1,0,0,0,0,0,0
12:47:16,1,0,0,0,0,0,0
12:47:42,1,0,0,0,0,0,0
12:48:07,1,0,0,0,0,0,0
12:48:33,1,0,0,0,0,0,0
12:48:58,1,0,0,0,0,0,0
12:49:24,1,0,0,0,0,0,0
12:49:49,1,0,0,0,0,0,0
12:50:15,1,0,0,0,0,0,0
12:50:40,1,0,0,0,0,0,0
12:51:06,1,0,0,0,0,0,0
12:51:31,1,0,0,0,0,0,0
12:51:57,1,0,0,0,0,0,0
12:52:22,1,0,0,0,0,0,0
12:52:48,1,0,0,0,0,0,0
12:53:13,1,0,0,0,0,0,0
12:53:39,1,0,0,0,0,0,0
12:54:04,1,0,0,0,0,0,0
12:54:30,1,0,0,0,0,0,0
12:54:56,1,0,0,0,0,0,0
12:55:22,1,0,0,0,0,0,0
12:55:47,1,0,0,0,0,0,0
12:56:13,1,0,0,0,0,0,0
12:56:38,1,0,0,0,0,0,0
12:57:04,1,0,0,0,0,0,0
12:57:29,1,0,0,0,0,0,0
12:57:55,1,0,0,0,0,0,0
12:58:20,1,0,0,0,0,0,0
12:58:46,1,0,0,0,0,0,0
12:59:11,1,0,0,0,0,0,0
12:59:37,1,0,0,0,0,0,0
13:00:02,1,0,0,0,0,0,0
13:00:28,1,0,0,0,0,0,0
13:00:53,1,0,0,0,0,0,0
13:01:19,1,0,0,0,0,0,0
13:01:44,1,0,0,0,0,0,0
13:02:10,1,0,0,0,0,0,0
13:02:35,1,0,0,0,0,0,0
13:03:01,1,0,0,0,0,0,0
13:03:26,1,0,0,0,0,0,0
13:03:52,1,0,0,0,0,0,0
13:04:17,1,0,0,0,0,0,0
13:04:43,1,0,0,0,0,0,0
13:05:08,1,0,0,0,0,0,0
13:05:34,1,0,0,0,0,0,0
13:05:59,1,0,0,0,0,0,0
13:06:25,1,0,0,0,0,0,0
13:06:50,1,0,0,0,0,0,0
13:07:16,1,0,0,0,0,0,0
13:07:42,1,0,0,0,0,0,0
13:08:08,1,0,0,0,0,0,0
13:08:33,1,0,0,0,0,0,0
13:08:59,1,0,0,0,0,0,0
13:09:24,1,0,0,0,0,0,0
13:09:50,1,0,0,0,0,0,0
13:10:15,1,0,0,0,0,0,0
13:10:41,1,0,0,0,0,0,0
13:11:06,1,0,0,0,0,0,0
13:11:32,1,0,0,0,0,0,0
13:11:57,1,0,0,0,0,0,0
13:12:23,1,0,0,0,0,0,0
13:12:48,1,0,0,0,0,0,0
13:13:14,1,0,0,0,0,0,0
13:13:39,1,0,0,0,0,0,0
13:14:05,1,0,0,0,0,0,0
13:14:30,1,0,0,0,0,0,0
13:14:56,1,0,0,0,0,0,0
13:15:21,1,0,0,0,0,0,0
13:15:47,1,0,0,0,0,0,0
13:16:12,1,0,0,0,0,0,0
13:16:38,1,0,0,0,0,0,0
13:17:03,1,0,0,0,0,0,0
13:17:29,1,0,0,0,0,0,0
13:17:54,1,0,0,0,0,0,0
13:18:20,1,0,0,0,0,0,0
13:18:45,1,0,0,0,0,0,0
13:19:11,1,0,0,0,0,0,0
13:19:36,1,0,0,0,0,0,0
