time,VIn,AIn,PIn,PWM,VOut,POut,EnProd,CNT1,CNT2,CNT3,CNT4
07:36:41,0,0,0,0,0,0,0
07:36:41,1,0,0,0,0,0,0
07:36:50,1,0,0,0,0,0,0
07:37:00,2046,  70,1432, 56,1105,1221,     0,   0,   1,   0,  31
07:37:10,2055,  67,1376, 55,1082,1170,     5,   0,   1,   0,  51
07:37:20,2046,  67,1370, 55,1076,1157,    10,   0,   1,   0,  71
07:37:30,2041,  67,1367, 55,1076,1157,    10,   0,   1,   0,  88
07:37:40,2038,  67,1365, 55,1073,1151,    15,   0,   1,   0, 101
07:37:50,2005,  76,1523, 58,1129,1274,    15,   0,   1,   0, 118
07:38:00,1973,  81,1598, 60,1161,1347,    20,   0,   1,   0, 135
07:38:10,1982,  78,1545, 60,1143,1306,    25,   0,   1,   0, 155
07:38:20,2000,  72,1440, 56,1105,1221,    30,   0,   1,   0, 174
07:38:30,2002,  73,1461, 57,1105,1221,    30,   0,   1,   0, 194
07:38:40,1961,  81,1588, 60,1158,1340,    35,   0,   1,   0, 211
07:38:50,1985,  75,1488, 58,1120,1254,    40,   0,   1,   0, 227
07:39:00,1944,  84,1632, 61,1167,1361,    40,   0,   1,   0, 246
07:39:10,1964,  78,1531, 60,1131,1279,    45,   0,   1,   0, 262
07:39:20,1947,  81,1577, 61,1146,1313,    50,   0,   1,   0, 277
07:39:30,1947,  81,1577, 60,1146,1313,    55,   0,   1,   0, 295
07:39:40,1956,  78,1525, 60,1131,1279,    55,   0,   1,   0, 308
07:39:50,1926,  83,1598, 62,1158,1340,    60,   0,   1,   0, 325
07:40:00,1897,  89,1688, 65,1190,1416,    65,   0,   1,   0, 342
07:40:10,1879,  92,1728, 65,1202,1444,    70,   0,   1,   0, 362
07:40:20,1818,  99,1799, 69,1225,1500,    75,   3,   1,   0, 379
07:40:30,1838,  96,1764, 68,1217,1481,    75,   3,   1,   0, 395
07:40:40,1815,  99,1796, 70,1225,1500,    80,   3,   1,   0, 414
07:40:50,1818,  99,1799, 69,1228,1507,    85,   3,   1,   0, 432
07:41:00,1818,  99,1799, 69,1228,1507,    90,   3,   1,   0, 446
07:41:10,1818,  98,1781, 70,1225,1500,    95,   3,   1,   0, 463
07:41:20,1794, 101,1811, 71,1234,1522,   100,   3,   1,   0, 481
07:41:30,1812,  98,1775, 69,1225,1500,   100,   3,   1,   0, 497
07:41:40,1835,  96,1761, 68,1217,1481,   105,   3,   1,   0, 514
07:41:50,1815,  98,1778, 69,1222,1493,   110,   3,   1,   0, 532
07:42:00,1829,  96,1755, 68,1211,1466,   115,   3,   1,   0, 550
07:42:10,1832,  96,1758, 68,1211,1466,   120,   3,   1,   0, 569
07:42:20,1812,  99,1793, 69,1222,1493,   120,   3,   1,   0, 587
07:42:30,1829,  96,1755, 68,1211,1466,   125,   3,   1,   0, 602
07:42:40,1829,  96,1755, 68,1217,1481,   130,   3,   1,   0, 621
07:42:50,1806,  98,1769, 69,1219,1485,   135,   3,   1,   0, 639
07:43:00,1806,  99,1787, 69,1222,1493,   140,   3,   1,   0, 657
07:43:10,1791, 101,1808, 70,1231,1515,   145,   3,   1,   0, 671
07:43:20,1812,  99,1793, 70,1222,1493,   145,   3,   1,   0, 690
07:43:30,1826,  96,1752, 68,1208,1459,   150,   3,   1,   0, 707
07:43:40,1809,  98,1772, 69,1219,1485,   155,   3,   1,   0, 724
07:43:50,1806,  98,1769, 70,1219,1485,   160,   3,   1,   0, 742
07:44:00,1829,  96,1755, 67,1208,1459,   165,   3,   1,   0, 761
07:44:10,1824,  96,1751, 68,1208,1459,   170,   3,   1,   0, 776
07:44:20,1824,  96,1751, 68,1208,1459,   170,   3,   1,   0, 790
07:44:30,1785, 101,1802, 70,1228,1507,   175,   3,   1,   0, 806
07:44:40,1815,  96,1742, 67,1208,1459,   180,   3,   1,   0, 825
07:44:50,1815,  95,1724, 68,1202,1444,   185,   3,   1,   0, 844
07:45:00,1800,  98,1764, 69,1217,1481,   190,   3,   1,   0, 863
07:45:10,1797,  98,1761, 69,1214,1473,   190,   3,   1,   0, 880
07:45:20,1794,  98,1758, 68,1211,1466,   195,   3,   1,   0, 896
07:45:30,1809,  95,1718, 68,1199,1437,   200,   3,   1,   0, 916
07:45:40,1791,  98,1755, 69,1208,1459,   205,   3,   1,   0, 935
07:45:50,1750, 102,1785, 72,1222,1493,   210,   3,   1,   0, 953
07:46:00,1736, 105,1822, 72,1234,1522,   210,   3,   1,   0, 969
07:46:10,1739, 105,1825, 73,1234,1522,   215,   3,   1,   0, 982
07:46:21,1727, 105,1813, 73,1228,1507,   220,   3,   1,   0, 999
07:46:31,1788,  97,1734, 69,1208,1459,   225,   3,   1,   0,1013
07:46:41,1803,  94,1694, 67,1193,1423,   230,   4,   1,   0,1027
07:46:51,1785,  97,1731, 69,1202,1444,   235,   5,   1,   0,1044
07:47:01,1788,  97,1734, 69,1205,1452,   235,   5,   1,   0,1064
07:47:11,1759,  99,1741, 70,1208,1459,   240,   5,   1,   0,1083
07:47:21,1780,  97,1726, 70,1202,1444,   245,   5,   1,   0,1101
07:47:31,1718, 104,1786, 73,1222,1493,   250,   5,   1,   0,1121
07:47:41,1718, 104,1786, 73,1222,1493,   255,   5,   1,   0,1138
07:47:51,1739, 101,1756, 71,1214,1473,   255,   5,   1,   0,1152
07:48:01,1762,  96,1691, 70,1187,1408,   260,   5,   1,   0,1171
07:48:11,1718,  96,1649, 70,1178,1387,   265,   5,   1,   0,1189
07:48:21,1636,  95,1554, 72,1143,1306,   270,   5,   1,   0,1207
07:48:31,1519,  91,1382, 72,1073,1151,   270,   5,   1,   0,1227
07:48:41,1480,  89,1317, 72,1043,1087,   275,   5,   1,   0,1247
07:48:51,1557,  94,1463, 73,1105,1221,   280,   5,   1,   0,1267
07:49:01,1730,  94,1626, 70,1164,1354,   280,   5,   1,   0,1286
07:49:11,1733, 101,1750, 72,1211,1466,   285,   5,   1,   0,1305
07:49:21,1765,  99,1747, 70,1211,1466,   290,   5,   1,   0,1319
07:49:31,1771, 100,1771, 70,1217,1481,   295,   5,   1,   0,1337
07:49:41,1733, 104,1802, 72,1231,1515,   300,   5,   1,   0,1354
07:49:51,1782,  97,1728, 68,1205,1452,   305,   5,   1,   0,1370
07:50:01,1785,  97,1731, 69,1205,1452,   305,   5,   1,   0,1387
07:50:11,1768, 100,1768, 70,1214,1473,   310,   6,   1,   0,1404
07:50:21,1771, 100,1771, 70,1217,1481,   315,   6,   1,   0,1416
07:50:31,1800,  94,1692, 68,1190,1416,   320,   8,   1,   0,1431
07:50:41,1818,  92,1672, 67,1181,1394,   325,   8,   1,   0,1451
07:50:51,1812,  92,1667, 67,1181,1394,   325,  10,   1,   0,1465
07:51:01,1800,  95,1710, 67,1196,1430,   330,  13,   1,   0,1479
07:51:11,1794,  94,1686, 68,1187,1408,   335,  19,   1,   0,1490
07:51:21,1812,  92,1667, 67,1181,1394,   340,  22,   1,   0,1503
07:51:31,1794,  94,1686, 68,1187,1408,   340,  25,   1,   0,1514
07:51:41,1794,  94,1686, 68,1187,1408,   345,  27,   1,   0,1526
07:51:51,1780,  97,1726, 69,1199,1437,   350,  31,   1,   0,1539
07:52:01,1777,  97,1723, 70,1199,1437,   355,  31,   1,   0,1558
07:52:11,1777,  96,1705, 70,1199,1437,   360,  31,   1,   0,1577
07:52:21,1774,  97,1720, 69,1199,1437,   360,  33,   1,   0,1593
07:52:31,1780,  97,1726, 69,1199,1437,   365,  33,   1,   0,1613
07:52:41,1747, 102,1781, 72,1219,1485,   370,  33,   1,   0,1632
07:52:51,1756,  99,1738, 70,1208,1459,   375,  33,   1,   0,1652
07:53:01,1774,  96,1703, 69,1199,1437,   380,  33,   1,   0,1667
07:53:11,1777,  97,1723, 68,1199,1437,   380,  33,   1,   0,1677
07:53:21,1774,  97,1720, 69,1196,1430,   385,  33,   1,   0,1692
07:53:31,1741,  98,1706, 71,1196,1430,   390,  33,   1,   0,1709
07:53:41,1659, 100,1659, 73,1181,1394,   395,  33,   1,   0,1728
07:53:51,1692,  98,1658, 72,1181,1394,   400,  33,   1,   0,1743
07:54:01,1765,  96,1694, 69,1193,1423,   400,  33,   1,   0,1762
07:54:11,1777,  96,1705, 69,1196,1430,   405,  33,   1,   0,1781
07:54:21,1771,  96,1700, 70,1199,1437,   410,  33,   1,   0,1797
07:54:31,1753,  99,1735, 70,1202,1444,   415,  33,   1,   0,1815
07:54:41,1780,  97,1726, 69,1202,1444,   420,  33,   1,   0,1833
07:54:51,1780,  97,1726, 69,1199,1437,   420,  33,   1,   0,1851
07:55:01,1780,  97,1726, 68,1199,1437,   425,  33,   1,   0,1870
07:55:11,1782,  97,1728, 70,1202,1444,   430,  36,   1,   0,1883
07:55:21,1780,  97,1726, 69,1205,1452,   435,  36,   1,   0,1899
07:55:31,1800,  95,1710, 68,1193,1423,   440,  36,   1,   0,1918
07:55:41,1756, 103,1808, 72,1231,1515,   440,  36,   1,   0,1938
07:55:51,1771, 100,1771, 71,1217,1481,   445,  36,   1,   0,1954
07:56:01,1788,  98,1752, 69,1208,1459,   450,  36,   1,   0,1969
07:56:11,1800,  95,1710, 68,1196,1430,   455,  36,   1,   0,1986
07:56:21,1818,  92,1672, 67,1181,1394,   460,  38,   1,   0,1998
07:56:31,1803,  95,1712, 67,1196,1430,   460,  40,   1,   0,2012
07:56:41,1818,  91,1654, 67,1178,1387,   465,  40,   1,   0,2029
07:56:51,1821,  92,1675, 67,1184,1401,   470,  40,   1,   0,2046
07:57:01,1818,  92,1672, 67,1181,1394,   475,  40,   1,   0,2062
07:57:11,1818,  92,1672, 67,1181,1394,   480,  40,   1,   0,2081
07:57:21,1824,  93,1696, 67,1184,1401,   480,  40,   1,   0,2101
07:57:31,1824,  92,1678, 67,1184,1401,   485,  40,   1,   0,2120
07:57:41,1821,  92,1675, 67,1184,1401,   490,  40,   1,   0,2140
07:57:52,1826,  93,1698, 67,1190,1416,   495,  40,   1,   0,2160
07:58:02,1821,  93,1693, 67,1184,1401,   495,  40,   1,   0,2180
07:58:12,1826,  93,1698, 67,1190,1416,   500,  40,   1,   0,2198
07:58:22,1826,  93,1698, 67,1187,1408,   505,  40,   1,   0,2218
07:58:32,1832,  93,1703, 67,1190,1416,   510,  40,   1,   0,2238
07:58:42,1806,  98,1769, 69,1222,1493,   515,  40,   1,   0,2254
07:58:52,1806,  98,1769, 69,1222,1493,   515,  40,   1,   0,2262
07:59:02,1806,  99,1787, 69,1219,1485,   520,  40,   1,   0,2280
07:59:12,1818,  96,1745, 68,1205,1452,   525,  40,   1,   0,2299
07:59:22,1797, 101,1814, 70,1231,1515,   530,  40,   1,   0,2319
07:59:32,1744, 110,1918, 74,1263,1595,   535,  40,   1,   0,2339
07:59:42,1718, 104,1786, 73,1225,1500,   540,  40,   1,   0,2356
07:59:52,1554, 104,1616, 76,1158,1340,   540,  40,   1,   0,2376
08:00:02,1375,  98,1347, 80,1058,1119,   545,  40,   1,   0,2395
08:00:12,1258,  86,1081, 79, 947, 896,   550,  40,   1,   0,2415
08:00:22,1328,  94,1248, 80,1023,1046,   550,  40,   1,   0,2435
08:00:32,1633, 106,1730, 76,1202,1444,   555,  40,   1,   0,2454
08:00:42,1739, 102,1773, 72,1219,1485,   560,  40,   1,   0,2474
08:00:52,1733,  94,1629, 69,1167,1361,   560,  40,   1,   0,2493
08:01:02,1563,  88,1375, 70,1067,1138,   565,  40,   2,   0,2511
08:01:12,1219,  68, 828, 70, 818, 669,   570,  40,   2,   0,2531
08:01:33,1,0,0,0,0,0,0
08:01:43,1741,  69,1201, 60,1000,1000,   570,  40,   2,   0,2555
08:01:53,1818,  64,1163, 56, 979, 958,   575,  40,   2,   0,2574
08:02:03,1741,  64,1114, 57, 956, 913,   575,  40,   2,   0,2593
08:02:13,1574,  62, 975, 60, 900, 810,   580,  40,   2,   0,2611
08:02:35,1,0,0,0,0,0,0
08:03:01,1,0,0,0,0,0,0
08:03:26,1,0,0,0,0,0,0
08:03:52,1,0,0,0,0,0,0
08:04:17,1,0,0,0,0,0,0
08:04:43,1,0,0,0,0,0,0
08:05:08,1,0,0,0,0,0,0
08:05:34,1,0,0,0,0,0,0
08:05:59,1,0,0,0,0,0,0
08:06:25,1,0,0,0,0,0,0
08:06:50,1,0,0,0,0,0,0
08:07:16,1,0,0,0,0,0,0
08:07:41,1,0,0,0,0,0,0
08:08:07,1,0,0,0,0,0,0
08:08:32,1,0,0,0,0,0,0
08:08:58,1,0,0,0,0,0,0
08:09:23,1,0,0,0,0,0,0
08:09:50,1,0,0,0,0,0,0
08:10:15,1,0,0,0,0,0,0
08:10:41,1,0,0,0,0,0,0
08:11:06,1,0,0,0,0,0,0
08:11:32,1,0,0,0,0,0,0
08:11:42,1689,  72,1216, 61,1008,1016,   595,  58,   5,   0,2862
08:11:52,1507,  64, 964, 62, 894, 799,   595,  58,   5,   0,2880
08:12:16,1,0,0,0,0,0,0
08:12:41,1,0,0,0,0,0,0
08:13:07,1,0,0,0,0,0,0
08:13:32,1,0,0,0,0,0,0
08:13:58,1,0,0,0,0,0,0
08:14:23,1,0,0,0,0,0,0
08:14:49,1,0,0,0,0,0,0
08:14:59,1985,  71,1409, 56,1096,1201,   600,  61,   5,   0,2974
08:15:09,2000,  71,1420, 56,1105,1221,   605,  61,   5,   0,2992
08:15:19,1985,  71,1409, 57,1096,1201,   610,  61,   5,   0,3009
08:15:29,1964,  77,1512, 59,1134,1285,   615,  61,   5,   0,3026
08:15:39,1970,  71,1398, 56,1087,1181,   615,  61,   5,   0,3046
08:15:49,1958,  70,1370, 57,1082,1170,   620,  61,   5,   0,3064
08:15:59,1938,  76,1472, 59,1117,1247,   625,  61,   5,   0,3082
08:16:09,1958,  70,1370, 56,1079,1164,   625,  61,   5,   0,3101
08:16:19,1944,  74,1438, 58,1096,1201,   630,  61,   5,   0,3120
08:16:29,1938,  70,1356, 56,1070,1144,   635,  61,   5,   0,3135
08:16:39,1920,  76,1459, 59,1108,1227,   635,  61,   5,   0,3154
08:16:49,1941,  70,1358, 56,1070,1144,   640,  61,   5,   0,3167
08:16:59,1944,  70,1360, 56,1070,1144,   640,  61,   5,   0,3186
08:17:09,1903,  76,1446, 59,1096,1201,   645,  61,   5,   0,3205
08:17:19,1903,  72,1370, 58,1073,1151,   650,  61,   5,   0,3222
08:17:29,1888,  75,1416, 59,1090,1188,   650,  61,   5,   0,3242
08:17:39,1906,  70,1334, 56,1052,1106,   655,  61,   5,   0,3262
08:17:49,1912,  73,1395, 57,1082,1170,   660,  61,   5,   0,3279
08:17:59,1935,  74,1431, 58,1093,1194,   660,  61,   5,   0,3299
08:18:09,1917,  79,1514, 61,1131,1279,   665,  61,   5,   0,3319
08:18:19,1926,  70,1348, 57,1067,1138,   670,  61,   5,   0,3339
08:18:29,1912,  69,1319, 56,1049,1100,   670,  61,   5,   0,3359
08:18:39,1914,  69,1320, 56,1058,1119,   675,  61,   5,   0,3376
08:18:49,1923,  70,1346, 56,1061,1125,   680,  61,   5,   0,3396
08:18:59,1903,  78,1484, 60,1120,1254,   680,  61,   5,   0,3416
08:19:09,1870,  80,1496, 61,1126,1267,   685,  61,   5,   0,3434
08:19:19,1865,  83,1547, 63,1143,1306,   690,  61,   5,   0,3452
08:19:29,1900,  78,1482, 61,1120,1254,   690,  61,   5,   0,3471
08:19:39,1926,  70,1348, 57,1067,1138,   695,  61,   5,   0,3489
08:19:49,1868,  77,1438, 60,1099,1207,   700,  61,   5,   0,3507
08:19:59,1730,  81,1401, 64,1079,1164,   700,  61,   5,   0,3527
08:20:09,1571,  79,1241, 67,1017,1034,   705,  61,   5,   0,3547
08:20:19,1390,  77,1070, 70, 950, 902,   705,  61,   5,   0,3565
08:20:29,1272,  73, 928, 72, 879, 772,   710,  61,   5,   0,3581
08:20:52,1,0,0,0,0,0,0
08:21:02,1815,  81,1470, 63,1111,1234,   715,  61,   5,   0,3608
08:21:12,1850,  76,1406, 60,1087,1181,   715,  61,   5,   0,3624
08:21:22,1873,  77,1442, 60,1099,1207,   720,  61,   5,   0,3641
08:21:32,1882,  77,1449, 60,1111,1234,   725,  61,   5,   0,3660
08:21:43,1888,  80,1510, 62,1131,1279,   725,  61,   5,   0,3680
08:21:53,1888,  84,1585, 63,1158,1340,   730,  61,   5,   0,3699
08:22:03,1897,  81,1536, 62,1140,1299,   735,  61,   5,   0,3719
08:22:13,1882,  87,1637, 64,1178,1387,   740,  61,   5,   0,3739
08:22:23,1876,  91,1707, 66,1196,1430,   740,  61,   5,   0,3759
08:22:33,1865,  94,1753, 67,1214,1473,   745,  61,   5,   0,3774
08:22:43,1841,  99,1822, 70,1243,1545,   750,  63,   5,   0,3791
08:22:53,1809, 105,1899, 72,1266,1602,   755,  64,   5,   0,3806
08:23:03,1812, 105,1902, 72,1269,1610,   760,  64,   5,   0,3826
08:23:13,1815, 106,1923, 72,1269,1610,   765,  64,   5,   0,3846
08:23:23,1809, 105,1899, 72,1266,1602,   770,  64,   5,   0,3866
08:23:33,1794, 104,1865, 72,1258,1582,   775,  64,   5,   0,3882
08:23:43,1700, 105,1785, 75,1225,1500,   775,  64,   5,   0,3901
08:23:53,1436,  95,1364, 76,1073,1151,   780,  64,   5,   0,3921
08:24:22,1,0,0,0,0,0,0
08:24:48,1,0,0,0,0,0,0
08:25:13,1,0,0,0,0,0,0
08:25:39,1,0,0,0,0,0,0
08:26:04,1,0,0,0,0,0,0
08:26:14,1794,  73,1309, 60,1058,1119,   790,  65,  11,   0,4000
08:26:24,1888,  73,1378, 59,1085,1177,   790,  65,  11,   0,4016
08:26:34,1900,  74,1406, 59,1093,1194,   795,  65,  11,   0,4036
08:26:44,1894,  77,1458, 61,1114,1240,   795,  65,  11,   0,4056
08:26:54,1870,  83,1552, 63,1146,1313,   800,  65,  11,   0,4074
08:27:04,1850,  82,1517, 63,1131,1279,   805,  65,  11,   0,4093
08:27:14,1768,  85,1502, 66,1126,1267,   810,  65,  11,   0,4112
08:27:24,1492,  80,1193, 70,1002,1004,   810,  65,  11,   0,4132
08:27:34,1513,  84,1270, 70,1032,1065,   815,  65,  11,   0,4152
08:27:44,1724,  86,1482, 66,1117,1247,   815,  65,  11,   0,4172
08:27:54,1495,  74,1106, 66, 961, 923,   820,  65,  11,   0,4190
08:28:20,1,0,0,0,0,0,0
08:28:46,1,0,0,0,0,0,0
08:29:11,1,0,0,0,0,0,0
08:29:37,1,0,0,0,0,0,0
08:30:02,1,0,0,0,0,0,0
08:30:28,1,0,0,0,0,0,0
08:30:38,1592,  67,1066, 62, 947, 896,   825,  70,  12,   0,4274
08:31:06,1,0,0,0,0,0,0
08:31:32,1,0,0,0,0,0,0
08:31:57,1,0,0,0,0,0,0
08:32:23,1,0,0,0,0,0,0
08:32:48,1,0,0,0,0,0,0
08:33:14,1,0,0,0,0,0,0
08:33:40,1,0,0,0,0,0,0
08:34:06,1,0,0,0,0,0,0
08:34:31,1,0,0,0,0,0,0
08:34:41,1856,  66,1224, 57,1020,1040,   835,  70,  12,   6,4376
08:34:51,1941,  64,1242, 54,1026,1052,   835,  70,  12,   6,4394
08:35:01,1944,  64,1244, 55,1026,1052,   840,  70,  12,   6,4414
08:35:11,1947,  64,1246, 54,1029,1058,   840,  70,  12,   6,4434
08:35:21,1923,  70,1346, 57,1061,1125,   845,  70,  12,   6,4454
08:35:31,1891,  71,1342, 58,1064,1132,   845,  70,  12,   6,4470
08:35:41,1909,  73,1393, 58,1076,1157,   850,  70,  12,   6,4489
08:35:51,1947,  67,1304, 56,1049,1100,   855,  70,  12,   6,4507
08:36:01,1958,  64,1253, 54,1032,1065,   855,  70,  12,   6,4523
08:36:11,1973,  62,1223, 52,1014,1028,   860,  70,  12,   6,4542
08:36:21,1970,  62,1221, 52,1014,1028,   860,  70,  12,   6,4562
08:36:31,1979,  62,1226, 52,1014,1028,   865,  70,  12,   6,4582
08:36:41,1967,  62,1219, 52,1014,1028,   870,  70,  12,   6,4602
08:36:51,1964,  62,1217, 52,1011,1022,   870,  70,  12,   6,4622
08:37:01,1964,  62,1217, 52,1011,1022,   875,  70,  12,   6,4642
08:37:11,1947,  64,1246, 54,1026,1052,   875,  70,  13,   6,4657
08:37:21,1950,  62,1209, 53,1005,1010,   880,  70,  13,   6,4674
08:37:31,1938,  62,1201, 52, 997, 994,   880,  70,  13,   6,4694
08:37:41,1941,  62,1203, 52,1000,1000,   885,  70,  13,   6,4712
08:37:51,1944,  62,1205, 52,1002,1004,   885,  70,  13,   6,4732
08:38:01,1932,  61,1178, 52, 994, 988,   890,  72,  13,   6,4749
08:38:11,1914,  64,1224, 55,1011,1022,   895,  73,  13,   6,4768
08:38:21,1906,  70,1334, 56,1052,1106,   895,  73,  13,   6,4788
08:38:31,1917,  64,1226, 54,1008,1016,   900,  73,  13,   6,4806
08:38:41,1870,  65,1215, 55,1008,1016,   900,  74,  13,   6,4823
08:38:51,1873,  65,1217, 55,1014,1028,   905,  74,  13,   6,4836
08:39:01,1876,  65,1219, 56,1014,1028,   905,  74,  13,   6,4856
08:39:11,1847,  73,1348, 59,1064,1132,   910,  74,  13,   6,4875
08:39:21,1894,  69,1306, 57,1043,1087,   915,  74,  13,   6,4893
08:39:31,1870,  71,1327, 58,1055,1113,   915,  74,  13,   6,4913
08:39:41,1865,  68,1268, 57,1026,1052,   920,  74,  13,   6,4931
08:39:51,1815,  66,1197, 57,1000,1000,   920,  74,  13,   6,4950
08:40:01,1850,  66,1221, 57,1017,1034,   925,  74,  13,   6,4968
08:40:11,1844,  67,1235, 56,1017,1034,   930,  74,  13,   6,4986
08:40:21,1803,  62,1117, 55, 967, 935,   930,  75,  13,   6,5005
08:40:31,1706,  68,1160, 58, 979, 958,   935,  75,  13,   6,5024
08:40:41,1856,  61,1132, 55, 973, 946,   935,  75,  13,   6,5044
08:40:51,1818,  69,1254, 58,1026,1052,   940,  75,  13,   6,5063
08:41:01,1639,  70,1147, 62, 979, 958,   940,  75,  13,   6,5083
08:41:11,1668,  71,1184, 61, 994, 988,   945,  75,  13,   6,5100
08:41:21,1862,  70,1303, 57,1052,1106,   945,  75,  13,   6,5119
08:41:31,1909,  66,1259, 55,1029,1058,   950,  75,  13,   6,5138
08:41:41,1914,  63,1205, 53,1011,1022,   955,  75,  13,   6,5157
08:41:51,1909,  69,1317, 57,1052,1106,   955,  75,  13,   6,5177
08:42:01,1923,  63,1211, 54,1011,1022,   960,  75,  13,   6,5195
08:42:11,1926,  64,1232, 53,1014,1028,   960,  75,  13,   6,5211
08:42:21,1926,  64,1232, 53,1017,1034,   965,  75,  13,   6,5229
08:42:31,1935,  64,1238, 53,1020,1040,   965,  75,  13,   6,5248
08:42:41,1932,  64,1236, 53,1020,1040,   970,  75,  13,   6,5268
08:42:51,1923,  63,1211, 53,1014,1028,   975,  75,  13,   6,5286
08:43:01,1926,  64,1232, 53,1020,1040,   975,  75,  13,   6,5304
08:43:11,1926,  64,1232, 53,1017,1034,   980,  75,  13,   6,5324
08:43:21,1929,  64,1234, 53,1020,1040,   980,  75,  13,   6,5344
08:43:31,1929,  64,1234, 53,1020,1040,   985,  75,  13,   6,5364
08:43:41,1920,  64,1228, 54,1017,1034,   990,  75,  13,   6,5380
08:43:51,1929,  63,1215, 53,1014,1028,   990,  75,  13,   6,5395
08:44:01,1929,  64,1234, 53,1014,1028,   995,  75,  13,   6,5411
08:44:11,1920,  63,1209, 54,1014,1028,   995,  75,  13,   6,5425
08:44:21,1903,  65,1236, 55,1029,1058,  1000,  75,  13,   6,5443
08:44:31,1903,  65,1236, 55,1029,1058,  1000,  75,  13,   6,5463
08:44:41,1906,  68,1296, 56,1055,1113,  1005,  75,  13,   6,5481
08:44:51,1923,  63,1211, 53,1011,1022,  1010,  75,  13,   6,5496
08:45:01,1923,  62,1192, 54,1014,1028,  1010,  75,  13,   6,5507
08:45:12,1912,  65,1242, 56,1035,1071,  1015,  75,  13,   6,5522
08:45:22,1903,  68,1294, 56,1049,1100,  1015,  75,  13,   6,5539
08:45:32,1923,  63,1211, 54,1014,1028,  1020,  75,  13,   6,5559
08:45:42,1912,  65,1242, 55,1032,1065,  1025,  75,  13,   6,5576
08:45:52,1909,  65,1240, 55,1032,1065,  1025,  75,  13,   6,5596
08:46:02,1914,  62,1186, 53,1008,1016,  1030,  75,  13,   6,5615
08:46:12,1909,  62,1183, 53,1008,1016,  1030,  75,  13,   6,5635
08:46:22,1906,  62,1181, 53,1002,1004,  1035,  75,  13,   6,5654
08:46:32,1897,  62,1176, 54,1000,1000,  1035,  76,  13,   6,5668
08:46:42,1873,  69,1292, 57,1055,1113,  1040,  76,  13,   6,5688
08:46:52,1894,  61,1155, 54, 997, 994,  1040,  76,  13,   6,5705
08:47:02,1873,  67,1254, 56,1032,1065,  1045,  76,  13,   6,5723
08:47:12,1868,  67,1251, 56,1032,1065,  1050,  76,  13,   6,5740
08:47:22,1879,  61,1146, 55, 991, 982,  1050,  76,  13,   6,5759
08:47:32,1865,  64,1193, 55,1008,1016,  1055,  76,  13,   6,5774
08:47:42,1850,  72,1332, 59,1067,1138,  1055,  76,  13,   6,5794
08:47:52,1879,  67,1258, 56,1038,1077,  1060,  76,  13,   6,5812
08:48:02,1897,  65,1233, 55,1026,1052,  1065,  76,  13,   6,5827
08:48:12,1903,  65,1236, 56,1032,1065,  1065,  76,  13,   6,5847
08:48:22,1920,  60,1152, 54, 988, 976,  1070,  76,  13,   6,5866
08:48:32,1897,  68,1289, 56,1046,1094,  1070,  76,  13,   6,5885
08:48:42,1862,  73,1359, 59,1073,1151,  1075,  76,  13,   6,5905
08:48:52,1821,  81,1475, 63,1117,1247,  1080,  76,  13,   6,5924
08:49:02,1829,  81,1481, 63,1120,1254,  1080,  76,  13,   6,5943
08:49:12,1841,  78,1435, 61,1108,1227,  1085,  76,  13,   6,5959
08:49:22,1868,  72,1344, 59,1073,1151,  1090,  76,  13,   6,5975
08:49:32,1909,  65,1240, 55,1032,1065,  1090,  76,  13,   6,5995
08:49:42,1906,  65,1238, 55,1032,1065,  1095,  76,  13,   6,6015
08:49:52,1912,  62,1185, 54,1008,1016,  1095,  76,  13,   6,6034
08:50:02,1906,  65,1238, 56,1026,1052,  1100,  76,  13,   6,6054
08:50:12,1917,  60,1150, 54, 988, 976,  1105,  76,  13,   6,6074
08:50:22,1900,  59,1121, 54, 976, 952,  1105,  76,  13,   6,6092
08:50:32,1900,  62,1178, 53,1000,1000,  1110,  77,  13,   6,6104
08:50:42,1903,  62,1179, 53,1002,1004,  1110,  77,  13,   6,6124
08:50:52,1876,  64,1200, 56,1011,1022,  1115,  77,  13,   6,6142
08:51:02,1859,  64,1189, 55,1002,1004,  1115,  77,  13,   6,6161
08:51:12,1832,  66,1209, 57,1014,1028,  1120,  77,  13,   6,6179
08:51:22,1826,  65,1186, 57,1002,1004,  1120,  77,  13,   6,6198
08:51:32,1797,  64,1150, 56, 991, 982,  1125,  77,  13,   6,6218
08:51:42,1853,  63,1167, 55, 997, 994,  1130,  77,  13,   6,6235
08:51:52,1900,  61,1159, 55, 997, 994,  1130,  77,  13,   6,6251
08:52:02,1894,  61,1155, 55, 997, 994,  1135,  77,  13,   6,6270
08:52:12,1865,  69,1286, 58,1046,1094,  1135,  77,  13,   6,6290
08:52:22,1906,  61,1162, 55,1000,1000,  1140,  77,  13,   6,6310
08:52:32,1885,  64,1206, 55,1014,1028,  1140,  77,  13,   6,6328
08:52:42,1862,  72,1340, 59,1070,1144,  1145,  77,  13,   6,6347
08:52:52,1906,  64,1219, 55,1029,1058,  1150,  77,  13,   6,6364
08:53:02,1894,  64,1212, 55,1017,1034,  1150,  77,  13,   6,6383
08:53:12,1777,  65,1155, 58, 994, 988,  1155,  77,  13,   6,6401
08:53:22,1381,  56, 773, 60, 797, 635,  1155,  77,  13,   6,6421
08:53:42,1,0,0,0,0,0,0
08:54:07,1,0,0,0,0,0,0
08:54:33,1,0,0,0,0,0,0
08:54:43,1762,  68,1198, 60,1014,1028,  1160,  78,  14,   6,6464
08:54:53,1850,  65,1202, 56,1017,1034,  1160,  78,  14,   6,6481
08:55:03,1900,  58,1102, 52, 973, 946,  1165,  78,  14,   6,6498
08:55:13,1926,  59,1136, 53, 997, 994,  1170,  78,  14,   6,6516
08:55:23,1941,  57,1106, 52, 976, 952,  1170,  78,  14,   6,6536
08:55:33,1932,  62,1197, 54,1020,1040,  1175,  78,  14,   6,6554
08:55:43,1950,  57,1111, 52, 976, 952,  1175,  78,  14,   6,6573
08:55:53,1941,  60,1164, 52,1002,1004,  1180,  78,  14,   6,6592
08:56:03,1947,  57,1109, 51, 976, 952,  1180,  78,  14,   6,6612
08:56:13,1947,  57,1109, 51, 973, 946,  1185,  78,  14,   6,6632
08:56:23,1944,  57,1108, 51, 973, 946,  1185,  78,  14,   6,6652
08:56:34,1944,  57,1108, 51, 973, 946,  1190,  78,  14,   6,6672
08:56:44,1941,  57,1106, 51, 973, 946,  1190,  78,  14,   6,6692
08:56:54,1938,  57,1104, 51, 976, 952,  1195,  78,  14,   6,6712
08:57:04,1938,  57,1104, 51, 973, 946,  1195,  78,  14,   6,6732
08:57:14,1938,  57,1104, 51, 970, 940,  1200,  78,  14,   6,6751
08:57:24,1935,  57,1102, 51, 967, 935,  1200,  78,  14,   6,6769
08:57:34,1935,  57,1102, 51, 976, 952,  1205,  80,  14,   6,6783
08:57:44,1929,  57,1099, 51, 973, 946,  1210,  82,  14,   6,6798
08:57:54,1932,  57,1101, 51, 970, 940,  1210,  84,  14,   6,6808
08:58:04,1926,  59,1136, 53, 991, 982,  1215,  88,  14,   6,6820
08:58:14,1909,  64,1221, 55,1026,1052,  1215,  88,  14,   6,6839
08:58:24,1929,  56,1080, 52, 967, 935,  1220,  88,  14,   6,6857
08:58:34,1923,  59,1134, 54, 988, 976,  1220,  88,  14,   6,6877
08:58:44,1900,  64,1216, 56,1023,1046,  1225,  88,  14,   6,6893
08:58:54,1879,  73,1371, 58,1079,1164,  1225,  88,  14,   6,6911
08:59:04,1903,  64,1217, 55,1023,1046,  1230,  88,  14,   6,6928
08:59:14,1917,  59,1131, 52, 991, 982,  1235,  88,  14,   6,6943
08:59:24,1917,  58,1111, 52, 982, 964,  1235,  88,  14,   6,6963
08:59:34,1920,  57,1094, 52, 967, 935,  1240,  88,  14,   6,6983
08:59:44,1917,  58,1111, 53, 985, 970,  1240,  88,  14,   6,7002
08:59:54,1926,  57,1097, 52, 961, 923,  1245,  88,  14,   6,7022
09:00:04,1914,  58,1110, 52, 988, 976,  1245,  88,  14,   6,7042
09:00:14,1920,  57,1094, 52, 967, 935,  1250,  88,  14,   6,7062
09:00:24,1912,  59,1128, 52, 982, 964,  1250,  88,  14,   6,7082
09:00:34,1920,  56,1075, 52, 967, 935,  1255,  88,  14,   6,7102
09:00:44,1914,  59,1129, 52, 988, 976,  1255,  88,  14,   6,7122
09:00:54,1920,  56,1075, 52, 964, 929,  1260,  88,  14,   6,7142
09:01:04,1912,  59,1128, 52, 982, 964,  1260,  88,  14,   6,7162
09:01:14,1917,  56,1073, 52, 964, 929,  1265,  88,  14,   6,7182
09:01:24,1914,  56,1071, 52, 964, 929,  1265,  88,  14,   6,7202
09:01:34,1912,  58,1108, 52, 985, 970,  1270,  88,  14,   6,7222
09:01:44,1912,  58,1108, 52, 982, 964,  1275,  88,  14,   6,7242
09:01:54,1912,  59,1128, 52, 979, 958,  1275,  88,  14,   6,7262
09:02:04,1912,  59,1128, 52, 988, 976,  1280,  88,  14,   6,7282
09:02:14,1912,  58,1108, 52, 979, 958,  1280,  88,  14,   6,7302
09:02:24,1920,  56,1075, 52, 964, 929,  1285,  88,  14,   6,7322
09:02:34,1912,  58,1108, 52, 979, 958,  1285,  88,  14,   6,7342
09:02:44,1906,  58,1105, 52, 979, 958,  1290,  88,  14,   6,7359
09:02:54,1912,  58,1108, 52, 979, 958,  1290,  88,  14,   6,7379
09:03:04,1914,  58,1110, 52, 988, 976,  1295,  88,  14,   6,7399
09:03:14,1912,  58,1108, 52, 979, 958,  1295,  88,  14,   6,7419
09:03:24,1912,  58,1108, 52, 982, 964,  1300,  88,  14,   6,7439
09:03:34,1914,  59,1129, 52, 982, 964,  1300,  88,  14,   6,7459
09:03:44,1912,  59,1128, 52, 982, 964,  1305,  88,  14,   6,7479
09:03:54,1914,  59,1129, 52, 982, 964,  1305,  88,  14,   6,7497
09:04:04,1909,  58,1107, 52, 979, 958,  1310,  88,  14,   6,7517
09:04:14,1914,  59,1129, 52, 982, 964,  1315,  88,  14,   6,7536
09:04:24,1914,  58,1110, 52, 982, 964,  1315,  88,  14,   6,7555
09:04:34,1909,  58,1107, 52, 985, 970,  1320,  88,  14,   6,7574
09:04:44,1912,  59,1128, 52, 985, 970,  1320,  88,  14,   6,7594
09:04:54,1914,  58,1110, 52, 982, 964,  1325,  88,  14,   6,7614
09:05:04,1906,  58,1105, 52, 982, 964,  1325,  88,  14,   6,7633
09:05:14,1912,  59,1128, 52, 985, 970,  1330,  88,  14,   6,7652
09:05:24,1909,  58,1107, 52, 979, 958,  1330,  88,  14,   6,7671
09:05:34,1912,  58,1108, 52, 985, 970,  1335,  88,  14,   6,7691
09:05:44,1909,  58,1107, 52, 979, 958,  1335,  88,  14,   6,7710
09:05:54,1906,  58,1105, 52, 982, 964,  1340,  88,  14,   6,7728
09:06:04,1914,  58,1110, 52, 985, 970,  1340,  88,  14,   6,7748
09:06:14,1914,  59,1129, 52, 982, 964,  1345,  88,  14,   6,7768
09:06:24,1909,  58,1107, 52, 985, 970,  1345,  88,  14,   6,7788
09:06:34,1914,  59,1129, 52, 982, 964,  1350,  88,  14,   6,7808
09:06:44,1909,  58,1107, 52, 976, 952,  1355,  88,  14,   6,7827
09:06:54,1891,  61,1153, 54,1000,1000,  1355,  88,  14,   6,7843
09:07:04,1894,  58,1098, 53, 976, 952,  1360,  88,  14,   6,7860
09:07:14,1897,  61,1157, 54, 997, 994,  1360,  88,  14,   6,7880
09:07:24,1903,  61,1160, 54,1000,1000,  1365,  88,  14,   6,7899
09:07:34,1912,  59,1128, 52, 982, 964,  1365,  88,  14,   6,7916
09:07:44,1914,  58,1110, 52, 982, 964,  1370,  88,  14,   6,7936
09:07:54,1917,  56,1073, 52, 964, 929,  1370,  88,  14,   6,7956
09:08:04,1909,  58,1107, 52, 985, 970,  1375,  88,  14,   6,7976
09:08:14,1912,  58,1108, 52, 979, 958,  1375,  88,  14,   6,7996
09:08:24,1912,  59,1128, 52, 979, 958,  1380,  88,  14,   6,8016
09:08:34,1912,  59,1128, 52, 982, 964,  1380,  88,  14,   6,8036
09:08:45,1909,  58,1107, 52, 979, 958,  1385,  88,  14,   6,8056
09:08:55,1912,  59,1128, 52, 982, 964,  1390,  88,  14,   6,8076
09:09:05,1912,  58,1108, 52, 982, 964,  1390,  88,  14,   6,8096
09:09:15,1909,  58,1107, 52, 976, 952,  1395,  88,  14,   6,8115
09:09:25,1912,  58,1108, 52, 976, 952,  1395,  88,  14,   6,8135
09:09:35,1909,  58,1107, 52, 979, 958,  1400,  88,  14,   6,8155
09:09:45,1906,  58,1105, 52, 982, 964,  1400,  88,  14,   6,8173
09:09:55,1903,  59,1122, 52, 976, 952,  1405,  88,  14,   6,8190
09:10:05,1909,  58,1107, 52, 979, 958,  1405,  88,  14,   6,8208
09:10:15,1914,  56,1071, 52, 956, 913,  1410,  88,  14,   6,8227
09:10:25,1906,  58,1105, 52, 976, 952,  1410,  88,  14,   6,8245
09:10:35,1903,  58,1103, 52, 979, 958,  1415,  88,  14,   6,8264
09:10:45,1912,  56,1070, 52, 961, 923,  1415,  88,  14,   6,8281
09:10:55,1906,  59,1124, 52, 985, 970,  1420,  88,  14,   6,8300
09:11:05,1912,  58,1108, 52, 976, 952,  1420,  88,  14,   6,8320
09:11:15,1912,  58,1108, 52, 979, 958,  1425,  88,  14,   6,8340
09:11:25,1914,  56,1071, 52, 961, 923,  1430,  88,  14,   6,8360
09:11:35,1914,  58,1110, 52, 979, 958,  1430,  88,  14,   6,8380
09:11:45,1909,  58,1107, 52, 982, 964,  1435,  88,  14,   6,8400
09:11:55,1917,  56,1073, 52, 961, 923,  1435,  88,  14,   6,8420
09:12:05,1914,  58,1110, 52, 979, 958,  1440,  88,  14,   6,8440
09:12:15,1912,  59,1128, 52, 985, 970,  1440,  88,  14,   6,8460
09:12:25,1914,  58,1110, 52, 985, 970,  1445,  88,  14,   6,8480
09:12:35,1912,  59,1128, 52, 985, 970,  1445,  88,  14,   6,8500
09:12:45,1912,  58,1108, 52, 985, 970,  1450,  88,  14,   6,8520
09:12:55,1912,  58,1108, 52, 979, 958,  1450,  88,  14,   6,8540
09:13:05,1912,  58,1108, 52, 976, 952,  1455,  88,  14,   6,8560
09:13:15,1914,  58,1110, 52, 982, 964,  1455,  88,  14,   6,8580
09:13:25,1909,  59,1126, 52, 982, 964,  1460,  88,  14,   6,8600
09:13:35,1909,  58,1107, 52, 982, 964,  1460,  88,  14,   6,8620
09:13:45,1909,  59,1126, 52, 985, 970,  1465,  88,  14,   6,8640
09:13:55,1914,  56,1071, 52, 964, 929,  1465,  88,  14,   6,8660
09:14:05,1914,  59,1129, 52, 979, 958,  1470,  88,  14,   6,8680
09:14:15,1909,  58,1107, 52, 985, 970,  1475,  88,  14,   6,8700
09:14:25,1909,  59,1126, 52, 985, 970,  1475,  88,  14,   6,8720
09:14:35,1920,  56,1075, 52, 958, 917,  1480,  88,  14,   6,8740
09:14:45,1917,  57,1092, 51, 958, 917,  1480,  88,  14,   6,8760
09:14:55,1912,  59,1128, 52, 982, 964,  1485,  88,  14,   6,8780
09:15:05,1914,  57,1090, 52, 961, 923,  1485,  88,  14,   6,8800
09:15:15,1912,  56,1070, 51, 961, 923,  1490,  88,  14,   6,8820
09:15:25,1914,  56,1071, 52, 958, 917,  1490,  88,  14,   6,8840
09:15:35,1917,  57,1092, 51, 958, 917,  1495,  88,  14,   6,8860
09:15:45,1914,  57,1090, 51, 964, 929,  1495,  88,  14,   6,8880
09:15:55,1914,  56,1071, 51, 964, 929,  1500,  88,  14,   6,8900
09:16:05,1914,  57,1090, 51, 958, 917,  1500,  88,  14,   6,8920
09:16:15,1914,  57,1090, 51, 961, 923,  1505,  88,  14,   6,8940
09:16:25,1914,  57,1090, 51, 958, 917,  1505,  88,  14,   6,8960
09:16:35,1917,  57,1092, 51, 961, 923,  1510,  88,  14,   6,8980
09:16:45,1914,  57,1090, 51, 961, 923,  1510,  88,  14,   6,9000
09:16:55,1912,  56,1070, 51, 961, 923,  1515,  88,  14,   6,9020
09:17:05,1914,  57,1090, 51, 958, 917,  1515,  88,  14,   6,9040
09:17:15,1914,  56,1071, 51, 958, 917,  1520,  88,  14,   6,9060
09:17:25,1917,  57,1092, 51, 961, 923,  1520,  88,  14,   6,9080
09:17:35,1912,  57,1089, 51, 958, 917,  1525,  88,  14,   6,9100
09:17:45,1914,  57,1090, 51, 958, 917,  1525,  88,  14,   6,9120
09:17:55,1917,  57,1092, 51, 961, 923,  1530,  88,  14,   6,9140
09:18:05,1912,  57,1089, 51, 964, 929,  1530,  88,  14,   6,9160
09:18:15,1914,  57,1090, 51, 961, 923,  1535,  88,  14,   6,9180
09:18:25,1912,  57,1089, 51, 958, 917,  1535,  88,  14,   6,9200
09:18:35,1914,  57,1090, 51, 961, 923,  1540,  88,  14,   6,9220
09:18:45,1912,  56,1070, 51, 958, 917,  1540,  88,  14,   6,9240
09:18:55,1914,  57,1090, 51, 961, 923,  1545,  88,  14,   6,9260
09:19:05,1917,  57,1092, 51, 961, 923,  1545,  88,  14,   6,9280
09:19:15,1917,  57,1092, 51, 956, 913,  1550,  88,  14,   6,9300
09:19:25,1914,  57,1090, 51, 961, 923,  1550,  88,  14,   6,9320
09:19:35,1914,  56,1071, 51, 961, 923,  1555,  88,  14,   6,9340
09:19:45,1917,  57,1092, 51, 961, 923,  1555,  88,  14,   6,9360
09:19:55,1917,  56,1073, 51, 956, 913,  1560,  88,  14,   6,9380
09:20:05,1914,  57,1090, 51, 953, 908,  1560,  88,  14,   6,9400
09:20:15,1912,  57,1089, 51, 958, 917,  1565,  88,  14,   6,9420
09:20:25,1914,  57,1090, 51, 961, 923,  1570,  88,  14,   6,9440
09:20:35,1914,  57,1090, 51, 964, 929,  1570,  88,  14,   6,9460
09:20:45,1917,  56,1073, 51, 956, 913,  1575,  88,  14,   6,9480
09:20:55,1914,  56,1071, 51, 956, 913,  1575,  88,  14,   6,9500
09:21:05,1909,  57,1088, 51, 961, 923,  1580,  88,  14,   6,9520
09:21:15,1909,  57,1088, 51, 956, 913,  1580,  88,  14,   6,9540
09:21:26,1900,  56,1064, 52, 950, 902,  1585,  93,  14,   6,9553
09:21:36,1879,  67,1258, 56,1032,1065,  1585,  93,  14,   6,9573
09:21:46,1917,  57,1092, 52, 961, 923,  1590,  93,  14,   6,9591
09:21:56,1914,  57,1090, 51, 964, 929,  1590,  93,  14,   6,9611
09:22:06,1923,  54,1038, 51, 938, 879,  1595,  93,  14,   6,9631
09:22:16,1923,  54,1038, 51, 941, 885,  1595,  93,  14,   6,9651
09:22:26,1906,  56,1067, 51, 956, 913,  1600,  93,  14,   6,9671
09:22:36,1879,  62,1164, 54, 985, 970,  1600,  94,  14,   6,9690
09:22:46,1876,  58,1088, 52, 961, 923,  1605,  94,  14,   6,9709
09:22:56,1856,  61,1132, 54, 976, 952,  1605,  94,  14,   6,9728
09:23:06,1850,  58,1073, 52, 953, 908,  1610,  94,  14,   6,9748
09:23:16,1879,  59,1108, 52, 964, 929,  1610,  94,  14,   6,9764
09:23:26,1891,  59,1115, 53, 976, 952,  1615,  94,  14,   6,9784
09:23:36,1879,  58,1089, 52, 961, 923,  1615,  94,  14,   6,9801
09:23:46,1862,  58,1079, 52, 958, 917,  1620,  94,  14,   6,9820
09:23:56,1870,  58,1084, 54, 964, 929,  1620,  94,  14,   6,9840
09:24:06,1879,  58,1089, 52, 961, 923,  1625,  94,  14,   6,9859
09:24:16,1900,  57,1083, 52, 956, 913,  1625,  94,  14,   6,9876
09:24:26,1912,  57,1089, 51, 956, 913,  1630,  94,  14,   6,9892
09:24:36,1926,  57,1097, 52, 970, 940,  1630,  94,  14,   6,9912
09:24:46,1912,  65,1242, 56,1029,1058,  1635,  94,  14,   6,9932
09:24:56,1929,  60,1157, 53, 988, 976,  1635,  94,  14,   6,9952
09:25:06,1912,  66,1261, 56,1026,1052,  1640,  94,  14,   6,9969
09:25:16,1923,  60,1153, 53, 988, 976,  1645,  94,  14,   6,9988
09:25:26,1938,  58,1124, 52, 970, 940,  1645,  94,  14,   6,10002
09:25:36,1932,  58,1120, 51, 973, 946,  1650,  94,  14,   6,10022
09:25:46,1935,  57,1102, 51, 973, 946,  1650,  94,  14,   6,10042
09:25:56,1938,  58,1124, 51, 970, 940,  1655,  94,  14,   6,10062
09:26:06,1929,  58,1118, 51, 970, 940,  1655,  94,  14,   6,10082
09:26:16,1935,  57,1102, 51, 970, 940,  1660,  94,  14,   6,10102
09:26:26,1935,  58,1122, 51, 976, 952,  1660,  94,  14,   6,10122
09:26:36,1938,  58,1124, 51, 970, 940,  1665,  94,  14,   6,10142
09:26:46,1941,  58,1125, 51, 967, 935,  1665,  94,  14,   6,10162
09:26:56,1926,  58,1117, 51, 964, 929,  1670,  94,  14,   6,10181
09:27:06,1853,  61,1130, 54, 973, 946,  1670,  94,  14,   6,10199
09:27:16,1659,  63,1045, 58, 923, 851,  1675,  94,  14,   6,10218
09:27:39,1,0,0,0,0,0,0
09:28:05,1,0,0,0,0,0,0
09:28:30,1,0,0,0,0,0,0
09:28:56,1,0,0,0,0,0,0
09:29:21,1,0,0,0,0,0,0
09:29:47,1,0,0,0,0,0,0
09:30:12,1,0,0,0,0,0,0
09:30:38,1,0,0,0,0,0,0
09:31:03,1,0,0,0,0,0,0
09:31:29,1,0,0,0,0,0,0
09:31:54,1,0,0,0,0,0,0
09:32:20,1,0,0,0,0,0,0
09:32:45,1,0,0,0,0,0,0
09:33:11,1,0,0,0,0,0,0
09:33:37,1,0,0,0,0,0,0
09:34:03,1,0,0,0,0,0,0
09:34:28,1,0,0,0,0,0,0
09:34:54,1,0,0,0,0,0,0
09:35:19,1,0,0,0,0,0,0
09:35:45,1,0,0,0,0,0,0
09:36:10,1,0,0,0,0,0,0
09:36:36,1,0,0,0,0,0,0
09:37:01,1,0,0,0,0,0,0
09:37:27,1,0,0,0,0,0,0
09:37:52,1,0,0,0,0,0,0
09:38:20,1,0,0,0,0,0,0
09:38:30,1835,  66,1211, 56,1008,1016,  1685,  99,  17,   6,10513
09:38:40,1706,  68,1160, 59, 976, 952,  1690,  99,  17,   6,10533
09:39:07,1,0,0,0,0,0,0
09:39:33,1,0,0,0,0,0,0
09:39:58,1,0,0,0,0,0,0
09:40:24,1,0,0,0,0,0,0
09:40:49,1,0,0,0,0,0,0
09:41:15,1,0,0,0,0,0,0
09:41:40,1,0,0,0,0,0,0
09:42:06,1,0,0,0,0,0,0
09:42:31,1,0,0,0,0,0,0
09:42:57,1,0,0,0,0,0,0
09:43:07,1953,  67,1308, 55,1055,1113,  1700, 105,  17,   6,10659
09:43:17,2046,  67,1370, 54,1082,1170,  1700, 105,  17,   6,10679
09:43:27,2029,  73,1481, 56,1120,1254,  1705, 105,  17,   6,10699
09:43:37,2038,  67,1365, 54,1076,1157,  1710, 105,  17,   6,10718
09:43:47,2029,  66,1339, 54,1073,1151,  1710, 106,  17,   6,10737
09:43:57,2008,  72,1445, 57,1108,1227,  1715, 108,  17,   6,10753
09:44:07,2017,  69,1391, 55,1085,1177,  1720, 108,  17,   6,10772
09:44:17,1988,  68,1351, 56,1073,1151,  1720, 108,  17,   6,10791
09:44:27,1956,  70,1369, 57,1082,1170,  1725, 108,  17,   6,10808
09:44:37,1941,  70,1358, 57,1076,1157,  1730, 108,  17,   6,10828
09:44:47,1944,  70,1360, 56,1067,1138,  1730, 108,  17,   6,10848
09:44:57,1876,  68,1275, 56,1032,1065,  1735, 108,  17,   6,10865
09:45:07,1618,  67,1084, 60, 938, 879,  1735, 108,  17,   6,10884
09:45:17,1659,  69,1144, 60, 973, 946,  1740, 108,  17,   6,10902
09:45:27,1697,  70,1187, 60, 994, 988,  1740, 108,  17,   6,10921
09:45:37,1788,  68,1215, 58,1005,1010,  1745, 108,  17,   6,10938
09:45:47,1700,  70,1190, 60,1000,1000,  1745, 108,  17,   6,10956
09:45:57,1460,  60, 876, 61, 850, 722,  1750, 108,  17,   6,10976
09:46:17,1,0,0,0,0,0,0
09:46:28,1894,  74,1401, 59,1087,1181,  1755, 108,  17,   6,10995
09:46:38,1885,  80,1508, 61,1129,1274,  1755, 108,  17,   6,11015
09:46:48,1929,  73,1408, 58,1085,1177,  1760, 108,  17,   6,11032
09:46:58,1958,  70,1370, 57,1079,1164,  1765, 108,  17,   6,11051
09:47:08,1958,  77,1507, 59,1131,1279,  1765, 108,  17,   6,11071
09:47:18,1976,  74,1462, 57,1117,1247,  1770, 108,  17,   6,11088
09:47:28,1964,  80,1571, 61,1155,1334,  1775, 108,  17,   6,11107
09:47:38,1932,  86,1661, 63,1187,1408,  1775, 108,  17,   6,11123
09:47:48,1912,  96,1835, 66,1240,1537,  1780, 108,  17,   6,11142
09:47:58,1906, 102,1944, 69,1281,1640,  1785, 108,  17,   6,11159
09:48:08,1888, 106,2001, 70,1299,1687,  1790, 108,  17,   6,11178
09:48:18,1894,  99,1875, 68,1255,1575,  1795, 108,  17,   6,11196
09:48:28,1894,  98,1856, 68,1252,1567,  1800, 108,  17,   6,11213
09:48:38,1803, 104,1875, 71,1260,1587,  1805, 108,  17,   6,11230
09:48:48,1724, 107,1844, 74,1246,1552,  1810, 108,  17,   6,11248
09:48:58,1548, 106,1640, 78,1173,1375,  1810, 108,  17,   6,11268
09:49:08,1343, 100,1343, 81,1067,1138,  1815, 108,  17,   6,11286
09:49:18,1255,  89,1116, 81, 973, 946,  1820, 108,  18,   6,11305
09:49:28,1155,  81, 935, 81, 888, 788,  1820, 108,  18,   6,11325
09:49:49,1,0,0,0,0,0,0
09:49:59,1800,  71,1278, 58,1029,1058,  1825, 108,  18,   6,11347
09:50:09,1929,  69,1331, 57,1061,1125,  1825, 108,  18,   6,11367
09:50:19,1956,  70,1369, 56,1082,1170,  1830, 108,  18,   6,11384
09:50:29,1976,  71,1402, 56,1093,1194,  1835, 108,  18,   6,11404
09:50:39,1961,  80,1568, 60,1158,1340,  1835, 108,  18,   6,11424
09:50:49,1967,  74,1455, 57,1114,1240,  1840, 108,  18,   6,11443
09:50:59,1973,  74,1460, 58,1108,1227,  1845, 108,  18,   6,11463
09:51:09,1979,  71,1405, 56,1087,1181,  1845, 108,  18,   6,11480
09:51:19,1947,  70,1362, 57,1079,1164,  1850, 108,  18,   6,11500
09:51:29,1879,  74,1390, 59,1082,1170,  1855, 108,  18,   6,11517
09:51:39,1366,  56, 764, 61, 785, 616,  1855, 108,  18,   6,11537
09:52:01,1,0,0,0,0,0,0
09:52:26,1,0,0,0,0,0,0
09:52:36,1659,  68,1128, 60, 970, 940,  1860, 109,  18,   6,11569
09:52:46,1721,  71,1221, 60,1011,1022,  1860, 109,  18,   6,11588
09:52:56,1894,  68,1287, 57,1049,1100,  1865, 109,  18,   6,11608
09:53:06,1976,  67,1323, 55,1070,1144,  1870, 109,  18,   6,11628
09:53:16,1967,  67,1317, 55,1061,1125,  1870, 110,  18,   6,11647
09:53:26,1900,  71,1349, 58,1073,1151,  1875, 110,  18,   6,11666
09:53:36,1782,  76,1354, 61,1073,1151,  1880, 110,  18,   6,11684
09:53:46,1853,  73,1352, 59,1061,1125,  1880, 110,  18,   6,11703
09:53:56,1879,  74,1390, 59,1076,1157,  1885, 110,  18,   6,11722
09:54:06,1929,  72,1388, 58,1093,1194,  1885, 110,  18,   6,11740
09:54:16,1912,  75,1434, 59,1105,1221,  1890, 110,  18,   6,11756
09:54:26,1944,  73,1419, 58,1096,1201,  1895, 110,  18,   6,11774
09:54:36,1961,  67,1313, 56,1064,1132,  1895, 110,  18,   6,11789
09:54:46,1970,  67,1319, 56,1055,1113,  1900, 110,  18,   6,11805
09:54:56,1964,  67,1315, 56,1058,1119,  1905, 110,  18,   6,11822
09:55:06,1967,  67,1317, 56,1061,1125,  1905, 111,  18,   6,11837
09:55:16,1958,  70,1370, 56,1076,1157,  1910, 112,  18,   6,11852
09:55:26,1944,  76,1477, 60,1120,1254,  1915, 112,  18,   6,11871
09:55:36,1944,  73,1419, 58,1099,1207,  1915, 112,  18,   6,11889
09:55:46,1941,  73,1416, 57,1093,1194,  1920, 112,  18,   6,11909
09:55:56,1935,  73,1412, 58,1093,1194,  1925, 112,  18,   6,11928
09:56:06,1929,  69,1331, 56,1058,1119,  1925, 112,  18,   6,11945
09:56:16,1938,  70,1356, 56,1067,1138,  1930, 112,  18,   6,11963
09:56:26,1944,  67,1302, 56,1052,1106,  1935, 112,  18,   6,11978
09:56:36,1903,  71,1351, 57,1070,1144,  1935, 112,  18,   6,11997
09:56:46,1847,  76,1403, 60,1082,1170,  1940, 112,  18,   6,12014
09:56:56,1736,  81,1406, 64,1079,1164,  1940, 112,  18,   6,12034
09:57:06,1785,  80,1428, 63,1090,1188,  1945, 112,  18,   6,12054
09:57:16,1653,  79,1305, 65,1049,1100,  1950, 112,  18,   6,12074
09:57:26,1615,  75,1211, 64,1008,1016,  1950, 112,  18,   6,12091
09:57:55,1,0,0,0,0,0,0
09:58:21,1,0,0,0,0,0,0
09:58:46,1,0,0,0,0,0,0
09:59:12,1,0,0,0,0,0,0
09:59:38,1,0,0,0,0,0,0
10:00:04,1,0,0,0,0,0,0
10:00:29,1,0,0,0,0,0,0
10:00:39,1636,  64,1047, 59, 935, 874,  1960, 114,  27,   6,12191
10:00:49,1604,  63,1010, 59, 920, 846,  1965, 114,  27,   6,12211
10:00:59,1607,  63,1012, 59, 912, 831,  1965, 114,  27,   6,12231
10:01:09,1762,  73,1286, 60,1029,1058,  1970, 114,  28,   6,12250
10:01:19,1712,  74,1266, 61,1026,1052,  1970, 114,  32,   6,12266
10:01:29,1659,  68,1128, 61, 973, 946,  1975, 114,  35,   6,12283
10:01:39,1680,  70,1176, 61, 988, 976,  1975, 114,  35,   6,12303
10:01:49,1873,  77,1442, 60,1105,1221,  1980, 114,  35,   6,12322
10:01:59,1607,  66,1060, 61, 944, 891,  1980, 114,  35,   6,12340
10:02:26,1,0,0,0,0,0,0
10:02:36,1483,  60, 889, 60, 859, 737,  1985, 114,  35,   6,12375
10:02:57,1,0,0,0,0,0,0
10:03:23,1,0,0,0,0,0,0
10:03:48,1,0,0,0,0,0,0
10:04:14,1,0,0,0,0,0,0
10:04:39,1,0,0,0,0,0,0
10:05:05,1,0,0,0,0,0,0
10:05:30,1,0,0,0,0,0,0
10:05:56,1,0,0,0,0,0,0
10:06:21,1,0,0,0,0,0,0
10:06:47,1,0,0,0,0,0,0
10:07:12,1,0,0,0,0,0,0
10:07:38,1,0,0,0,0,0,0
10:08:03,1,0,0,0,0,0,0
10:08:29,1,0,0,0,0,0,0
10:08:54,1,0,0,0,0,0,0
10:09:20,1,0,0,0,0,0,0
10:09:45,1,0,0,0,0,0,0
10:10:11,1,0,0,0,0,0,0
10:10:36,1,0,0,0,0,0,0
10:10:46,2020,  65,1313, 54,1061,1125,  1995, 139,  36,   6,12572
10:10:56,2026,  69,1397, 55,1090,1188,  2000, 139,  36,   6,12591
10:11:06,1442,  54, 778, 58, 800, 640,  2005, 139,  36,   6,12611
10:11:30,1,0,0,0,0,0,0
10:11:40,2002,  72,1441, 56,1099,1207,  2005, 139,  36,   6,12638
10:11:50,1964,  74,1453, 58,1111,1234,  2010, 139,  36,   6,12655
10:12:00,1815,  77,1397, 62,1085,1177,  2015, 139,  36,   6,12675
10:12:10,1568,  73,1144, 65, 973, 946,  2015, 139,  36,   6,12695
10:12:21,1750,  72,1260, 61,1029,1058,  2020, 139,  36,   6,12715
10:12:31,1563,  70,1094, 62, 950, 902,  2020, 139,  36,   6,12735
10:12:41,1730,  71,1228, 60,1008,1016,  2025, 139,  36,   6,12755
10:12:51,1709,  65,1110, 58, 956, 913,  2025, 139,  36,   6,12773
10:13:20,1,0,0,0,0,0,0
10:13:30,1709,  62,1059, 57, 932, 868,  2030, 139,  36,   6,12811
10:13:54,1,0,0,0,0,0,0
10:14:20,1,0,0,0,0,0,0
10:14:45,1,0,0,0,0,0,0
10:15:11,1,0,0,0,0,0,0
10:15:21,1788,  74,1323, 61,1043,1087,  2035, 140,  37,   6,12875
10:15:50,1,0,0,0,0,0,0
10:16:16,1,0,0,0,0,0,0
10:16:41,1,0,0,0,0,0,0
10:17:07,1,0,0,0,0,0,0
10:17:32,1,0,0,0,0,0,0
10:17:42,2032,  76,1544, 58,1152,1327,  2045, 143,  38,   6,12954
10:17:52,2017,  79,1593, 59,1170,1368,  2050, 143,  38,   6,12971
10:18:02,1906,  85,1620, 62,1164,1354,  2050, 143,  38,   6,12990
10:18:12,1744,  87,1517, 66,1126,1267,  2055, 143,  38,   6,13009
10:18:22,1741,  84,1462, 66,1105,1221,  2060, 143,  38,   6,13027
10:18:32,1891,  81,1531, 62,1134,1285,  2060, 143,  38,   6,13047
10:18:42,1888,  91,1718, 66,1205,1452,  2065, 143,  38,   6,13067
10:18:52,1929,  93,1793, 66,1228,1507,  2070, 143,  38,   6,13084
10:19:02,1956,  90,1760, 64,1219,1485,  2075, 143,  38,   6,13103
10:19:12,1938, 100,1938, 68,1284,1648,  2080, 143,  38,   6,13123
10:19:22,1944, 101,1963, 67,1287,1656,  2085, 143,  38,   6,13142
10:19:32,1926, 104,2003, 69,1307,1708,  2090, 143,  38,   6,13162
10:19:42,1879, 109,2048, 71,1319,1739,  2095, 143,  38,   6,13181
10:19:52,1560, 100,1560, 75,1140,1299,  2095, 143,  38,   6,13200
10:20:02,1457,  83,1209, 72,1005,1010,  2100, 143,  38,   6,13220
10:20:12,1290,  74, 954, 72, 894, 799,  2105, 143,  38,   6,13240
10:20:36,1,0,0,0,0,0,0
10:20:46,1976,  77,1521, 59,1137,1292,  2105, 143,  38,   6,13268
10:20:56,1800,  77,1386, 62,1079,1164,  2110, 143,  38,   6,13286
10:21:24,1,0,0,0,0,0,0
10:21:50,1,0,0,0,0,0,0
10:22:15,1,0,0,0,0,0,0
10:22:41,1,0,0,0,0,0,0
10:23:06,1,0,0,0,0,0,0
10:23:32,1,0,0,0,0,0,0
10:23:57,1,0,0,0,0,0,0
10:24:23,1,0,0,0,0,0,0
10:24:48,1,0,0,0,0,0,0
10:25:15,1,0,0,0,0,0,0
10:25:40,1,0,0,0,0,0,0
10:25:50,1876,  74,1388, 59,1079,1164,  2120, 154,  53,   6,13410
10:26:00,1900,  75,1425, 59,1087,1181,  2120, 154,  53,   6,13429
10:26:10,1917,  82,1571, 61,1155,1334,  2125, 154,  53,   6,13449
10:26:20,1970,  77,1516, 59,1131,1279,  2130, 154,  53,   6,13465
10:26:30,1953,  83,1620, 61,1170,1368,  2130, 154,  53,   6,13483
10:26:40,1909,  89,1699, 65,1193,1423,  2135, 154,  53,   6,13503
10:26:50,1941,  83,1611, 62,1167,1361,  2140, 154,  53,   6,13523
10:27:00,2002,  76,1521, 58,1134,1285,  2145, 154,  53,   6,13542
10:27:10,2014,  73,1470, 56,1114,1240,  2145, 154,  53,   6,13562
10:27:20,1994,  78,1555, 60,1155,1334,  2150, 154,  53,   6,13582
10:27:30,1897,  88,1669, 64,1190,1416,  2155, 154,  53,   6,13602
10:27:40,1794,  87,1560, 65,1140,1299,  2160, 154,  53,   6,13621
10:27:50,1868,  81,1513, 61,1123,1261,  2160, 154,  53,   6,13638
10:28:00,1912,  72,1376, 57,1076,1157,  2165, 154,  53,   6,13658
10:28:10,1970,  71,1398, 56,1090,1188,  2170, 155,  53,   6,13676
10:28:20,1985,  77,1528, 59,1143,1306,  2170, 155,  53,   6,13696
10:28:30,1970,  81,1595, 60,1164,1354,  2175, 155,  53,   6,13716
10:28:40,1967,  81,1593, 61,1161,1347,  2180, 155,  53,   6,13736
10:28:50,1982,  74,1466, 57,1117,1247,  2185, 155,  53,   6,13756
10:29:00,1961,  81,1588, 60,1161,1347,  2185, 155,  53,   6,13775
10:29:10,1988,  71,1411, 57,1093,1194,  2190, 155,  53,   6,13794
10:29:20,1967,  77,1514, 59,1137,1292,  2195, 155,  53,   6,13812
10:29:30,1985,  71,1409, 57,1093,1194,  2195, 155,  53,   6,13830
10:29:40,1964,  77,1512, 59,1131,1279,  2200, 155,  53,   6,13847
10:29:50,1970,  75,1477, 57,1111,1234,  2205, 155,  53,   6,13867
10:30:00,1973,  74,1460, 58,1108,1227,  2205, 155,  53,   6,13881
10:30:10,1973,  74,1460, 58,1108,1227,  2210, 155,  53,   6,13901
10:30:20,1964,  77,1512, 59,1129,1274,  2215, 155,  53,   6,13921
10:30:30,1897,  78,1479, 61,1117,1247,  2220, 155,  53,   6,13939
10:30:40,1677,  78,1308, 64,1046,1094,  2220, 155,  53,   6,13958
10:30:50,1445,  75,1083, 68, 947, 896,  2225, 155,  53,   6,13977
10:31:00,1577,  73,1151, 65, 976, 952,  2225, 155,  53,   6,13995
10:31:10,1548,  72,1114, 65, 961, 923,  2230, 155,  53,   6,14011
10:31:20,1340,  69, 924, 68, 876, 767,  2230, 155,  53,   6,14030
10:31:43,1,0,0,0,0,0,0
10:31:53,1671,  66,1102, 59, 958, 917,  2235, 155,  53,   6,14057
10:32:20,1,0,0,0,0,0,0
10:32:30,1651,  71,1172, 61, 979, 958,  2240, 155,  53,   6,14092
10:32:40,1747,  69,1205, 59, 997, 994,  2240, 155,  53,   6,14108
10:32:50,1733,  72,1247, 60,1008,1016,  2245, 155,  53,   6,14126
10:33:00,1844,  70,1290, 57,1038,1077,  2245, 155,  53,   6,14146
10:33:10,1750,  69,1207, 59,1005,1010,  2250, 155,  53,   6,14164
10:33:20,1489,  62, 923, 61, 868, 753,  2250, 155,  53,   6,14184
10:33:43,1,0,0,0,0,0,0
10:34:08,1,0,0,0,0,0,0
10:34:34,1,0,0,0,0,0,0
10:34:44,1489,  61, 908, 60, 862, 743,  2255, 156,  55,   6,14231
10:35:04,1,0,0,0,0,0,0
10:35:14,1832,  72,1319, 58,1049,1100,  2260, 156,  55,   6,14250
10:35:24,1882,  71,1336, 58,1058,1119,  2265, 156,  55,   6,14266
10:35:34,1900,  69,1311, 57,1046,1094,  2265, 156,  55,   6,14283
10:35:44,1868,  70,1307, 58,1052,1106,  2270, 156,  55,   6,14301
10:35:54,1671,  72,1203, 62,1000,1000,  2270, 156,  55,   6,14321
10:36:04,1697,  73,1238, 62,1017,1034,  2275, 156,  55,   6,14340
10:36:14,1800,  71,1278, 59,1032,1065,  2280, 156,  55,   6,14358
10:36:24,1680,  76,1276, 62,1023,1046,  2280, 156,  55,   6,14376
10:36:34,1630,  77,1255, 65,1020,1040,  2285, 156,  55,   6,14395
10:36:44,1762,  73,1286, 61,1035,1071,  2285, 156,  55,   6,14414
10:36:54,1730,  72,1245, 60,1020,1040,  2290, 156,  55,   6,14432
10:37:04,1788,  74,1323, 60,1043,1087,  2295, 156,  55,   6,14451
10:37:14,1900,  71,1349, 57,1073,1151,  2295, 156,  55,   6,14469
10:37:24,1944,  74,1438, 58,1096,1201,  2300, 156,  55,   6,14488
10:37:34,1961,  70,1372, 57,1085,1177,  2300, 156,  55,   6,14505
10:37:44,1941,  73,1416, 58,1090,1188,  2305, 157,  55,   6,14524
10:37:54,1891,  81,1531, 61,1137,1292,  2310, 157,  55,   6,14543
10:38:05,1947,  74,1440, 57,1093,1194,  2310, 157,  55,   6,14562
10:38:15,1956,  74,1447, 57,1102,1214,  2315, 157,  55,   6,14580
10:38:25,1938,  73,1414, 58,1096,1201,  2320, 157,  55,   6,14598
10:38:35,1914,  72,1378, 57,1085,1177,  2320, 157,  55,   6,14615
10:38:45,1903,  75,1427, 60,1090,1188,  2325, 157,  55,   6,14631
10:38:55,1912,  72,1376, 58,1082,1170,  2330, 157,  55,   6,14649
10:39:05,1862,  80,1489, 61,1120,1254,  2330, 157,  55,   6,14668
10:39:15,1967,  74,1455, 57,1105,1221,  2335, 157,  55,   6,14688
10:39:25,1950,  80,1560, 60,1146,1313,  2340, 157,  55,   6,14708
10:39:35,1950,  74,1443, 57,1096,1201,  2345, 157,  55,   6,14726
10:39:45,1903,  76,1446, 59,1099,1207,  2345, 157,  55,   6,14745
10:39:55,1903,  78,1484, 60,1123,1261,  2350, 157,  55,   6,14762
10:40:05,1935,  73,1412, 57,1087,1181,  2355, 157,  55,   6,14780
10:40:15,1929,  79,1523, 61,1140,1299,  2355, 157,  55,   6,14799
10:40:25,1920,  86,1651, 63,1184,1401,  2360, 157,  55,   6,14817
10:40:35,1923,  76,1461, 59,1102,1214,  2365, 157,  55,   6,14837
10:40:45,1906,  72,1372, 57,1082,1170,  2365, 157,  56,   6,14850
10:40:55,1847,  76,1403, 61,1087,1181,  2370, 157,  56,   6,14870
10:41:05,1639,  76,1245, 65,1017,1034,  2375, 157,  56,   6,14890
10:41:15,1469,  73,1072, 66, 941, 885,  2375, 157,  56,   6,14909
10:41:25,1730,  77,1332, 63,1052,1106,  2380, 157,  56,   6,14929
10:41:35,1847,  74,1366, 59,1064,1132,  2380, 157,  56,   6,14948
10:41:45,1885,  75,1413, 59,1082,1170,  2385, 157,  56,   6,14964
10:41:55,1932,  73,1410, 58,1090,1188,  2390, 157,  56,   6,14982
10:42:05,1935,  74,1431, 57,1096,1201,  2390, 157,  56,   6,15001
10:42:15,1938,  73,1414, 57,1090,1188,  2395, 157,  56,   6,15021
10:42:25,1929,  73,1408, 57,1085,1177,  2400, 157,  56,   6,15037
10:42:35,1929,  73,1408, 57,1090,1188,  2400, 157,  56,   6,15052
10:42:45,1926,  73,1405, 57,1090,1188,  2405, 157,  56,   6,15068
10:42:55,1929,  73,1408, 58,1087,1181,  2410, 157,  56,   6,15080
10:43:05,1912,  75,1434, 59,1105,1221,  2410, 157,  56,   6,15099
10:43:15,1914,  76,1454, 59,1099,1207,  2415, 157,  56,   6,15119
10:43:25,1909,  79,1508, 60,1120,1254,  2420, 157,  56,   6,15135
10:43:35,1914,  73,1397, 57,1079,1164,  2420, 157,  56,   6,15154
10:43:45,1914,  72,1378, 57,1079,1164,  2425, 157,  56,   6,15174
10:43:55,1914,  73,1397, 57,1079,1164,  2430, 157,  56,   6,15194
10:44:05,1914,  72,1378, 57,1076,1157,  2430, 157,  56,   6,15214
10:44:15,1903,  72,1370, 57,1079,1164,  2435, 157,  56,   6,15230
10:44:25,1903,  72,1370, 57,1076,1157,  2435, 157,  56,   6,15246
10:44:35,1903,  72,1370, 57,1076,1157,  2440, 157,  56,   6,15264
10:44:45,1903,  72,1370, 57,1073,1151,  2445, 157,  56,   6,15281
10:44:55,1903,  72,1370, 57,1076,1157,  2445, 157,  56,   6,15295
10:45:05,1900,  72,1368, 58,1073,1151,  2450, 157,  56,   6,15313
10:45:15,1876,  80,1500, 61,1123,1261,  2455, 157,  56,   6,15330
10:45:25,1894,  72,1363, 57,1064,1132,  2455, 157,  56,   6,15347
10:45:35,1897,  72,1365, 58,1070,1144,  2460, 157,  56,   6,15367
10:45:45,1870,  80,1496, 62,1123,1261,  2465, 157,  56,   6,15387
10:45:55,1888,  75,1416, 59,1085,1177,  2465, 157,  56,   6,15402
10:46:05,1885,  74,1394, 59,1085,1177,  2470, 157,  56,   6,15422
10:46:15,1891,  71,1342, 57,1067,1138,  2475, 157,  56,   6,15442
10:46:25,1888,  74,1397, 59,1087,1181,  2475, 157,  56,   6,15462
10:46:35,1888,  74,1397, 59,1085,1177,  2480, 157,  56,   6,15482
10:46:45,1888,  71,1340, 57,1061,1125,  2485, 157,  56,   6,15500
10:46:55,1885,  72,1357, 58,1061,1125,  2485, 157,  56,   6,15520
10:47:05,1882,  71,1336, 57,1067,1138,  2490, 157,  56,   6,15540
10:47:15,1885,  71,1338, 57,1058,1119,  2490, 157,  56,   6,15560
10:47:25,1882,  72,1355, 57,1064,1132,  2495, 157,  56,   6,15580
10:47:35,1888,  71,1340, 57,1061,1125,  2500, 157,  56,   6,15600
10:47:45,1879,  71,1334, 57,1061,1125,  2500, 157,  56,   6,15620
10:47:55,1885,  71,1338, 57,1061,1125,  2505, 157,  56,   6,15640
10:48:05,1885,  72,1357, 57,1064,1132,  2510, 157,  56,   6,15660
10:48:15,1885,  72,1357, 57,1064,1132,  2510, 157,  56,   6,15680
10:48:25,1882,  71,1336, 57,1064,1132,  2515, 157,  56,   6,15700
10:48:35,1885,  71,1338, 57,1061,1125,  2515, 157,  56,   6,15720
10:48:45,1876,  71,1331, 57,1058,1119,  2520, 157,  56,   6,15740
10:48:55,1882,  71,1336, 57,1061,1125,  2525, 157,  56,   6,15760
10:49:05,1873,  71,1329, 57,1058,1119,  2525, 157,  56,   6,15779
10:49:15,1876,  71,1331, 57,1058,1119,  2530, 157,  56,   6,15798
10:49:25,1879,  71,1334, 57,1061,1125,  2535, 157,  56,   6,15818
10:49:35,1879,  71,1334, 57,1055,1113,  2535, 157,  56,   6,15837
10:49:45,1876,  71,1331, 57,1058,1119,  2540, 157,  56,   6,15854
10:49:55,1876,  71,1331, 57,1055,1113,  2540, 157,  56,   6,15871
10:50:05,1879,  71,1334, 57,1055,1113,  2545, 159,  56,   6,15889
10:50:15,1876,  71,1331, 57,1064,1132,  2550, 159,  56,   6,15907
10:50:25,1873,  71,1329, 57,1061,1125,  2550, 159,  56,   6,15925
10:50:35,1882,  71,1336, 57,1055,1113,  2555, 159,  56,   6,15942
10:50:46,1882,  71,1336, 57,1058,1119,  2560, 159,  56,   6,15961
10:50:56,1870,  71,1327, 57,1058,1119,  2560, 159,  56,   6,15977
10:51:06,1873,  71,1329, 57,1061,1125,  2565, 159,  56,   6,15992
10:51:16,1870,  71,1327, 58,1055,1113,  2565, 161,  56,   6,16007
10:51:26,1876,  71,1331, 57,1055,1113,  2570, 161,  56,   6,16024
10:51:36,1873,  71,1329, 57,1058,1119,  2575, 161,  56,   6,16039
10:51:46,1876,  70,1313, 57,1052,1106,  2575, 161,  56,   6,16057
10:51:56,1879,  71,1334, 57,1061,1125,  2580, 161,  56,   6,16075
10:52:06,1868,  71,1326, 58,1049,1100,  2585, 164,  56,   6,16091
10:52:16,1741,  75,1305, 62,1043,1087,  2585, 164,  56,   6,16111
10:52:26,1595,  77,1228, 65,1011,1022,  2590, 164,  56,   6,16130
10:52:36,1645,  76,1250, 64,1020,1040,  2590, 164,  56,   6,16147
10:52:46,1686,  73,1230, 62,1005,1010,  2595, 164,  56,   6,16165
10:52:56,1671,  72,1203, 62, 997, 994,  2595, 164,  56,   6,16182
10:53:06,1480,  69,1021, 64, 917, 840,  2600, 164,  56,   6,16202
10:53:16,1630,  73,1189, 63, 991, 982,  2600, 164,  56,   6,16222
10:53:26,1850,  73,1350, 59,1058,1119,  2605, 164,  56,   6,16242
10:53:36,1888,  72,1359, 57,1067,1138,  2610, 164,  56,   6,16261
10:53:46,1876,  70,1313, 58,1052,1106,  2610, 164,  56,   6,16280
10:53:56,1865,  80,1492, 62,1120,1254,  2615, 164,  56,   6,16300
10:54:06,1873,  74,1386, 58,1073,1151,  2620, 164,  56,   6,16317
10:54:16,1865,  74,1380, 58,1076,1157,  2620, 164,  56,   6,16335
10:54:26,1876,  71,1331, 58,1061,1125,  2625, 164,  56,   6,16355
10:54:36,1856,  79,1466, 61,1117,1247,  2630, 164,  56,   6,16372
10:54:46,1879,  71,1334, 58,1061,1125,  2630, 164,  56,   6,16391
10:54:56,1856,  76,1410, 60,1090,1188,  2635, 164,  56,   6,16411
10:55:06,1876,  71,1331, 58,1055,1113,  2635, 164,  56,   6,16430
10:55:16,1865,  74,1380, 60,1073,1151,  2640, 164,  56,   6,16450
10:55:26,1870,  71,1327, 58,1052,1106,  2645, 164,  56,   6,16469
10:55:36,1870,  70,1309, 58,1049,1100,  2645, 164,  56,   6,16489
10:55:46,1868,  71,1326, 57,1049,1100,  2650, 164,  56,   6,16509
10:55:56,1859,  70,1301, 58,1046,1094,  2655, 164,  56,   6,16527
10:56:06,1824,  79,1440, 62,1090,1188,  2655, 164,  56,   6,16546
10:56:16,1788,  87,1555, 65,1146,1313,  2660, 164,  56,   6,16566
10:56:26,1806,  85,1535, 65,1131,1279,  2665, 164,  56,   6,16585
10:56:36,1824,  81,1477, 63,1120,1254,  2665, 164,  56,   6,16602
10:56:46,1844,  76,1401, 61,1085,1177,  2670, 164,  56,   6,16617
10:56:56,1835,  82,1504, 63,1123,1261,  2675, 164,  56,   6,16636
10:57:06,1832,  81,1483, 63,1120,1254,  2675, 164,  56,   6,16655
10:57:16,1844,  79,1456, 62,1108,1227,  2680, 164,  56,   6,16675
10:57:26,1838,  79,1452, 62,1108,1227,  2685, 164,  56,   6,16694
10:57:36,1850,  76,1406, 60,1090,1188,  2685, 164,  56,   6,16713
10:57:46,1841,  79,1454, 62,1102,1214,  2690, 164,  56,   6,16732
10:57:56,1821,  85,1547, 65,1134,1285,  2695, 164,  56,   6,16749
10:58:06,1797,  91,1635, 67,1173,1375,  2695, 164,  56,   6,16768
10:58:16,1809,  87,1573, 65,1152,1327,  2700, 164,  56,   6,16782
10:58:26,1841,  79,1454, 61,1102,1214,  2705, 164,  56,   6,16799
10:58:36,1865,  70,1305, 59,1046,1094,  2710, 165,  56,   6,16815
10:58:46,1853,  73,1352, 60,1067,1138,  2710, 165,  56,   6,16829
10:58:56,1838,  79,1452, 61,1099,1207,  2715, 165,  56,   6,16848
10:59:06,1853,  73,1352, 60,1073,1151,  2715, 165,  56,   6,16868
10:59:16,1835,  78,1431, 61,1099,1207,  2720, 165,  56,   6,16887
10:59:26,1829,  81,1481, 63,1117,1247,  2725, 165,  56,   6,16907
10:59:36,1853,  73,1352, 59,1064,1132,  2725, 165,  56,   6,16922
10:59:46,1847,  73,1348, 59,1064,1132,  2730, 165,  56,   6,16936
10:59:56,1859,  70,1301, 59,1046,1094,  2735, 165,  56,   6,16949
11:00:06,1853,  73,1352, 59,1061,1125,  2735, 165,  56,   6,16959
11:00:16,1835,  76,1394, 61,1085,1177,  2740, 165,  56,   6,16975
11:00:26,1809,  84,1519, 65,1129,1274,  2745, 165,  56,   6,16994
11:00:36,1824,  81,1477, 63,1120,1254,  2745, 165,  56,   6,17012
11:00:46,1815,  84,1524, 64,1131,1279,  2750, 165,  56,   6,17032
11:00:56,1791,  90,1611, 66,1164,1354,  2755, 165,  56,   6,17052
11:01:06,1797,  87,1563, 66,1143,1306,  2760, 165,  56,   6,17070
11:01:16,1797,  87,1563, 66,1143,1306,  2760, 165,  56,   6,17090
11:01:26,1803,  87,1568, 66,1149,1320,  2765, 165,  56,   6,17109
11:01:36,1812,  84,1522, 65,1131,1279,  2770, 165,  56,   6,17127
11:01:46,1812,  84,1522, 65,1129,1274,  2770, 165,  56,   6,17145
11:01:56,1788,  90,1609, 66,1167,1361,  2775, 165,  56,   6,17164
11:02:06,1788,  90,1609, 66,1164,1354,  2780, 165,  56,   6,17182
11:02:16,1821,  81,1475, 62,1114,1240,  2785, 165,  56,   6,17201
11:02:26,1824,  82,1495, 63,1114,1240,  2785, 165,  56,   6,17219
11:02:36,1832,  78,1428, 61,1096,1201,  2790, 165,  56,   6,17238
11:02:46,1841,  76,1399, 61,1087,1181,  2795, 165,  56,   6,17257
11:02:56,1859,  70,1301, 59,1043,1087,  2795, 165,  56,   6,17277
11:03:06,1856,  70,1299, 59,1041,1083,  2800, 165,  56,   6,17295
11:03:16,1856,  70,1299, 59,1041,1083,  2800, 165,  56,   6,17313
11:03:27,1859,  70,1301, 59,1043,1087,  2805, 165,  56,   6,17333
11:03:37,1853,  70,1297, 59,1049,1100,  2810, 165,  56,   6,17352
11:03:47,1859,  70,1301, 59,1043,1087,  2810, 165,  56,   6,17371
11:03:57,1859,  70,1301, 59,1049,1100,  2815, 165,  56,   6,17391
11:04:07,1859,  70,1301, 59,1043,1087,  2820, 165,  56,   6,17410
11:04:17,1856,  70,1299, 59,1043,1087,  2820, 165,  56,   6,17429
11:04:27,1856,  70,1299, 59,1043,1087,  2825, 165,  56,   6,17447
11:04:37,1859,  70,1301, 59,1043,1087,  2825, 165,  56,   6,17463
11:04:47,1856,  70,1299, 59,1049,1100,  2830, 165,  56,   6,17481
11:04:57,1859,  70,1301, 59,1046,1094,  2835, 165,  56,   6,17498
11:05:07,1856,  70,1299, 59,1046,1094,  2835, 165,  56,   6,17513
11:05:17,1856,  70,1299, 59,1043,1087,  2840, 165,  56,   6,17530
11:05:27,1859,  70,1301, 59,1046,1094,  2840, 165,  56,   6,17547
11:05:37,1856,  70,1299, 59,1041,1083,  2845, 165,  56,   6,17565
11:05:47,1859,  70,1301, 59,1041,1083,  2850, 165,  56,   6,17579
11:05:57,1859,  70,1301, 59,1046,1094,  2850, 165,  56,   6,17598
11:06:07,1856,  70,1299, 59,1041,1083,  2855, 165,  56,   6,17615
11:06:17,1856,  70,1299, 59,1049,1100,  2855, 165,  56,   6,17631
11:06:27,1856,  70,1299, 59,1046,1094,  2860, 165,  56,   6,17646
11:06:37,1856,  70,1299, 59,1041,1083,  2865, 165,  56,   6,17662
11:06:47,1859,  70,1301, 59,1041,1083,  2865, 165,  56,   6,17677
11:06:57,1856,  70,1299, 59,1046,1094,  2870, 165,  56,   6,17694
11:07:07,1856,  70,1299, 59,1043,1087,  2870, 165,  56,   6,17708
11:07:17,1859,  70,1301, 59,1041,1083,  2875, 165,  56,   6,17725
11:07:27,1847,  73,1348, 59,1061,1125,  2880, 165,  56,   6,17742
11:07:37,1856,  70,1299, 59,1041,1083,  2880, 165,  56,   6,17757
11:07:47,1847,  70,1292, 59,1043,1087,  2885, 165,  56,   6,17775
11:07:57,1856,  70,1299, 59,1043,1087,  2885, 165,  56,   6,17788
11:08:07,1853,  70,1297, 59,1041,1083,  2890, 165,  56,   6,17804
11:08:17,1850,  70,1295, 59,1046,1094,  2895, 165,  56,   6,17821
11:08:27,1856,  70,1299, 59,1041,1083,  2895, 165,  56,   6,17835
11:08:37,1844,  73,1346, 59,1064,1132,  2900, 165,  56,   6,17851
11:08:47,1850,  70,1295, 59,1046,1094,  2905, 165,  56,   6,17867
11:08:57,1844,  73,1346, 59,1067,1138,  2905, 165,  56,   6,17880
11:09:07,1850,  70,1295, 59,1043,1087,  2910, 165,  56,   6,17893
11:09:17,1853,  70,1297, 59,1041,1083,  2910, 165,  56,   6,17908
11:09:27,1847,  70,1292, 59,1041,1083,  2915, 165,  56,   6,17920
11:09:37,1841,  73,1343, 59,1064,1132,  2920, 165,  56,   6,17937
11:09:47,1853,  70,1297, 59,1046,1094,  2920, 165,  56,   6,17949
11:09:57,1841,  73,1343, 59,1061,1125,  2925, 165,  56,   6,17963
11:10:07,1844,  73,1346, 59,1058,1119,  2925, 165,  56,   6,17979
11:10:17,1844,  73,1346, 59,1061,1125,  2930, 165,  56,   6,17990
11:10:27,1853,  70,1297, 59,1043,1087,  2935, 165,  56,   6,18003
11:10:37,1850,  70,1295, 59,1043,1087,  2935, 165,  56,   6,18017
11:10:47,1847,  73,1348, 59,1061,1125,  2940, 165,  56,   6,18035
11:10:57,1850,  70,1295, 59,1043,1087,  2940, 165,  56,   6,18050
11:11:07,1841,  73,1343, 59,1064,1132,  2945, 165,  56,   6,18067
11:11:17,1853,  70,1297, 59,1041,1083,  2950, 165,  56,   6,18084
11:11:27,1862,  70,1303, 59,1041,1083,  2950, 165,  56,   6,18099
11:11:37,1856,  70,1299, 59,1043,1087,  2955, 165,  56,   6,18117
11:11:47,1859,  70,1301, 59,1046,1094,  2960, 165,  56,   6,18135
11:11:57,1862,  70,1303, 59,1041,1083,  2960, 165,  56,   6,18155
11:12:07,1841,  73,1343, 59,1064,1132,  2965, 165,  56,   6,18173
11:12:17,1785,  77,1374, 62,1067,1138,  2965, 165,  56,   6,18191
11:12:27,1812,  75,1359, 61,1064,1132,  2970, 165,  56,   6,18210
11:12:37,1835,  73,1339, 60,1058,1119,  2975, 165,  56,   6,18227
11:12:47,1821,  81,1475, 63,1120,1254,  2975, 165,  56,   6,18247
11:12:57,1821,  78,1420, 61,1090,1188,  2980, 165,  56,   6,18266
11:13:07,1853,  70,1297, 59,1043,1087,  2985, 165,  56,   6,18286
11:13:17,1862,  70,1303, 59,1043,1087,  2985, 165,  56,   6,18305
11:13:27,1838,  79,1452, 61,1105,1221,  2990, 165,  56,   6,18324
11:13:37,1853,  76,1408, 60,1082,1170,  2995, 165,  56,   6,18344
11:13:47,1821,  84,1529, 64,1131,1279,  2995, 165,  56,   6,18364
11:13:57,1818,  84,1527, 64,1129,1274,  3000, 165,  56,   6,18383
11:14:07,1829,  82,1499, 63,1120,1254,  3005, 165,  56,   6,18403
11:14:17,1847,  76,1403, 60,1087,1181,  3005, 165,  56,   6,18421
11:14:27,1838,  78,1433, 61,1099,1207,  3010, 165,  56,   6,18440
11:14:37,1847,  76,1403, 61,1087,1181,  3015, 165,  56,   6,18458
11:14:47,1824,  82,1495, 63,1123,1261,  3015, 165,  56,   6,18474
11:14:57,1824,  82,1495, 63,1123,1261,  3020, 165,  56,   6,18494
11:15:07,1847,  76,1403, 60,1087,1181,  3025, 165,  56,   6,18511
11:15:17,1850,  76,1406, 61,1085,1177,  3025, 165,  56,   6,18531
11:15:27,1856,  73,1354, 59,1073,1151,  3030, 165,  56,   6,18549
11:15:37,1850,  76,1406, 61,1087,1181,  3035, 167,  56,   6,18566
11:15:47,1818,  85,1545, 64,1131,1279,  3035, 167,  56,   6,18586
11:15:57,1853,  76,1408, 60,1085,1177,  3040, 167,  56,   6,18605
11:16:07,1847,  76,1403, 61,1087,1181,  3045, 167,  56,   6,18625
11:16:17,1868,  70,1307, 58,1046,1094,  3045, 168,  56,   6,18642
11:16:28,1870,  70,1309, 59,1046,1094,  3050, 169,  56,   6,18661
11:16:38,1856,  73,1354, 59,1064,1132,  3055, 169,  56,   6,18679
11:16:48,1853,  73,1352, 59,1070,1144,  3055, 169,  56,   6,18698
11:16:58,1865,  70,1305, 59,1052,1106,  3060, 169,  56,   6,18718
11:17:08,1856,  73,1354, 59,1067,1138,  3060, 169,  56,   6,18737
11:17:18,1844,  76,1401, 60,1087,1181,  3065, 169,  56,   6,18756
11:17:28,1868,  70,1307, 59,1046,1094,  3070, 169,  56,   6,18776
11:17:38,1847,  76,1403, 61,1082,1170,  3070, 169,  56,   6,18795
11:17:48,1838,  79,1452, 62,1102,1214,  3075, 169,  56,   6,18815
11:17:58,1826,  81,1479, 63,1123,1261,  3080, 169,  56,   6,18834
11:18:08,1829,  81,1481, 63,1117,1247,  3080, 169,  56,   6,18852
11:18:18,1824,  81,1477, 63,1123,1261,  3085, 169,  56,   6,18870
11:18:28,1853,  73,1352, 59,1073,1151,  3090, 169,  56,   6,18888
11:18:38,1865,  70,1305, 59,1049,1100,  3090, 169,  56,   6,18908
11:18:48,1865,  70,1305, 59,1052,1106,  3095, 169,  56,   6,18928
11:18:58,1865,  70,1305, 59,1052,1106,  3100, 169,  56,   6,18948
11:19:08,1865,  70,1305, 59,1052,1106,  3100, 169,  56,   6,18968
11:19:18,1868,  70,1307, 59,1049,1100,  3105, 169,  56,   6,18986
11:19:28,1865,  70,1305, 59,1052,1106,  3105, 169,  56,   6,19006
11:19:38,1868,  70,1307, 59,1046,1094,  3110, 169,  56,   6,19026
11:19:48,1865,  70,1305, 59,1049,1100,  3115, 169,  56,   6,19046
11:19:58,1868,  70,1307, 59,1046,1094,  3115, 169,  56,   6,19066
11:20:08,1868,  70,1307, 59,1052,1106,  3120, 169,  56,   6,19086
11:20:18,1865,  70,1305, 59,1046,1094,  3120, 169,  56,   6,19106
11:20:28,1868,  70,1307, 59,1049,1100,  3125, 169,  56,   6,19126
11:20:38,1865,  70,1305, 59,1049,1100,  3130, 169,  56,   6,19146
11:20:48,1868,  70,1307, 59,1046,1094,  3130, 169,  56,   6,19166
11:20:58,1862,  70,1303, 59,1052,1106,  3135, 169,  56,   6,19185
11:21:08,1862,  70,1303, 59,1049,1100,  3135, 169,  56,   6,19204
11:21:18,1870,  71,1327, 58,1049,1100,  3140, 169,  56,   6,19224
11:21:28,1865,  70,1305, 59,1052,1106,  3145, 169,  56,   6,19244
11:21:38,1865,  70,1305, 59,1055,1113,  3145, 169,  56,   6,19264
11:21:48,1865,  70,1305, 59,1052,1106,  3150, 169,  56,   6,19284
11:21:58,1868,  70,1307, 59,1046,1094,  3155, 169,  56,   6,19304
11:22:08,1865,  70,1305, 59,1052,1106,  3155, 169,  56,   6,19324
11:22:18,1868,  70,1307, 59,1052,1106,  3160, 169,  56,   6,19344
11:22:28,1868,  70,1307, 59,1049,1100,  3160, 169,  56,   6,19364
11:22:38,1870,  70,1309, 59,1049,1100,  3165, 169,  56,   6,19384
11:22:48,1870,  70,1309, 59,1049,1100,  3170, 169,  56,   6,19404
11:22:58,1865,  70,1305, 59,1052,1106,  3170, 169,  56,   6,19424
11:23:08,1862,  70,1303, 59,1052,1106,  3175, 169,  56,   6,19444
11:23:18,1870,  70,1309, 59,1052,1106,  3175, 169,  56,   6,19464
11:23:28,1868,  70,1307, 59,1052,1106,  3180, 169,  56,   6,19484
11:23:38,1865,  70,1305, 59,1055,1113,  3185, 169,  56,   6,19504
11:23:48,1865,  70,1305, 59,1049,1100,  3185, 169,  56,   6,19524
11:23:58,1868,  70,1307, 59,1049,1100,  3190, 169,  56,   6,19544
11:24:08,1868,  70,1307, 59,1046,1094,  3195, 169,  56,   6,19564
11:24:18,1868,  70,1307, 59,1049,1100,  3195, 169,  56,   6,19584
11:24:28,1865,  70,1305, 59,1052,1106,  3200, 169,  56,   6,19603
11:24:38,1868,  70,1307, 59,1049,1100,  3200, 169,  56,   6,19622
11:24:48,1862,  70,1303, 59,1052,1106,  3205, 169,  56,   6,19640
11:24:58,1865,  70,1305, 59,1049,1100,  3210, 169,  56,   6,19659
11:25:08,1865,  70,1305, 59,1052,1106,  3210, 169,  56,   6,19677
11:25:18,1868,  70,1307, 59,1046,1094,  3215, 169,  56,   6,19695
11:25:28,1862,  70,1303, 59,1052,1106,  3215, 169,  56,   6,19715
11:25:38,1868,  70,1307, 59,1046,1094,  3220, 169,  56,   6,19734
11:25:48,1865,  70,1305, 59,1049,1100,  3225, 169,  56,   6,19754
11:25:58,1868,  70,1307, 59,1046,1094,  3225, 169,  56,   6,19774
11:26:08,1865,  70,1305, 59,1049,1100,  3230, 169,  56,   6,19792
11:26:18,1862,  70,1303, 59,1052,1106,  3230, 169,  56,   6,19811
11:26:28,1865,  70,1305, 59,1046,1094,  3235, 169,  56,   6,19829
11:26:38,1862,  70,1303, 59,1052,1106,  3240, 169,  56,   6,19844
11:26:48,1859,  70,1301, 59,1049,1100,  3240, 169,  56,   6,19860
11:26:58,1859,  70,1301, 59,1049,1100,  3245, 169,  56,   6,19878
11:27:08,1862,  70,1303, 59,1049,1100,  3250, 169,  56,   6,19893
11:27:18,1862,  70,1303, 59,1046,1094,  3250, 169,  56,   6,19912
11:27:28,1865,  70,1305, 59,1046,1094,  3255, 169,  56,   6,19927
11:27:38,1862,  70,1303, 59,1049,1100,  3255, 169,  56,   6,19944
11:27:48,1862,  70,1303, 59,1043,1087,  3260, 169,  56,   6,19961
11:27:58,1868,  70,1307, 59,1049,1100,  3265, 169,  56,   6,19981
11:28:08,1865,  70,1305, 59,1052,1106,  3265, 169,  56,   6,19999
11:28:18,1868,  70,1307, 59,1046,1094,  3270, 169,  56,   6,20019
11:28:28,1862,  70,1303, 59,1055,1113,  3270, 169,  56,   6,20038
11:28:38,1868,  70,1307, 59,1046,1094,  3275, 169,  56,   6,20058
11:28:48,1859,  73,1357, 59,1070,1144,  3280, 169,  56,   6,20078
11:28:58,1873,  70,1311, 59,1049,1100,  3280, 169,  56,   6,20096
11:29:08,1841,  79,1454, 62,1099,1207,  3285, 169,  56,   6,20115
11:29:18,1832,  82,1502, 63,1117,1247,  3290, 169,  56,   6,20132
11:29:29,1835,  81,1486, 62,1123,1261,  3290, 169,  56,   6,20152
11:29:39,1826,  81,1479, 63,1120,1254,  3295, 169,  56,   6,20169
11:29:49,1853,  76,1408, 60,1087,1181,  3300, 169,  56,   6,20185
11:29:59,1862,  74,1377, 59,1073,1151,  3300, 169,  56,   6,20203
11:30:09,1876,  70,1313, 58,1055,1113,  3305, 169,  56,   6,20222
11:30:19,1868,  74,1382, 59,1070,1144,  3310, 169,  56,   6,20242
11:30:29,1870,  71,1327, 59,1058,1119,  3310, 171,  56,   6,20260
11:30:39,1856,  76,1410, 60,1090,1188,  3315, 171,  56,   6,20280
11:30:49,1853,  76,1408, 60,1090,1188,  3320, 171,  56,   6,20298
11:30:59,1876,  71,1331, 58,1058,1119,  3320, 171,  56,   6,20317
11:31:09,1870,  71,1327, 57,1058,1119,  3325, 171,  56,   6,20335
11:31:19,1873,  71,1329, 58,1058,1119,  3325, 173,  56,   6,20349
11:31:29,1879,  71,1334, 57,1055,1113,  3330, 174,  56,   6,20368
11:31:39,1870,  71,1327, 57,1058,1119,  3335, 175,  56,   6,20386
11:31:49,1876,  71,1331, 57,1055,1113,  3335, 175,  56,   6,20405
11:31:59,1873,  70,1311, 58,1055,1113,  3340, 177,  56,   6,20421
11:32:09,1868,  74,1382, 59,1073,1151,  3340, 177,  56,   6,20440
11:32:19,1859,  77,1431, 60,1090,1188,  3345, 177,  56,   6,20458
11:32:29,1868,  74,1382, 59,1070,1144,  3350, 180,  56,   6,20473
11:32:39,1865,  74,1380, 59,1073,1151,  3350, 180,  56,   6,20492
11:32:49,1870,  74,1383, 59,1070,1144,  3355, 180,  56,   6,20510
11:32:59,1868,  74,1382, 59,1073,1151,  3360, 180,  56,   6,20528
11:33:09,1868,  73,1363, 59,1067,1138,  3360, 180,  56,   6,20548
11:33:19,1873,  70,1311, 59,1052,1106,  3365, 181,  56,   6,20566
11:33:29,1865,  74,1380, 59,1070,1144,  3370, 181,  56,   6,20584
11:33:39,1873,  71,1329, 58,1058,1119,  3370, 181,  56,   6,20602
11:33:49,1873,  71,1329, 58,1052,1106,  3375, 181,  56,   6,20621
11:33:59,1853,  76,1408, 61,1093,1194,  3380, 181,  56,   6,20641
11:34:09,1844,  76,1401, 61,1090,1188,  3380, 181,  56,   6,20658
11:34:19,1850,  77,1424, 61,1090,1188,  3385, 181,  56,   6,20676
11:34:29,1859,  73,1357, 59,1064,1132,  3390, 181,  56,   6,20693
11:34:39,1850,  76,1406, 61,1085,1177,  3390, 181,  56,   6,20712
11:34:49,1847,  76,1403, 60,1079,1164,  3395, 181,  56,   6,20731
11:34:59,1862,  70,1303, 59,1043,1087,  3395, 181,  56,   6,20746
11:35:09,1753,  75,1314, 61,1043,1087,  3400, 181,  56,   6,20766
11:35:19,1838,  73,1341, 59,1058,1119,  3405, 181,  56,   6,20784
11:35:29,1847,  73,1348, 59,1058,1119,  3405, 181,  56,   6,20803
11:35:39,1818,  77,1399, 61,1082,1170,  3410, 181,  56,   6,20819
11:35:49,1829,  72,1316, 60,1058,1119,  3415, 181,  56,   6,20839
11:35:59,1829,  72,1316, 59,1052,1106,  3415, 181,  56,   6,20858
11:36:09,1568,  62, 972, 59, 894, 799,  3420, 181,  56,   6,20878
11:36:19,1791,  71,1271, 60,1035,1071,  3420, 181,  56,   6,20896
11:36:29,1718,  74,1271, 62,1029,1058,  3425, 181,  56,   6,20915
11:36:39,1542,  71,1094, 64, 956, 913,  3425, 181,  56,   6,20931
11:36:49,1469,  68, 998, 65, 900, 810,  3430, 181,  56,   6,20950
11:37:10,1,0,0,0,0,0,0
11:37:36,1,0,0,0,0,0,0
11:38:01,1,0,0,0,0,0,0
11:38:27,1,0,0,0,0,0,0
11:38:52,1,0,0,0,0,0,0
11:39:18,1,0,0,0,0,0,0
11:39:43,1,0,0,0,0,0,0
11:40:09,1,0,0,0,0,0,0
11:40:34,1,0,0,0,0,0,0
11:41:00,1,0,0,0,0,0,0
11:41:25,1,0,0,0,0,0,0
11:41:51,1,0,0,0,0,0,0
11:42:16,1,0,0,0,0,0,0
11:42:43,1,0,0,0,0,0,0
11:43:08,1,0,0,0,0,0,0
11:43:34,1,0,0,0,0,0,0
11:43:59,1,0,0,0,0,0,0
11:44:25,1,0,0,0,0,0,0
11:44:50,1,0,0,0,0,0,0
11:45:16,1,0,0,0,0,0,0
11:45:41,1,0,0,0,0,0,0
11:46:07,1,0,0,0,0,0,0
11:46:32,1,0,0,0,0,0,0
11:46:58,1,0,0,0,0,0,0
11:47:23,1,0,0,0,0,0,0
11:47:49,1,0,0,0,0,0,0
11:48:14,1,0,0,0,0,0,0
11:48:40,1,0,0,0,0,0,0
11:49:05,1,0,0,0,0,0,0
11:49:31,1,0,0,0,0,0,0
11:49:56,1,0,0,0,0,0,0
11:50:22,1,0,0,0,0,0,0
11:50:47,1,0,0,0,0,0,0
11:51:13,1,0,0,0,0,0,0
11:51:38,1,0,0,0,0,0,0
11:52:04,1,0,0,0,0,0,0
11:52:29,1,0,0,0,0,0,0
11:52:55,1,0,0,0,0,0,0
11:53:20,1,0,0,0,0,0,0
11:53:46,1,0,0,0,0,0,0
11:54:11,1,0,0,0,0,0,0
11:54:37,1,0,0,0,0,0,0
11:55:02,1,0,0,0,0,0,0
11:55:28,1,0,0,0,0,0,0
11:55:54,1,0,0,0,0,0,0
11:56:20,1,0,0,0,0,0,0
11:56:45,1,0,0,0,0,0,0
11:57:11,1,0,0,0,0,0,0
11:57:36,1,0,0,0,0,0,0
11:58:02,1,0,0,0,0,0,0
11:58:27,1,0,0,0,0,0,0
11:58:53,1,0,0,0,0,0,0
11:59:18,1,0,0,0,0,0,0
11:59:44,1,0,0,0,0,0,0
12:00:09,1,0,0,0,0,0,0
12:00:35,1,0,0,0,0,0,0
12:01:00,1,0,0,0,0,0,0
12:01:26,1,0,0,0,0,0,0
12:01:51,1,0,0,0,0,0,0
12:02:17,1,0,0,0,0,0,0
12:02:42,1,0,0,0,0,0,0
12:03:08,1,0,0,0,0,0,0
12:03:33,1,0,0,0,0,0,0
12:03:59,1,0,0,0,0,0,0
12:04:24,1,0,0,0,0,0,0
12:04:50,1,0,0,0,0,0,0
12:05:15,1,0,0,0,0,0,0
12:05:41,1,0,0,0,0,0,0
12:06:06,1,0,0,0,0,0,0
12:06:32,1,0,0,0,0,0,0
12:06:57,1,0,0,0,0,0,0
12:07:23,1,0,0,0,0,0,0
12:07:48,1,0,0,0,0,0,0
12:08:14,1,0,0,0,0,0,0
12:08:39,1,0,0,0,0,0,0
12:09:06,1,0,0,0,0,0,0
12:09:31,1,0,0,0,0,0,0
12:09:57,1,0,0,0,0,0,0
12:10:22,1,0,0,0,0,0,0
12:10:48,1,0,0,0,0,0,0
12:11:13,1,0,0,0,0,0,0
12:11:39,1,0,0,0,0,0,0
12:12:04,1,0,0,0,0,0,0
12:12:30,1,0,0,0,0,0,0
12:12:55,1,0,0,0,0,0,0
12:13:21,1,0,0,0,0,0,0
12:13:46,1,0,0,0,0,0,0
12:14:12,1,0,0,0,0,0,0
12:14:37,1,0,0,0,0,0,0
12:15:03,1,0,0,0,0,0,0
12:15:28,1,0,0,0,0,0,0
12:15:54,1,0,0,0,0,0,0
12:16:19,1,0,0,0,0,0,0
12:16:45,1,0,0,0,0,0,0
12:17:10,1,0,0,0,0,0,0
12:17:36,1,0,0,0,0,0,0
12:18:01,1,0,0,0,0,0,0
12:18:27,1,0,0,0,0,0,0
12:18:52,1,0,0,0,0,0,0
12:19:18,1,0,0,0,0,0,0
12:19:43,1,0,0,0,0,0,0
12:20:09,1,0,0,0,0,0,0
12:20:34,1,0,0,0,0,0,0
12:21:00,1,0,0,0,0,0,0
12:21:25,1,0,0,0,0,0,0
12:21:52,1,0,0,0,0,0,0
12:22:17,1,0,0,0,0,0,0
12:22:43,1,0,0,0,0,0,0
12:23:08,1,0,0,0,0,0,0
12:23:34,1,0,0,0,0,0,0
12:23:59,1,0,0,0,0,0,0
12:24:25,1,0,0,0,0,0,0
12:24:50,1,0,0,0,0,0,0
12:25:16,1,0,0,0,0,0,0
12:25:41,1,0,0,0,0,0,0
12:26:07,1,0,0,0,0,0,0
12:26:32,1,0,0,0,0,0,0
12:26:58,1,0,0,0,0,0,0
12:27:23,1,0,0,0,0,0,0
12:27:49,1,0,0,0,0,0,0
12:28:14,1,0,0,0,0,0,0
12:28:40,1,0,0,0,0,0,0
12:29:05,1,0,0,0,0,0,0
12:29:31,1,0,0,0,0,0,0
12:29:56,1,0,0,0,0,0,0
12:30:22,1,0,0,0,0,0,0
12:30:47,1,0,0,0,0,0,0
12:31:13,1,0,0,0,0,0,0
12:31:38,1,0,0,0,0,0,0
12:32:04,1,0,0,0,0,0,0
12:32:29,1,0,0,0,0,0,0
12:32:55,1,0,0,0,0,0,0
12:33:20,1,0,0,0,0,0,0
12:33:46,1,0,0,0,0,0,0
12:34:11,1,0,0,0,0,0,0
12:34:37,1,0,0,0,0,0,0
12:35:03,1,0,0,0,0,0,0
12:35:29,1,0,0,0,0,0,0
12:35:54,1,0,0,0,0,0,0
12:36:20,1,0,0,0,0,0,0
12:36:45,1,0,0,0,0,0,0
12:37:11,1,0,0,0,0,0,0
12:37:36,1,0,0,0,0,0,0
12:38:02,1,0,0,0,0,0,0
12:38:27,1,0,0,0,0,0,0
12:38:53,1,0,0,0,0,0,0
12:39:18,1,0,0,0,0,0,0
12:39:44,1,0,0,0,0,0,0
12:40:09,1,0,0,0,0,0,0
12:40:35,1,0,0,0,0,0,0
12:41:00,1,0,0,0,0,0,0
12:41:26,1,0,0,0,0,0,0
12:41:51,1,0,0,0,0,0,0
12:42:17,1,0,0,0,0,0,0
12:42:42,1,0,0,0,0,0,0
12:43:08,1,0,0,0,0,0,0
12:43:33,1,0,0,0,0,0,0
12:43:59,1,0,0,0,0,0,0
12:44:24,1,0,0,0,0,0,0
12:44:50,1,0,0,0,0,0,0
12:45:15,1,0,0,0,0,0,0
12:45:41,1,0,0,0,0,0,0
12:46:06,1,0,0,0,0,0,0
12:46:32,1,0,0,0,0,0,0
12:46:57,1,0,0,0,0,0,0
12:47:23,1,0,0,0,0,0,0
12:47:48,1,0,0,0,0,0,0
12:48:15,1,0,0,0,0,0,0
12:48:40,1,0,0,0,0,0,0
12:49:06,1,0,0,0,0,0,0
12:49:31,1,0,0,0,0,0,0
12:49:57,1,0,0,0,0,0,0
12:50:22,1,0,0,0,0,0,0
12:50:48,1,0,0,0,0,0,0
12:51:13,1,0,0,0,0,0,0
12:51:39,1,0,0,0,0,0,0
12:52:04,1,0,0,0,0,0,0
12:52:30,1,0,0,0,0,0,0
12:52:55,1,0,0,0,0,0,0
12:53:21,1,0,0,0,0,0,0
12:53:46,1,0,0,0,0,0,0
12:54:12,1,0,0,0,0,0,0
12:54:37,1,0,0,0,0,0,0
12:55:03,1,0,0,0,0,0,0
12:55:28,1,0,0,0,0,0,0
12:55:54,1,0,0,0,0,0,0
12:56:19,1,0,0,0,0,0,0
12:56:45,1,0,0,0,0,0,0
12:57:10,1,0,0,0,0,0,0
12:57:36,1,0,0,0,0,0,0
12:58:01,1,0,0,0,0,0,0
12:58:27,1,0,0,0,0,0,0
12:58:52,1,0,0,0,0,0,0
12:59:18,1,0,0,0,0,0,0
12:59:43,1,0,0,0,0,0,0
13:00:09,1,0,0,0,0,0,0
13:00:34,1,0,0,0,0,0,0
13:01:00,1,0,0,0,0,0,0
13:01:26,1,0,0,0,0,0,0
13:01:52,1,0,0,0,0,0,0
13:02:17,1,0,0,0,0,0,0
13:02:43,1,0,0,0,0,0,0
13:03:08,1,0,0,0,0,0,0
13:03:34,1,0,0,0,0,0,0
13:03:59,1,0,0,0,0,0,0
13:04:25,1,0,0,0,0,0,0
13:04:50,1,0,0,0,0,0,0
13:05:16,1,0,0,0,0,0,0
13:05:41,1,0,0,0,0,0,0
13:06:07,1,0,0,0,0,0,0
13:06:32,1,0,0,0,0,0,0
13:06:58,1,0,0,0,0,0,0
13:07:23,1,0,0,0,0,0,0
13:07:49,1,0,0,0,0,0,0
13:08:14,1,0,0,0,0,0,0
13:08:40,1,0,0,0,0,0,0
13:09:05,1,0,0,0,0,0,0
13:09:31,1,0,0,0,0,0,0
13:09:56,1,0,0,0,0,0,0
13:10:22,1,0,0,0,0,0,0
13:10:47,1,0,0,0,0,0,0
13:11:13,1,0,0,0,0,0,0
13:11:38,1,0,0,0,0,0,0
13:12:04,1,0,0,0,0,0,0
13:12:29,1,0,0,0,0,0,0
13:12:55,1,0,0,0,0,0,0
13:13:20,1,0,0,0,0,0,0
13:13:46,1,0,0,0,0,0,0
13:14:12,1,0,0,0,0,0,0
13:14:38,1,0,0,0,0,0,0
13:15:03,1,0,0,0,0,0,0
13:15:29,1,0,0,0,0,0,0
13:15:54,1,0,0,0,0,0,0
13:16:20,1,0,0,0,0,0,0
13:16:45,1,0,0,0,0,0,0
13:17:11,1,0,0,0,0,0,0
13:17:36,1,0,0,0,0,0,0
13:18:02,1,0,0,0,0,0,0
13:18:27,1,0,0,0,0,0,0
13:18:53,1,0,0,0,0,0,0
13:19:18,1,0,0,0,0,0,0
13:19:44,1,0,0,0,0,0,0
13:20:09,1,0,0,0,0,0,0
13:20:35,1,0,0,0,0,0,0
13:21:00,1,0,0,0,0,0,0
13:21:26,1,0,0,0,0,0,0
13:21:51,1,0,0,0,0,0,0
13:22:17,1,0,0,0,0,0,0
13:22:42,1,0,0,0,0,0,0
13:23:08,1,0,0,0,0,0,0
13:23:33,1,0,0,0,0,0,0
13:23:59,1,0,0,0,0,0,0
13:24:24,1,0,0,0,0,0,0
13:24:50,1,0,0,0,0,0,0
13:25:15,1,0,0,0,0,0,0
13:25:41,1,0,0,0,0,0,0
13:26:06,1,0,0,0,0,0,0
13:26:32,1,0,0,0,0,0,0
13:26:57,1,0,0,0,0,0,0
13:27:24,1,0,0,0,0,0,0
13:27:49,1,0,0,0,0,0,0
13:28:15,1,0,0,0,0,0,0
13:28:40,1,0,0,0,0,0,0
13:29:06,1,0,0,0,0,0,0
13:29:31,1,0,0,0,0,0,0
13:29:57,1,0,0,0,0,0,0
13:30:22,1,0,0,0,0,0,0
13:30:48,1,0,0,0,0,0,0
13:31:13,1,0,0,0,0,0,0
13:31:39,1,0,0,0,0,0,0
13:32:04,1,0,0,0,0,0,0
13:32:30,1,0,0,0,0,0,0
13:32:55,1,0,0,0,0,0,0
13:33:21,1,0,0,0,0,0,0
13:33:46,1,0,0,0,0,0,0
13:34:12,1,0,0,0,0,0,0
13:34:37,1,0,0,0,0,0,0
13:35:03,1,0,0,0,0,0,0
13:35:28,1,0,0,0,0,0,0
13:35:54,1,0,0,0,0,0,0
13:36:19,1,0,0,0,0,0,0
13:36:45,1,0,0,0,0,0,0
13:37:10,1,0,0,0,0,0,0
13:37:36,1,0,0,0,0,0,0
13:38:01,1,0,0,0,0,0,0
13:38:27,1,0,0,0,0,0,0
13:38:52,1,0,0,0,0,0,0
13:39:18,1,0,0,0,0,0,0
13:39:43,1,0,0,0,0,0,0
13:40:10,1,0,0,0,0,0,0
13:40:35,1,0,0,0,0,0,0
13:41:01,1,0,0,0,0,0,0
13:41:26,1,0,0,0,0,0,0
13:41:52,1,0,0,0,0,0,0
13:42:17,1,0,0,0,0,0,0
13:42:43,1,0,0,0,0,0,0
13:43:08,1,0,0,0,0,0,0
13:43:34,1,0,0,0,0,0,0
13:43:59,1,0,0,0,0,0,0
13:44:25,1,0,0,0,0,0,0
13:44:50,1,0,0,0,0,0,0
13:45:16,1,0,0,0,0,0,0
13:45:41,1,0,0,0,0,0,0
13:46:07,1,0,0,0,0,0,0
13:46:32,1,0,0,0,0,0,0
13:46:58,1,0,0,0,0,0,0
13:47:23,1,0,0,0,0,0,0
13:47:49,1,0,0,0,0,0,0
13:48:14,1,0,0,0,0,0,0
13:48:40,1,0,0,0,0,0,0
13:49:05,1,0,0,0,0,0,0
13:49:31,1,0,0,0,0,0,0
13:49:56,1,0,0,0,0,0,0
13:50:22,1,0,0,0,0,0,0
13:50:47,1,0,0,0,0,0,0
13:51:13,1,0,0,0,0,0,0
13:51:38,1,0,0,0,0,0,0
13:52:04,1,0,0,0,0,0,0
13:52:29,1,0,0,0,0,0,0
13:52:56,1,0,0,0,0,0,0
13:53:21,1,0,0,0,0,0,0
13:53:47,1,0,0,0,0,0,0
13:54:12,1,0,0,0,0,0,0
13:54:38,1,0,0,0,0,0,0
13:55:03,1,0,0,0,0,0,0
13:55:29,1,0,0,0,0,0,0
13:55:54,1,0,0,0,0,0,0
13:56:20,1,0,0,0,0,0,0
13:56:45,1,0,0,0,0,0,0
13:57:11,1,0,0,0,0,0,0
13:57:36,1,0,0,0,0,0,0
13:58:02,1,0,0,0,0,0,0
13:58:27,1,0,0,0,0,0,0
13:58:53,1,0,0,0,0,0,0
13:59:18,1,0,0,0,0,0,0
13:59:44,1,0,0,0,0,0,0
14:00:09,1,0,0,0,0,0,0
14:00:35,1,0,0,0,0,0,0
14:01:00,1,0,0,0,0,0,0
14:01:26,1,0,0,0,0,0,0
14:01:51,1,0,0,0,0,0,0
14:02:17,1,0,0,0,0,0,0
14:02:42,1,0,0,0,0,0,0
14:03:08,1,0,0,0,0,0,0
14:03:33,1,0,0,0,0,0,0
14:03:59,1,0,0,0,0,0,0
14:04:24,1,0,0,0,0,0,0
