time,VIn,AIn,PIn,PWM,VOut,POut,EnProd,CNT1,CNT2,CNT3,CNT4
15:58:43,0,0,0,0,0,0,0
15:58:43,1,0,0,0,0,0,0
15:58:50,1976,  74,1462, 59,1140,1299,     0,   0,   0,   1,  14
15:59:00,1979,  74,1464, 59,1137,1292,     5,   0,   0,   1,  27
15:59:10,1879,  81,1521, 63,1152,1327,     5,   0,   0,   1,  47
15:59:20,1888,  81,1529, 63,1155,1334,    10,   0,   0,   1,  66
15:59:30,1410,  62, 874, 65, 868, 753,    15,   0,   0,   1,  86
15:59:52,1,0,0,0,0,0,0
16:00:02,1870,  73,1365, 61,1096,1201,    20,   0,   1,   1, 110
16:00:12,1812,  71,1286, 60,1061,1125,    20,   0,   1,   1, 130
16:00:22,1844,  73,1346, 60,1085,1177,    25,   0,   1,   1, 150
16:00:32,1900,  71,1349, 59,1090,1188,    30,   0,   1,   1, 169
16:00:42,1797,  70,1257, 60,1058,1119,    30,   0,   1,   1, 188
16:00:52,1560,  63, 982, 61, 926, 857,    35,   0,   2,   1, 207
16:01:16,1,0,0,0,0,0,0
16:01:26,1865,  61,1137, 56,1005,1010,    35,   0,   2,   1, 237
16:01:36,1868,  70,1307, 59,1073,1151,    40,   0,   2,   1, 256
16:01:46,1821,  68,1238, 60,1041,1083,    45,   0,   2,   1, 276
16:01:56,1909,  68,1298, 58,1076,1157,    45,   0,   2,   1, 295
16:02:06,1923,  69,1326, 58,1079,1164,    50,   0,   2,   1, 313
16:02:16,1912,  68,1300, 58,1079,1164,    55,   0,   2,   1, 327
16:02:26,1917,  69,1322, 58,1082,1170,    55,   0,   2,   1, 347
16:02:36,1897,  74,1403, 60,1117,1247,    60,   0,   2,   1, 362
16:02:46,1903,  72,1370, 59,1099,1207,    65,   0,   2,   1, 380
16:02:56,1888,  74,1397, 60,1108,1227,    65,   0,   2,   1, 393
16:03:06,1847,  82,1514, 64,1152,1327,    70,   0,   2,   1, 413
16:03:16,1856,  79,1466, 62,1137,1292,    75,   0,   2,   1, 430
16:03:26,1873,  76,1423, 62,1120,1254,    75,   0,   2,   1, 449
16:03:36,1903,  68,1294, 58,1073,1151,    80,   0,   2,   1, 469
16:03:46,1906,  68,1296, 58,1070,1144,    85,   0,   2,   1, 482
16:03:56,1885,  74,1394, 60,1108,1227,    85,   0,   2,   1, 499
16:04:06,1865,  76,1417, 62,1120,1254,    90,   0,   2,   1, 514
16:04:16,1859,  76,1412, 62,1114,1240,    95,   0,   2,   1, 534
16:04:26,1850,  79,1461, 62,1134,1285,    95,   0,   2,   1, 552
16:04:36,1856,  76,1410, 62,1117,1247,   100,   0,   2,   1, 572
16:04:46,1868,  73,1363, 60,1093,1194,   105,   0,   2,   1, 589
16:04:56,1876,  70,1313, 60,1079,1164,   110,   0,   2,   1, 609
16:05:06,1865,  73,1361, 61,1099,1207,   110,   0,   2,   1, 626
16:05:16,1859,  73,1357, 61,1096,1201,   115,   0,   2,   1, 645
16:05:26,1868,  70,1307, 59,1076,1157,   120,   0,   2,   1, 662
16:05:36,1826,  78,1424, 63,1117,1247,   120,   0,   2,   1, 682
16:05:47,1838,  75,1378, 62,1102,1214,   125,   0,   2,   1, 700
16:05:57,1882,  67,1260, 58,1055,1113,   130,   0,   2,   1, 717
16:06:07,1868,  70,1307, 59,1073,1151,   130,   0,   2,   1, 737
16:06:17,1870,  70,1309, 59,1079,1164,   135,   0,   2,   1, 757
16:06:27,1879,  67,1258, 58,1058,1119,   135,   0,   2,   1, 776
16:06:37,1844,  75,1383, 62,1105,1221,   140,   0,   2,   1, 795
16:06:47,1730,  67,1159, 60,1008,1016,   145,   0,   2,   1, 813
16:07:10,1,0,0,0,0,0,0
16:07:36,1,0,0,0,0,0,0
16:08:01,1,0,0,0,0,0,0
16:08:11,1856,  73,1354, 60,1090,1188,   145,   1,   2,   2, 859
16:08:21,1844,  75,1383, 61,1108,1227,   150,   1,   2,   2, 874
16:08:31,1812,  81,1467, 62,1131,1279,   155,   1,   2,   2, 891
16:08:41,1818,  78,1418, 62,1111,1234,   160,   1,   2,   2, 907
16:08:51,1835,  75,1376, 62,1105,1221,   160,   1,   2,   2, 924
16:09:01,1832,  75,1374, 62,1096,1201,   165,   1,   2,   2, 943
16:09:11,1818,  77,1399, 62,1114,1240,   170,   1,   2,   2, 963
16:09:21,1832,  75,1374, 62,1102,1214,   170,   1,   2,   2, 979
16:09:31,1818,  77,1399, 62,1108,1227,   175,   1,   2,   2, 995
16:09:41,1829,  75,1371, 62,1096,1201,   180,   1,   2,   2,1015
16:09:51,1821,  74,1347, 62,1090,1188,   180,   1,   2,   2,1033
16:10:01,1809,  77,1392, 62,1111,1234,   185,   1,   2,   2,1046
16:10:11,1809,  77,1392, 63,1108,1227,   190,   1,   2,   2,1065
16:10:21,1826,  75,1369, 62,1096,1201,   190,   1,   2,   2,1082
16:10:31,1812,  77,1395, 63,1111,1234,   195,   1,   2,   2,1102
16:10:41,1803,  77,1388, 63,1105,1221,   200,   1,   2,   2,1122
16:10:51,1815,  74,1343, 61,1087,1181,   200,   1,   2,   2,1137
16:11:01,1818,  74,1345, 62,1090,1188,   205,   1,   2,   2,1150
16:11:11,1806,  77,1390, 63,1105,1221,   210,   1,   2,   2,1168
16:11:21,1797,  77,1383, 62,1099,1207,   210,   1,   2,   2,1186
16:11:31,1797,  77,1383, 62,1099,1207,   215,   1,   2,   2,1205
16:11:41,1806,  74,1336, 61,1082,1170,   220,   1,   2,   2,1222
16:11:51,1780,  79,1406, 64,1111,1234,   220,   1,   2,   2,1239
16:12:01,1791,  76,1361, 63,1093,1194,   225,   1,   2,   2,1256
16:12:11,1806,  74,1336, 62,1082,1170,   230,   1,   2,   2,1272
16:12:21,1791,  76,1361, 64,1093,1194,   230,   1,   2,   2,1287
16:12:31,1803,  73,1316, 62,1079,1164,   235,   2,   2,   2,1301
16:12:41,1765,  78,1376, 64,1102,1214,   240,   2,   2,   2,1318
16:12:51,1782,  76,1354, 63,1087,1181,   240,   2,   2,   2,1334
16:13:01,1800,  74,1332, 61,1082,1170,   245,   3,   2,   2,1351
16:13:11,1797,  74,1329, 61,1079,1164,   250,   6,   2,   2,1368
16:13:21,1809,  71,1284, 61,1064,1132,   250,   7,   2,   2,1386
16:13:31,1800,  73,1314, 61,1073,1151,   255,   8,   2,   2,1402
16:13:41,1800,  74,1332, 61,1082,1170,   260,   9,   2,   2,1419
16:13:51,1806,  71,1282, 61,1067,1138,   260,   9,   2,   2,1434
16:14:01,1800,  74,1332, 61,1082,1170,   265,  10,   2,   2,1451
16:14:11,1806,  70,1264, 61,1058,1119,   265,  13,   2,   2,1466
16:14:21,1806,  71,1282, 61,1061,1125,   270,  17,   2,   2,1481
16:14:31,1794,  74,1327, 61,1082,1170,   275,  18,   2,   2,1498
16:14:41,1797,  74,1329, 61,1079,1164,   275,  21,   2,   2,1514
16:14:51,1794,  73,1309, 61,1073,1151,   280,  22,   2,   2,1532
16:15:01,1791,  74,1325, 61,1076,1157,   285,  24,   2,   2,1549
16:15:11,1812,  71,1286, 61,1061,1125,   285,  25,   2,   2,1566
16:15:21,1797,  74,1329, 61,1079,1164,   290,  27,   2,   2,1581
16:15:31,1809,  71,1284, 61,1064,1132,   295,  31,   2,   2,1595
16:15:41,1800,  73,1314, 61,1076,1157,   295,  32,   2,   2,1613
16:15:51,1791,  74,1325, 61,1076,1157,   300,  34,   2,   2,1629
16:16:01,1794,  73,1309, 61,1073,1151,   305,  37,   2,   2,1645
16:16:11,1794,  73,1309, 62,1076,1157,   305,  40,   2,   2,1661
16:16:21,1794,  74,1327, 61,1076,1157,   310,  43,   2,   2,1675
16:16:31,1794,  73,1309, 62,1073,1151,   310,  47,   2,   2,1690
16:16:41,1762,  78,1374, 64,1099,1207,   315,  48,   2,   2,1709
16:16:51,1759,  78,1372, 63,1096,1201,   320,  48,   2,   2,1727
16:17:01,1777,  76,1350, 63,1087,1181,   320,  48,   2,   2,1745
16:17:11,1762,  75,1321, 63,1076,1157,   325,  48,   2,   2,1764
16:17:21,1771,  76,1345, 63,1085,1177,   330,  48,   2,   2,1783
16:17:31,1768,  76,1343, 63,1082,1170,   330,  48,   2,   2,1802
16:17:41,1771,  75,1328, 63,1082,1170,   335,  48,   2,   2,1820
16:17:51,1771,  75,1328, 63,1079,1164,   340,  48,   2,   2,1837
16:18:01,1756,  78,1369, 64,1093,1194,   340,  48,   2,   2,1854
16:18:11,1750,  77,1347, 65,1090,1188,   345,  48,   2,   2,1872
16:18:21,1771,  76,1345, 62,1082,1170,   350,  48,   2,   2,1891
16:18:32,1771,  76,1345, 63,1085,1177,   350,  48,   2,   2,1911
16:18:42,1771,  76,1345, 63,1082,1170,   355,  48,   2,   2,1931
16:18:52,1753,  78,1367, 64,1093,1194,   360,  48,   2,   2,1948
16:19:02,1768,  76,1343, 63,1082,1170,   360,  48,   2,   2,1967
16:19:12,1780,  76,1352, 62,1087,1181,   365,  48,   2,   2,1983
16:19:22,1791,  73,1307, 62,1073,1151,   370,  48,   2,   2,2001
16:19:32,1794,  73,1309, 62,1076,1157,   370,  48,   2,   2,2020
16:19:42,1797,  74,1329, 62,1079,1164,   375,  48,   2,   2,2040
16:19:52,1788,  74,1323, 62,1073,1151,   380,  48,   2,   2,2059
16:20:02,1794,  74,1327, 62,1073,1151,   380,  48,   2,   2,2079
16:20:12,1797,  74,1329, 61,1079,1164,   385,  48,   2,   2,2099
16:20:22,1785,  76,1356, 62,1093,1194,   385,  48,   2,   2,2116
16:20:32,1782,  76,1354, 62,1090,1188,   390,  48,   2,   2,2133
16:20:42,1782,  76,1354, 63,1090,1188,   395,  48,   2,   2,2147
16:20:52,1762,  78,1374, 65,1099,1207,   395,  48,   2,   2,2162
16:21:02,1730,  83,1435, 67,1123,1261,   400,  48,   2,   2,2180
16:21:12,1750,  81,1417, 65,1117,1247,   405,  48,   2,   2,2195
16:21:22,1777,  76,1350, 62,1087,1181,   410,  48,   2,   2,2211
16:21:32,1777,  76,1350, 62,1087,1181,   410,  48,   2,   2,2227
16:21:42,1782,  76,1354, 62,1090,1188,   415,  48,   2,   2,2246
16:21:52,1791,  73,1307, 62,1073,1151,   415,  48,   2,   2,2266
16:22:02,1791,  73,1307, 62,1073,1151,   420,  48,   2,   2,2286
16:22:12,1797,  73,1311, 62,1073,1151,   425,  48,   2,   2,2306
16:22:22,1794,  73,1309, 62,1076,1157,   425,  48,   2,   2,2326
16:22:32,1780,  76,1352, 63,1087,1181,   430,  48,   2,   2,2346
16:22:42,1797,  74,1329, 62,1079,1164,   435,  48,   2,   2,2366
16:22:52,1782,  76,1354, 62,1087,1181,   435,  48,   2,   2,2385
16:23:02,1800,  74,1332, 61,1082,1170,   440,  48,   2,   2,2405
16:23:12,1803,  74,1334, 61,1082,1170,   445,  48,   2,   2,2424
16:23:22,1800,  74,1332, 61,1079,1164,   445,  48,   2,   2,2444
16:23:32,1800,  74,1332, 62,1079,1164,   450,  48,   2,   2,2463
16:23:42,1797,  74,1329, 62,1079,1164,   455,  48,   2,   2,2483
16:23:52,1791,  74,1325, 62,1073,1151,   455,  48,   2,   2,2503
16:24:02,1794,  73,1309, 62,1079,1164,   460,  48,   2,   2,2523
16:24:12,1791,  73,1307, 62,1073,1151,   465,  48,   2,   2,2543
16:24:22,1777,  76,1350, 63,1087,1181,   465,  48,   2,   2,2560
16:24:32,1791,  74,1325, 62,1076,1157,   470,  48,   2,   2,2575
16:24:42,1791,  74,1325, 62,1073,1151,   470,  48,   2,   2,2590
16:24:52,1794,  74,1327, 62,1076,1157,   475,  48,   2,   2,2608
16:25:02,1782,  76,1354, 62,1090,1188,   480,  48,   2,   2,2626
16:25:12,1777,  76,1350, 63,1085,1177,   480,  48,   2,   2,2644
16:25:22,1768,  79,1396, 65,1102,1214,   485,  48,   2,   2,2662
16:25:32,1794,  73,1309, 62,1076,1157,   490,  48,   2,   2,2682
16:25:42,1782,  76,1354, 62,1090,1188,   490,  48,   2,   2,2702
16:25:52,1788,  76,1358, 62,1093,1194,   495,  48,   2,   2,2722
16:26:02,1800,  73,1314, 62,1079,1164,   500,  48,   2,   2,2742
16:26:12,1788,  76,1358, 62,1090,1188,   500,  48,   2,   2,2760
16:26:22,1554,  71,1103, 65, 982, 964,   505,  48,   2,   2,2780
16:26:32,1782,  76,1354, 63,1090,1188,   510,  48,   2,   2,2798
16:26:42,1785,  76,1356, 63,1090,1188,   510,  48,   2,   2,2817
16:26:52,1797,  73,1311, 62,1073,1151,   515,  48,   2,   2,2833
16:27:02,1771,  79,1399, 64,1102,1214,   520,  48,   2,   2,2853
16:27:12,1780,  76,1352, 63,1087,1181,   520,  48,   2,   2,2871
16:27:22,1788,  73,1305, 61,1073,1151,   525,  48,   2,   2,2890
16:27:32,1794,  73,1309, 62,1076,1157,   530,  48,   2,   2,2910
16:27:42,1683,  75,1262, 64,1046,1094,   530,  48,   2,   2,2928
16:27:52,1777,  76,1350, 63,1087,1181,   535,  48,   2,   2,2948
16:28:02,1768,  79,1396, 64,1105,1221,   540,  48,   2,   2,2966
16:28:12,1624,  69,1120, 63, 988, 976,   540,  48,   2,   2,2983
16:28:37,1,0,0,0,0,0,0
16:28:47,1785,  76,1356, 63,1090,1188,   545,  49,   2,   2,3014
16:28:57,1788,  76,1358, 62,1093,1194,   550,  49,   2,   2,3030
16:29:07,1759,  81,1424, 65,1120,1254,   550,  49,   2,   2,3048
16:29:17,1765,  79,1394, 64,1099,1207,   555,  49,   2,   2,3065
16:29:27,1744,  81,1412, 65,1114,1240,   560,  49,   2,   2,3082
16:29:37,1762,  78,1374, 65,1099,1207,   560,  49,   2,   2,3101
16:29:47,1774,  76,1348, 63,1087,1181,   565,  49,   2,   2,3113
16:29:57,1777,  76,1350, 63,1090,1188,   570,  49,   2,   2,3131
16:30:07,1771,  76,1345, 62,1082,1170,   570,  49,   2,   2,3149
16:30:17,1785,  73,1303, 62,1070,1144,   575,  49,   2,   2,3161
16:30:27,1768,  75,1326, 62,1079,1164,   580,  49,   2,   2,3173
16:30:37,1782,  73,1300, 61,1073,1151,   580,  49,   2,   2,3187
16:30:47,1780,  73,1299, 61,1067,1138,   585,  49,   2,   2,3204
16:30:57,1782,  73,1300, 62,1067,1138,   585,  49,   2,   2,3218
16:31:08,1753,  78,1367, 64,1096,1201,   590,  49,   2,   2,3236
16:31:18,1777,  73,1297, 61,1064,1132,   595,  49,   2,   2,3251
16:31:28,1780,  73,1299, 62,1064,1132,   595,  49,   2,   2,3264
16:31:38,1774,  72,1277, 62,1061,1125,   600,  49,   2,   2,3276
16:31:48,1733,  80,1386, 66,1102,1214,   605,  49,   2,   2,3296
16:31:58,1718,  83,1425, 66,1117,1247,   605,  49,   2,   2,3314
16:32:08,1709,  82,1401, 66,1108,1227,   610,  49,   2,   2,3331
16:32:18,1756,  75,1317, 62,1076,1157,   615,  49,   2,   2,3349
16:32:28,1765,  72,1270, 61,1055,1113,   615,  49,   2,   2,3363
16:32:38,1782,  70,1247, 61,1046,1094,   620,  49,   2,   2,3376
16:32:48,1782,  70,1247, 61,1046,1094,   625,  49,   2,   2,3389
16:32:58,1771,  73,1292, 61,1061,1125,   625,  49,   2,   2,3404
16:33:08,1768,  72,1272, 62,1061,1125,   630,  49,   2,   2,3417
16:33:18,1753,  75,1314, 63,1073,1151,   630,  49,   2,   2,3433
16:33:28,1771,  72,1275, 62,1064,1132,   635,  49,   2,   2,3452
16:33:38,1777,  69,1226, 61,1043,1087,   640,  49,   2,   2,3466
16:33:48,1768,  72,1272, 62,1058,1119,   640,  49,   2,   2,3483
16:33:58,1747,  75,1310, 63,1067,1138,   645,  49,   2,   2,3500
16:34:08,1777,  70,1243, 61,1043,1087,   645,  49,   2,   2,3512
16:34:18,1756,  72,1264, 62,1055,1113,   650,  49,   2,   2,3527
16:34:28,1750,  75,1312, 63,1070,1144,   655,  49,   2,   2,3547
16:34:38,1741,  74,1288, 62,1064,1132,   655,  49,   2,   2,3566
16:34:48,1777,  70,1243, 61,1043,1087,   660,  49,   2,   2,3583
16:34:58,1762,  72,1268, 61,1055,1113,   665,  49,   2,   2,3600
16:35:08,1771,  69,1221, 61,1038,1077,   665,  49,   2,   2,3619
16:35:18,1765,  72,1270, 61,1058,1119,   670,  50,   2,   2,3634
16:35:28,1759,  72,1266, 61,1052,1106,   670,  50,   2,   2,3653
16:35:38,1759,  72,1266, 61,1052,1106,   675,  50,   2,   2,3671
16:35:48,1756,  72,1264, 61,1052,1106,   680,  50,   2,   2,3690
16:35:58,1762,  72,1268, 61,1058,1119,   680,  50,   2,   2,3704
16:36:08,1756,  72,1264, 61,1052,1106,   685,  50,   2,   2,3718
16:36:18,1762,  72,1268, 61,1058,1119,   685,  50,   2,   2,3735
16:36:28,1759,  72,1266, 61,1055,1113,   690,  50,   2,   2,3753
16:36:38,1762,  72,1268, 61,1058,1119,   695,  50,   2,   2,3770
16:36:48,1753,  72,1262, 61,1049,1100,   695,  50,   2,   2,3784
16:36:58,1753,  72,1262, 61,1049,1100,   700,  50,   2,   2,3797
16:37:08,1759,  72,1266, 61,1052,1106,   705,  50,   2,   2,3812
16:37:18,1762,  72,1268, 61,1058,1119,   705,  50,   2,   2,3828
16:37:28,1762,  72,1268, 61,1055,1113,   710,  50,   2,   2,3845
16:37:38,1759,  72,1266, 61,1055,1113,   710,  50,   2,   2,3860
16:37:48,1765,  72,1270, 61,1058,1119,   715,  50,   2,   2,3877
16:37:58,1777,  69,1226, 61,1041,1083,   720,  51,   2,   2,3894
16:38:08,1771,  69,1221, 61,1038,1077,   720,  51,   2,   2,3909
16:38:18,1777,  70,1243, 61,1043,1087,   725,  51,   2,   2,3923
16:38:28,1774,  69,1224, 61,1038,1077,   725,  51,   2,   2,3938
16:38:38,1771,  69,1221, 61,1038,1077,   730,  51,   2,   2,3954
16:38:48,1777,  69,1226, 61,1041,1083,   735,  51,   2,   2,3968
16:38:58,1771,  70,1239, 61,1038,1077,   735,  51,   2,   2,3984
16:39:08,1774,  69,1224, 61,1041,1083,   740,  51,   2,   2,4002
16:39:18,1777,  70,1243, 61,1043,1087,   740,  51,   2,   2,4017
16:39:28,1777,  70,1243, 61,1041,1083,   745,  51,   2,   2,4036
16:39:38,1777,  69,1226, 61,1041,1083,   750,  51,   2,   2,4054
16:39:48,1777,  70,1243, 61,1043,1087,   750,  51,   2,   2,4072
16:39:58,1774,  70,1241, 61,1041,1083,   755,  51,   2,   2,4090
16:40:08,1777,  69,1226, 61,1041,1083,   755,  51,   2,   2,4110
16:40:18,1774,  69,1224, 61,1041,1083,   760,  51,   2,   2,4130
16:40:28,1780,  69,1228, 61,1041,1083,   765,  51,   2,   2,4147
16:40:38,1777,  69,1226, 61,1041,1083,   765,  51,   2,   2,4166
16:40:48,1777,  70,1243, 61,1043,1087,   770,  51,   2,   2,4185
16:40:58,1774,  69,1224, 61,1041,1083,   775,  51,   2,   2,4204
16:41:08,1777,  70,1243, 61,1046,1094,   775,  51,   2,   2,4223
16:41:18,1777,  70,1243, 61,1043,1087,   780,  51,   2,   2,4243
16:41:28,1774,  69,1224, 61,1041,1083,   780,  51,   2,   2,4263
16:41:38,1780,  70,1246, 61,1046,1094,   785,  51,   2,   2,4282
16:41:48,1780,  70,1246, 61,1043,1087,   790,  51,   2,   2,4300
16:41:58,1771,  69,1221, 61,1041,1083,   790,  51,   2,   2,4315
16:42:08,1771,  70,1239, 61,1041,1083,   795,  51,   2,   2,4331
16:42:18,1756,  72,1264, 62,1049,1100,   795,  51,   2,   2,4348
16:42:28,1756,  72,1264, 61,1049,1100,   800,  52,   2,   2,4362
16:42:38,1756,  72,1264, 62,1052,1106,   805,  52,   2,   2,4376
16:42:48,1727,  77,1329, 64,1079,1164,   805,  52,   2,   2,4391
16:42:58,1750,  71,1242, 61,1049,1100,   810,  52,   2,   2,4406
16:43:08,1756,  72,1264, 61,1052,1106,   810,  52,   2,   2,4417
16:43:18,1750,  72,1260, 62,1052,1106,   815,  54,   2,   2,4429
16:43:28,1739,  75,1304, 63,1064,1132,   820,  54,   2,   2,4447
16:43:38,1706,  79,1347, 66,1082,1170,   820,  54,   2,   2,4466
16:43:49,1727,  77,1329, 63,1076,1157,   825,  54,   2,   2,4482
16:43:59,1750,  71,1242, 61,1046,1094,   830,  54,   2,   2,4499
16:44:09,1774,  70,1241, 61,1041,1083,   830,  55,   2,   2,4518
16:44:19,1756,  72,1264, 61,1052,1106,   835,  56,   2,   2,4536
16:44:29,1753,  72,1262, 61,1052,1106,   835,  56,   2,   2,4553
16:44:39,1768,  69,1219, 61,1035,1071,   840,  57,   2,   2,4569
16:44:49,1774,  69,1224, 61,1041,1083,   845,  57,   2,   2,4588
16:44:59,1759,  72,1266, 61,1052,1106,   845,  58,   2,   2,4605
16:45:09,1762,  72,1268, 61,1055,1113,   850,  58,   2,   2,4625
16:45:19,1718,  80,1374, 65,1096,1201,   850,  58,   2,   2,4644
16:45:29,1730,  77,1332, 63,1076,1157,   855,  58,   2,   2,4660
16:45:39,1765,  72,1270, 62,1058,1119,   860,  58,   2,   2,4673
16:45:49,1762,  72,1268, 62,1058,1119,   860,  58,   2,   2,4690
16:45:59,1750,  75,1312, 63,1070,1144,   865,  58,   2,   2,4710
16:46:09,1736,  77,1336, 65,1085,1177,   870,  58,   2,   2,4726
16:46:19,1759,  72,1266, 61,1052,1106,   870,  58,   2,   2,4743
16:46:29,1736,  77,1336, 65,1085,1177,   875,  58,   2,   2,4763
16:46:39,1680,  84,1411, 68,1111,1234,   880,  58,   2,   2,4782
16:46:49,1656,  86,1424, 68,1114,1240,   880,  58,   2,   2,4800
16:46:59,1677,  83,1391, 68,1105,1221,   885,  58,   2,   2,4818
16:47:09,1677,  84,1408, 67,1108,1227,   890,  58,   2,   2,4831
16:47:19,1709,  79,1350, 66,1085,1177,   890,  58,   2,   2,4847
16:47:29,1730,  77,1332, 64,1079,1164,   895,  58,   2,   2,4859
16:47:39,1756,  72,1264, 61,1049,1100,   900,  58,   2,   2,4876
16:47:49,1765,  72,1270, 62,1055,1113,   900,  58,   2,   2,4895
16:47:59,1747,  74,1292, 62,1067,1138,   905,  58,   2,   2,4915
16:48:09,1741,  75,1305, 63,1064,1132,   905,  58,   2,   2,4935
16:48:19,1750,  74,1295, 63,1073,1151,   910,  58,   2,   2,4955
16:48:29,1750,  75,1312, 63,1070,1144,   915,  58,   2,   2,4974
16:48:39,1747,  75,1310, 63,1067,1138,   915,  58,   2,   2,4992
16:48:49,1750,  75,1312, 63,1070,1144,   920,  58,   2,   2,5007
16:48:59,1768,  72,1272, 61,1061,1125,   925,  58,   2,   2,5027
16:49:09,1768,  72,1272, 61,1061,1125,   925,  58,   2,   2,5047
16:49:19,1768,  72,1272, 61,1061,1125,   930,  58,   2,   2,5066
16:49:29,1765,  72,1270, 61,1058,1119,   935,  58,   2,   2,5083
16:49:39,1762,  72,1268, 61,1058,1119,   935,  58,   2,   2,5099
16:49:49,1762,  72,1268, 61,1058,1119,   940,  58,   2,   2,5113
16:49:59,1762,  72,1268, 61,1058,1119,   940,  58,   2,   2,5126
16:50:09,1762,  72,1268, 62,1055,1113,   945,  58,   2,   2,5139
16:50:19,1747,  75,1310, 62,1070,1144,   950,  59,   2,   2,5156
16:50:29,1777,  69,1226, 61,1041,1083,   950,  59,   2,   2,5169
16:50:39,1777,  70,1243, 61,1041,1083,   955,  59,   2,   2,5185
16:50:49,1777,  70,1243, 61,1046,1094,   955,  59,   2,   2,5200
16:50:59,1777,  70,1243, 61,1043,1087,   960,  59,   2,   2,5218
16:51:09,1753,  75,1314, 62,1073,1151,   965,  59,   2,   2,5237
16:51:19,1771,  73,1292, 62,1064,1132,   965,  59,   2,   2,5257
16:51:29,1771,  73,1292, 61,1064,1132,   970,  59,   2,   2,5274
16:51:39,1768,  72,1272, 61,1058,1119,   975,  59,   2,   2,5294
16:51:49,1753,  75,1314, 63,1073,1151,   975,  59,   2,   2,5310
16:51:59,1727,  76,1312, 64,1079,1164,   980,  59,   2,   2,5329
16:52:09,1642,  76,1247, 65,1041,1083,   980,  59,   2,   2,5348
16:52:19,1659,  77,1277, 65,1055,1113,   985,  59,   2,   2,5364
16:52:29,1727,  77,1329, 64,1079,1164,   990,  59,   2,   2,5384
16:52:39,1727,  77,1329, 64,1076,1157,   990,  59,   2,   2,5401
16:52:49,1686,  78,1315, 66,1073,1151,   995,  59,   2,   2,5417
16:52:59,1548,  71,1099, 65, 976, 952,  1000,  59,   2,   2,5436
16:53:27,1,0,0,0,0,0,0
16:53:37,1686,  72,1213, 64,1026,1052,  1000,  59,   5,   2,5470
16:53:47,1580,  73,1153, 65,1000,1000,  1005,  59,   5,   2,5490
16:53:57,1425,  67, 954, 66, 912, 831,  1010,  60,   5,   2,5508
16:54:25,1,0,0,0,0,0,0
16:54:35,1563,  58, 906, 59, 888, 788,  1010,  60,   5,   2,5545
16:54:59,1,0,0,0,0,0,0
16:55:25,1,0,0,0,0,0,0
16:55:50,1,0,0,0,0,0,0
16:56:17,1,0,0,0,0,0,0
16:56:42,1,0,0,0,0,0,0
16:57:08,1,0,0,0,0,0,0
16:57:17,1706,  61,1040, 58, 956, 913,  1015,  60,   6,   5,5620
16:57:27,1838,  57,1047, 55, 964, 929,  1020,  60,   6,   5,5636
16:57:54,1,0,0,0,0,0,0
16:58:20,1,0,0,0,0,0,0
16:58:45,1,0,0,0,0,0,0
16:59:11,1,0,0,0,0,0,0
16:59:36,1,0,0,0,0,0,0
17:00:02,1,0,0,0,0,0,0
17:00:27,1,0,0,0,0,0,0
17:00:53,1,0,0,0,0,0,0
17:01:18,1,0,0,0,0,0,0
17:01:28,1826,  75,1369, 62,1093,1194,  1025,  61,   7,  10,5735
17:01:38,1826,  74,1351, 61,1093,1194,  1030,  61,   7,  10,5754
17:01:48,1826,  75,1369, 62,1096,1201,  1035,  61,   7,  10,5772
17:01:58,1821,  74,1347, 61,1087,1181,  1035,  61,   7,  10,5788
17:02:08,1791,  76,1361, 63,1093,1194,  1040,  61,   7,  10,5805
17:02:18,1803,  74,1334, 62,1082,1170,  1045,  61,   7,  10,5821
17:02:28,1800,  73,1314, 62,1076,1157,  1045,  61,   7,  10,5838
17:02:38,1785,  73,1303, 62,1067,1138,  1050,  61,   7,  10,5856
17:02:48,1706,  79,1347, 65,1085,1177,  1055,  61,   7,  10,5875
17:02:58,1656,  80,1324, 66,1076,1157,  1055,  61,   7,  10,5893
17:03:08,1653,  79,1305, 67,1070,1144,  1060,  61,   7,  10,5911
17:03:18,1730,  77,1332, 65,1079,1164,  1060,  61,   7,  10,5924
17:03:28,1727,  76,1312, 64,1073,1151,  1065,  61,   7,  10,5936
17:03:38,1665,  80,1332, 66,1079,1164,  1070,  61,   7,  10,5954
17:03:48,1639,  78,1278, 66,1058,1119,  1070,  61,   7,  10,5971
17:03:58,1434,  68, 975, 67, 917, 840,  1075,  61,   7,  10,5991
17:04:08,1263,  58, 732, 66, 803, 644,  1075,  61,   7,  10,6011
17:04:28,1,0,0,0,0,0,0
17:04:54,1,0,0,0,0,0,0
17:05:04,1747,  68,1187, 60,1023,1046,  1080,  61,   7,  11,6040
17:05:14,1744,  71,1238, 61,1041,1083,  1085,  61,   7,  11,6059
17:05:24,1782,  70,1247, 61,1043,1087,  1085,  61,   7,  11,6078
17:05:34,1656,  73,1208, 65,1032,1065,  1090,  61,   7,  11,6097
17:06:02,1,0,0,0,0,0,0
17:06:28,1,0,0,0,0,0,0
17:06:53,1,0,0,0,0,0,0
17:07:03,1721,  73,1256, 63,1046,1094,  1095,  61,   7,  13,6153
17:07:13,1507,  69,1039, 65, 950, 902,  1095,  61,   7,  13,6173
17:07:23,1472,  64, 942, 65, 906, 820,  1100,  61,   8,  13,6191
17:07:48,1,0,0,0,0,0,0
17:07:58,1730,  67,1159, 61,1014,1028,  1105,  61,   9,  13,6221
17:08:08,1536,  57, 875, 59, 876, 767,  1105,  61,  10,  13,6240
17:08:30,1,0,0,0,0,0,0
17:08:41,1747,  75,1310, 63,1067,1138,  1110,  63,  10,  13,6262
17:08:51,1785,  69,1231, 61,1046,1094,  1110,  63,  10,  13,6272
17:09:01,1794,  70,1255, 61,1052,1106,  1115,  63,  10,  13,6289
17:09:11,1788,  70,1251, 61,1049,1100,  1120,  63,  10,  13,6307
17:09:21,1791,  70,1253, 61,1052,1106,  1120,  63,  10,  13,6326
17:09:31,1756,  74,1299, 63,1064,1132,  1125,  63,  10,  13,6341
17:09:41,1747,  74,1292, 63,1064,1132,  1130,  63,  10,  13,6357
17:09:51,1753,  75,1314, 63,1073,1151,  1130,  63,  10,  13,6374
17:10:01,1744,  74,1290, 63,1064,1132,  1135,  63,  10,  13,6393
17:10:11,1768,  72,1272, 61,1061,1125,  1135,  63,  10,  13,6411
17:10:21,1785,  70,1249, 61,1046,1094,  1140,  63,  10,  13,6431
17:10:31,1744,  75,1308, 63,1064,1132,  1145,  63,  10,  13,6450
17:10:41,1765,  72,1270, 61,1058,1119,  1145,  63,  10,  13,6469
17:10:51,1741,  74,1288, 63,1064,1132,  1150,  63,  10,  13,6488
17:11:01,1715,  76,1303, 64,1070,1144,  1155,  63,  10,  13,6502
17:11:11,1662,  80,1329, 65,1076,1157,  1155,  63,  10,  13,6520
17:11:21,1709,  76,1298, 65,1064,1132,  1160,  63,  10,  13,6534
17:11:31,1712,  76,1301, 65,1064,1132,  1165,  63,  10,  13,6550
17:11:41,1744,  74,1290, 65,1064,1132,  1165,  63,  10,  13,6564
17:11:51,1782,  70,1247, 65,1046,1094,  1170,  63,  10,  13,6577
17:12:01,1780,  70,1246, 65,1043,1087,  1175,  63,  10,  13,6596
17:12:11,1768,  72,1272, 65,1058,1119,  1175,  63,  10,  13,6610
17:12:21,1765,  72,1270, 65,1055,1113,  1180,  63,  10,  13,6624
17:12:31,1762,  72,1268, 65,1055,1113,  1180,  63,  10,  13,6639
17:12:41,1768,  72,1272, 65,1061,1125,  1185,  63,  10,  13,6653
17:12:51,1765,  72,1270, 65,1055,1113,  1190,  63,  10,  13,6666
17:13:01,1741,  75,1305, 65,1070,1144,  1190,  63,  10,  13,6683
17:13:11,1768,  72,1272, 65,1061,1125,  1195,  63,  10,  13,6703
17:13:21,1739,  74,1286, 65,1064,1132,  1200,  63,  10,  13,6722
17:13:31,1765,  72,1270, 65,1055,1113,  1200,  63,  10,  13,6741
17:13:41,1724,  76,1310, 65,1073,1151,  1205,  63,  10,  13,6760
17:13:51,1747,  74,1292, 65,1064,1132,  1205,  63,  10,  13,6775
17:14:01,1727,  77,1329, 65,1079,1164,  1210,  63,  10,  13,6792
17:14:11,1739,  74,1286, 65,1061,1125,  1215,  63,  10,  13,6805
17:14:21,1741,  74,1288, 65,1064,1132,  1215,  63,  10,  13,6822
17:14:31,1768,  72,1272, 65,1058,1119,  1220,  63,  10,  13,6840
17:14:41,1765,  72,1270, 65,1058,1119,  1225,  63,  10,  13,6856
17:14:51,1736,  74,1284, 65,1061,1125,  1225,  63,  10,  13,6871
17:15:01,1741,  74,1288, 65,1067,1138,  1230,  63,  10,  13,6889
17:15:11,1736,  74,1284, 65,1064,1132,  1230,  63,  10,  13,6908
17:15:21,1712,  76,1301, 65,1067,1138,  1235,  63,  10,  13,6923
17:15:31,1736,  74,1284, 65,1064,1132,  1240,  63,  10,  13,6942
17:15:41,1736,  74,1284, 65,1064,1132,  1240,  63,  10,  13,6958
17:15:51,1730,  74,1280, 65,1055,1113,  1245,  63,  10,  13,6972
17:16:01,1733,  74,1282, 65,1055,1113,  1250,  63,  10,  13,6988
17:16:11,1703,  76,1294, 65,1061,1125,  1250,  63,  10,  13,7004
17:16:21,1744,  71,1238, 65,1043,1087,  1255,  63,  10,  13,7021
17:16:31,1727,  74,1277, 65,1052,1106,  1255,  63,  10,  13,7040
17:16:41,1727,  74,1277, 65,1052,1106,  1260,  63,  10,  13,7056
17:16:51,1671,  77,1286, 65,1061,1125,  1265,  63,  10,  13,7072
17:17:01,1692,  75,1269, 65,1055,1113,  1265,  63,  10,  13,7091
17:17:11,1692,  75,1269, 65,1055,1113,  1270,  63,  10,  13,7103
17:17:21,1689,  75,1266, 65,1052,1106,  1270,  63,  10,  13,7119
17:17:31,1645,  79,1299, 65,1064,1132,  1275,  63,  10,  13,7137
17:17:41,1645,  79,1299, 65,1064,1132,  1280,  63,  10,  13,7154
17:17:51,1642,  79,1297, 65,1061,1125,  1280,  63,  10,  13,7169
17:18:01,1612,  80,1289, 65,1061,1125,  1285,  63,  10,  13,7183
17:18:11,1642,  79,1297, 65,1061,1125,  1290,  63,  10,  13,7200
17:18:21,1689,  75,1266, 65,1049,1100,  1290,  63,  10,  13,7214
17:18:31,1639,  78,1278, 65,1058,1119,  1295,  63,  10,  13,7232
17:18:41,1665,  77,1282, 65,1058,1119,  1295,  63,  10,  13,7248
17:18:51,1686,  75,1264, 65,1049,1100,  1300,  63,  10,  13,7263
17:19:01,1686,  75,1264, 65,1049,1100,  1305,  63,  10,  13,7278
17:19:11,1639,  78,1278, 65,1058,1119,  1305,  63,  10,  13,7297
17:19:21,1659,  77,1277, 65,1052,1106,  1310,  63,  10,  13,7313
17:19:31,1686,  75,1264, 65,1049,1100,  1315,  63,  10,  13,7328
17:19:41,1659,  76,1260, 65,1049,1100,  1315,  63,  10,  13,7343
17:19:51,1683,  75,1262, 65,1046,1094,  1320,  63,  10,  13,7358
17:20:01,1662,  77,1279, 65,1055,1113,  1320,  63,  10,  13,7373
17:20:11,1659,  76,1260, 65,1052,1106,  1325,  63,  10,  13,7384
17:20:21,1651,  76,1254, 65,1046,1094,  1330,  63,  10,  13,7399
17:20:31,1627,  78,1269, 65,1049,1100,  1330,  63,  10,  13,7418
17:20:41,1589,  79,1255, 65,1046,1094,  1335,  63,  10,  13,7437
17:20:51,1624,  78,1266, 65,1052,1106,  1335,  63,  10,  13,7452
17:21:00,1624,  78,1266, 65,1049,1100,  1340,  63,  10,  13,7466
17:21:10,1557,  80,1245, 65,1041,1083,  1345,  63,  10,  13,7481
17:21:20,1589,  79,1255, 65,1043,1087,  1345,  63,  10,  13,7495
17:21:30,1618,  77,1245, 65,1046,1094,  1350,  63,  10,  13,7513
17:21:40,1618,  77,1245, 65,1046,1094,  1350,  63,  10,  13,7526
17:21:50,1586,  79,1252, 65,1043,1087,  1355,  63,  10,  13,7539
17:22:00,1551,  80,1240, 65,1041,1083,  1360,  63,  10,  13,7552
17:22:10,1548,  80,1238, 65,1038,1077,  1360,  63,  10,  13,7566
17:22:20,1583,  79,1250, 65,1041,1083,  1365,  63,  10,  13,7581
17:22:30,1645,  76,1250, 65,1043,1087,  1365,  63,  10,  13,7599
17:22:40,1615,  77,1243, 65,1046,1094,  1370,  63,  10,  13,7614
17:22:50,1548,  80,1238, 65,1038,1077,  1375,  63,  10,  13,7632
17:23:00,1639,  76,1245, 65,1038,1077,  1375,  63,  10,  13,7649
17:23:10,1639,  76,1245, 65,1038,1077,  1380,  63,  10,  13,7666
17:23:20,1665,  74,1232, 65,1035,1071,  1380,  63,  10,  13,7682
17:23:30,1692,  72,1218, 65,1032,1065,  1385,  63,  10,  13,7696
17:23:40,1665,  74,1232, 65,1038,1077,  1390,  63,  10,  13,7709
17:23:50,1665,  74,1232, 65,1041,1083,  1390,  63,  10,  13,7726
17:24:00,1609,  77,1238, 65,1041,1083,  1395,  63,  10,  13,7741
17:24:10,1604,  77,1235, 65,1035,1071,  1395,  63,  10,  13,7759
17:24:20,1565,  78,1220, 65,1032,1065,  1400,  63,  10,  13,7775
17:24:30,1633,  75,1224, 65,1035,1071,  1405,  63,  10,  13,7792
17:24:40,1604,  77,1235, 65,1038,1077,  1405,  63,  10,  13,7811
17:24:50,1656,  73,1208, 65,1029,1058,  1410,  63,  10,  13,7828
17:25:00,1601,  77,1232, 65,1032,1065,  1410,  63,  10,  13,7846
17:25:10,1589,  76,1207, 65,1029,1058,  1415,  63,  10,  13,7858
17:25:20,1551,  77,1194, 65,1017,1034,  1415,  63,  10,  13,7875
17:25:30,1586,  76,1205, 65,1023,1046,  1420,  63,  10,  13,7892
17:25:40,1651,  73,1205, 65,1023,1046,  1425,  63,  10,  13,7907
17:25:50,1645,  73,1200, 65,1020,1040,  1425,  63,  10,  13,7919
17:26:00,1668,  71,1184, 65,1017,1034,  1430,  63,  10,  13,7931
17:26:10,1674,  71,1188, 65,1017,1034,  1430,  63,  10,  13,7948
17:26:20,1674,  71,1188, 65,1020,1040,  1435,  63,  10,  13,7963
17:26:30,1700,  69,1173, 65,1014,1028,  1440,  63,  10,  13,7981
17:26:40,1665,  71,1182, 65,1017,1034,  1440,  63,  10,  13,7994
17:26:50,1636,  72,1177, 65,1017,1034,  1445,  63,  10,  13,8012
17:27:00,1609,  74,1190, 65,1017,1034,  1445,  63,  10,  13,8029
17:27:10,1601,  74,1184, 65,1014,1028,  1450,  63,  10,  13,8048
17:27:20,1601,  74,1184, 65,1011,1022,  1450,  63,  10,  13,8064
17:27:30,1563,  75,1172, 65,1008,1016,  1455,  63,  10,  13,8081
17:27:40,1565,  75,1173, 65,1008,1016,  1460,  63,  10,  13,8096
17:27:51,1624,  72,1169, 65,1008,1016,  1460,  63,  10,  13,8113
17:28:01,1627,  72,1171, 65,1011,1022,  1465,  63,  10,  13,8131
17:28:11,1624,  72,1169, 65,1008,1016,  1465,  63,  10,  13,8144
17:28:21,1595,  73,1164, 65,1008,1016,  1470,  63,  10,  13,8161
17:28:31,1627,  72,1171, 65,1017,1034,  1470,  63,  10,  13,8176
17:28:41,1630,  72,1173, 65,1011,1022,  1475,  63,  10,  13,8196
17:28:51,1630,  72,1173, 65,1014,1028,  1475,  63,  10,  13,8212
17:29:01,1630,  73,1189, 65,1011,1022,  1480,  65,  10,  13,8228
17:29:11,1630,  72,1173, 65,1014,1028,  1485,  65,  10,  13,8246
17:29:21,1560,  75,1170, 65,1002,1004,  1485,  65,  10,  13,8264
17:29:31,1630,  72,1173, 65,1011,1022,  1490,  65,  10,  13,8275
17:29:40,1627,  72,1171, 65,1011,1022,  1490,  65,  10,  13,8290
17:29:50,1630,  72,1173, 65,1008,1016,  1495,  65,  10,  13,8307
17:30:00,1633,  72,1175, 65,1017,1034,  1495,  65,  10,  13,8324
17:30:10,1527,  76,1160, 65,1000,1000,  1500,  65,  10,  13,8342
17:30:20,1557,  75,1167, 65,1005,1010,  1505,  65,  10,  13,8359
17:30:30,1595,  73,1164, 65,1011,1022,  1505,  65,  10,  13,8377
17:30:40,1624,  72,1169, 65,1011,1022,  1510,  65,  10,  13,8389
17:30:50,1630,  72,1173, 65,1014,1028,  1510,  65,  10,  13,8404
17:31:00,1630,  72,1173, 65,1014,1028,  1515,  65,  10,  13,8421
17:31:10,1621,  72,1167, 65,1008,1016,  1515,  65,  10,  13,8436
17:31:20,1627,  72,1171, 65,1014,1028,  1520,  65,  10,  13,8453
17:31:30,1586,  73,1157, 65,1005,1010,  1520,  65,  10,  13,8469
17:31:40,1592,  74,1178, 65,1011,1022,  1525,  65,  10,  13,8487
17:31:50,1627,  72,1171, 65,1008,1016,  1530,  65,  10,  13,8502
17:32:00,1589,  73,1159, 65,1008,1016,  1530,  65,  10,  13,8521
17:32:10,1624,  72,1169, 65,1008,1016,  1535,  65,  10,  13,8540
17:32:20,1595,  74,1180, 65,1014,1028,  1535,  65,  10,  13,8559
17:32:30,1633,  72,1175, 65,1008,1016,  1540,  65,  10,  13,8574
17:32:40,1627,  72,1171, 65,1014,1028,  1540,  65,  10,  13,8590
17:32:50,1624,  72,1169, 65,1008,1016,  1545,  65,  10,  13,8609
17:33:00,1627,  72,1171, 65,1011,1022,  1550,  65,  10,  13,8627
17:33:10,1627,  72,1171, 65,1011,1022,  1550,  65,  10,  13,8640
17:33:20,1621,  72,1167, 65,1005,1010,  1555,  65,  10,  13,8653
17:33:30,1589,  74,1175, 65,1011,1022,  1555,  65,  10,  13,8667
17:33:40,1624,  72,1169, 65,1011,1022,  1560,  65,  10,  13,8680
17:33:50,1618,  72,1164, 65,1011,1022,  1560,  65,  10,  13,8694
17:34:00,1621,  72,1167, 65,1005,1010,  1565,  65,  10,  13,8711
17:34:10,1627,  72,1171, 65,1014,1028,  1565,  65,  10,  13,8727
17:34:20,1651,  70,1155, 65,1005,1010,  1570,  65,  10,  13,8745
17:34:30,1621,  72,1167, 65,1011,1022,  1575,  65,  10,  13,8760
17:34:40,1618,  72,1164, 65,1005,1010,  1575,  65,  10,  13,8776
17:34:50,1554,  74,1149, 65,1002,1004,  1580,  65,  10,  13,8795
17:35:00,1589,  73,1159, 65,1005,1010,  1580,  65,  10,  13,8812
17:35:10,1551,  74,1147, 65,1000,1000,  1585,  65,  10,  13,8829
17:35:20,1551,  74,1147, 65,1000,1000,  1585,  65,  10,  13,8844
17:35:30,1592,  74,1178, 65,1008,1016,  1590,  65,  10,  13,8863
17:35:40,1554,  74,1149, 65,1002,1004,  1595,  65,  10,  13,8881
17:35:50,1551,  74,1147, 65,1000,1000,  1595,  65,  10,  13,8899
17:36:00,1624,  71,1153, 65,1008,1016,  1600,  65,  10,  13,8914
17:36:10,1648,  70,1153, 65,1002,1004,  1600,  65,  10,  13,8928
17:36:20,1615,  72,1162, 65,1005,1010,  1605,  65,  10,  13,8945
17:36:30,1586,  73,1157, 65,1000,1000,  1605,  65,  10,  13,8962
17:36:40,1586,  73,1157, 65,1002,1004,  1610,  65,  10,  13,8976
17:36:49,1607,  71,1140, 65, 997, 994,  1610,  65,  10,  13,8995
17:36:59,1574,  72,1133, 65, 997, 994,  1615,  65,  10,  13,9009
17:37:09,1287,  57, 733, 65, 800, 640,  1620,  65,  10,  13,9026
17:37:19,1651,  70,1155, 63,1005,1010,  1620,  65,  10,  13,9044
17:37:30,1706,  66,1125, 61, 997, 994,  1625,  65,  10,  13,9059
17:37:40,1730,  65,1124, 59, 991, 982,  1625,  65,  10,  13,9073
17:37:50,1700,  66,1122, 60, 997, 994,  1630,  65,  10,  13,9089
17:38:00,1724,  64,1103, 60, 988, 976,  1630,  65,  10,  13,9102
17:38:10,1756,  62,1088, 58, 985, 970,  1635,  65,  10,  13,9121
17:38:20,1727,  64,1105, 59, 991, 982,  1635,  65,  10,  13,9136
17:38:30,1747,  62,1083, 58, 979, 958,  1640,  65,  10,  13,9152
17:38:40,1753,  62,1086, 57, 985, 970,  1640,  65,  10,  13,9164
17:38:50,1744,  62,1081, 58, 979, 958,  1645,  65,  10,  13,9177
17:39:00,1753,  62,1086, 58, 982, 964,  1645,  65,  10,  13,9189
17:39:10,1750,  62,1085, 58, 985, 970,  1650,  65,  10,  13,9207
17:39:20,1697,  66,1120, 60, 994, 988,  1655,  65,  10,  13,9224
17:39:30,1700,  67,1139, 61, 997, 994,  1655,  65,  10,  13,9237
17:39:40,1703,  67,1141, 60, 997, 994,  1660,  65,  10,  13,9255
17:39:50,1741,  62,1079, 57, 976, 952,  1660,  65,  10,  13,9271
17:40:00,1724,  64,1103, 59, 991, 982,  1665,  65,  10,  13,9288
17:40:10,1718,  64,1099, 60, 985, 970,  1665,  65,  10,  13,9302
17:40:20,1739,  62,1078, 58, 979, 958,  1670,  65,  10,  13,9322
17:40:30,1744,  62,1081, 58, 979, 958,  1670,  65,  10,  13,9335
17:40:40,1715,  64,1097, 59, 982, 964,  1675,  65,  10,  13,9352
17:40:50,1715,  64,1097, 59, 982, 964,  1675,  65,  10,  13,9371
17:41:00,1744,  62,1081, 58, 979, 958,  1680,  65,  10,  13,9384
17:41:10,1718,  64,1099, 59, 988, 976,  1680,  65,  10,  13,9401
17:41:20,1715,  64,1097, 59, 982, 964,  1685,  65,  10,  13,9418
17:41:30,1739,  62,1078, 58, 973, 946,  1690,  65,  10,  13,9429
17:41:40,1736,  62,1076, 58, 973, 946,  1690,  65,  10,  13,9443
17:41:50,1736,  62,1076, 58, 979, 958,  1695,  65,  10,  13,9460
17:42:00,1736,  62,1076, 57, 976, 952,  1695,  65,  10,  13,9475
17:42:10,1733,  62,1074, 57, 973, 946,  1700,  65,  10,  13,9489
17:42:20,1739,  62,1078, 58, 976, 952,  1700,  65,  10,  13,9500
17:42:30,1736,  62,1076, 58, 973, 946,  1705,  65,  10,  13,9513
17:42:40,1739,  62,1078, 58, 976, 952,  1705,  65,  10,  13,9525
17:42:50,1753,  60,1051, 57, 961, 923,  1710,  65,  10,  13,9536
17:43:00,1739,  62,1078, 58, 979, 958,  1710,  65,  10,  13,9550
17:43:10,1709,  64,1093, 59, 982, 964,  1715,  65,  10,  13,9567
17:43:20,1733,  62,1074, 58, 973, 946,  1715,  65,  10,  13,9583
17:43:30,1709,  64,1093, 60, 976, 952,  1720,  65,  10,  13,9597
17:43:40,1715,  64,1097, 59, 982, 964,  1720,  65,  10,  13,9614
17:43:50,1709,  64,1093, 59, 979, 958,  1725,  65,  10,  13,9630
17:44:00,1668,  65,1084, 59, 973, 946,  1730,  65,  10,  13,9647
17:44:10,1671,  65,1086, 59, 979, 958,  1730,  65,  10,  13,9663
17:44:20,1695,  64,1084, 59, 970, 940,  1735,  65,  10,  13,9680
17:44:30,1733,  62,1074, 59, 973, 946,  1735,  65,  10,  13,9696
17:44:40,1727,  62,1070, 59, 967, 935,  1740,  65,  10,  13,9714
17:44:50,1750,  60,1050, 59, 958, 917,  1740,  65,  10,  13,9727
17:45:00,1747,  59,1030, 59, 956, 913,  1745,  65,  10,  13,9743
17:45:10,1747,  60,1048, 59, 956, 913,  1745,  65,  10,  13,9760
17:45:20,1753,  60,1051, 59, 964, 929,  1750,  65,  10,  13,9779
17:45:30,1753,  60,1051, 59, 961, 923,  1750,  65,  10,  13,9796
17:45:40,1744,  60,1046, 59, 958, 917,  1755,  65,  10,  13,9813
17:45:50,1724,  61,1051, 59, 964, 929,  1755,  65,  10,  13,9830
17:46:00,1741,  60,1044, 59, 956, 913,  1760,  65,  10,  13,9843
17:46:10,1721,  61,1049, 59, 961, 923,  1760,  65,  10,  13,9854
17:46:20,1721,  61,1049, 59, 961, 923,  1765,  65,  10,  13,9869
17:46:30,1718,  61,1047, 59, 961, 923,  1765,  65,  10,  13,9888
17:46:40,1744,  60,1046, 59, 958, 917,  1770,  65,  10,  13,9902
17:46:50,1718,  61,1047, 59, 961, 923,  1770,  65,  10,  13,9917
17:47:00,1721,  62,1067, 59, 964, 929,  1775,  65,  10,  13,9931
17:47:10,1718,  61,1047, 59, 964, 929,  1775,  65,  10,  13,9943
17:47:20,1718,  61,1047, 59, 964, 929,  1780,  65,  10,  13,9959
17:47:30,1715,  61,1046, 59, 961, 923,  1780,  65,  10,  13,9972
17:47:40,1715,  61,1046, 59, 958, 917,  1785,  65,  10,  13,9989
17:47:50,1712,  61,1044, 59, 958, 917,  1785,  65,  10,  13,10003
17:48:00,1715,  62,1063, 59, 961, 923,  1790,  65,  10,  13,10017
17:48:10,1709,  61,1042, 59, 958, 917,  1795,  65,  10,  13,10030
17:48:20,1709,  61,1042, 59, 961, 923,  1795,  65,  10,  13,10047
17:48:30,1715,  62,1063, 59, 961, 923,  1800,  65,  10,  13,10062
17:48:40,1718,  61,1047, 59, 961, 923,  1800,  65,  10,  13,10079
17:48:50,1706,  61,1040, 59, 956, 913,  1805,  65,  10,  13,10097
17:49:00,1709,  61,1042, 59, 956, 913,  1805,  65,  10,  13,10114
17:49:10,1709,  61,1042, 59, 958, 917,  1810,  65,  10,  13,10126
17:49:20,1706,  61,1040, 59, 956, 913,  1810,  65,  10,  13,10145
17:49:30,1709,  61,1042, 59, 953, 908,  1815,  66,  10,  13,10161
17:49:40,1703,  61,1038, 59, 953, 908,  1815,  66,  10,  13,10180
17:49:50,1709,  61,1042, 59, 956, 913,  1820,  67,  10,  13,10195
17:50:00,1703,  61,1038, 59, 956, 913,  1820,  67,  10,  13,10212
17:50:10,1730,  59,1020, 59, 947, 896,  1825,  68,  10,  13,10225
17:50:20,1700,  60,1020, 59, 953, 908,  1825,  69,  10,  13,10244
17:50:30,1706,  61,1040, 59, 956, 913,  1830,  71,  10,  13,10262
17:50:40,1700,  61,1037, 59, 953, 908,  1830,  71,  10,  13,10282
17:50:50,1727,  58,1001, 59, 944, 891,  1835,  72,  10,  13,10300
17:51:00,1695,  61,1033, 59, 950, 902,  1835,  75,  10,  13,10312
17:51:10,1671,  62,1036, 59, 953, 908,  1840,  75,  10,  13,10328
17:51:20,1665,  62,1032, 59, 950, 902,  1840,  75,  10,  13,10339
17:51:30,1665,  62,1032, 59, 956, 913,  1845,  75,  10,  13,10352
17:51:40,1642,  64,1050, 59, 961, 923,  1845,  75,  10,  13,10369
17:51:50,1639,  64,1048, 59, 958, 917,  1850,  75,  10,  13,10383
17:52:00,1671,  62,1036, 59, 956, 913,  1850,  75,  10,  13,10400
17:52:10,1677,  62,1039, 59, 958, 917,  1855,  76,  10,  13,10414
17:52:19,1668,  62,1034, 59, 953, 908,  1855,  76,  10,  13,10432
17:52:29,1636,  64,1047, 59, 958, 917,  1860,  76,  10,  13,10449
17:52:39,1636,  64,1047, 59, 958, 917,  1860,  76,  10,  13,10463
17:52:49,1598,  65,1038, 59, 950, 902,  1865,  76,  10,  13,10479
17:52:59,1662,  62,1030, 59, 950, 902,  1865,  76,  10,  13,10495
17:53:09,1633,  64,1045, 59, 956, 913,  1870,  76,  10,  13,10515
17:53:19,1656,  62,1026, 59, 950, 902,  1870,  76,  10,  13,10531
17:53:29,1689,  60,1013, 59, 947, 896,  1875,  76,  10,  13,10550
17:53:39,1656,  62,1026, 59, 947, 896,  1875,  76,  10,  13,10568
17:53:49,1653,  62,1024, 59, 947, 896,  1880,  76,  10,  13,10585
17:53:59,1656,  62,1026, 59, 947, 896,  1880,  76,  10,  13,10600
17:54:09,1621,  63,1021, 59, 944, 891,  1885,  76,  10,  13,10616
17:54:19,1633,  64,1045, 59, 953, 908,  1885,  76,  10,  13,10630
17:54:29,1630,  64,1043, 59, 953, 908,  1890,  76,  10,  13,10648
17:54:39,1656,  62,1026, 59, 947, 896,  1890,  76,  10,  13,10662
17:54:49,1592,  65,1034, 59, 947, 896,  1895,  76,  10,  13,10681
17:54:59,1656,  62,1026, 59, 950, 902,  1895,  76,  10,  13,10693
17:55:09,1624,  64,1039, 59, 953, 908,  1900,  76,  10,  13,10708
17:55:19,1548,  66,1021, 59, 938, 879,  1900,  76,  10,  13,10728
17:55:29,1551,  66,1023, 59, 944, 891,  1905,  76,  10,  13,10742
17:55:39,1630,  64,1043, 59, 950, 902,  1905,  76,  10,  13,10759
17:55:49,1589,  64,1016, 59, 944, 891,  1910,  76,  10,  13,10776
17:55:59,1653,  62,1024, 59, 947, 896,  1910,  76,  10,  13,10791
17:56:09,1662,  62,1030, 59, 950, 902,  1915,  76,  10,  13,10807
17:56:19,1659,  62,1028, 59, 947, 896,  1915,  76,  10,  13,10822
17:56:29,1656,  62,1026, 59, 944, 891,  1920,  76,  10,  13,10840
17:56:39,1668,  62,1034, 59, 953, 908,  1920,  76,  10,  13,10854
17:56:49,1633,  64,1045, 59, 950, 902,  1925,  76,  10,  13,10870
17:56:59,1630,  64,1043, 59, 950, 902,  1925,  76,  10,  13,10883
17:57:09,1633,  64,1045, 59, 956, 913,  1930,  76,  10,  13,10903
17:57:19,1627,  63,1025, 59, 950, 902,  1930,  76,  10,  13,10917
17:57:29,1624,  64,1039, 59, 947, 896,  1935,  76,  10,  13,10936
17:57:39,1624,  63,1023, 59, 947, 896,  1935,  76,  10,  13,10950
17:57:49,1618,  63,1019, 59, 947, 896,  1940,  76,  10,  13,10967
17:57:59,1659,  62,1028, 59, 950, 902,  1940,  78,  10,  13,10981
17:58:09,1621,  63,1021, 59, 944, 891,  1945,  78,  10,  13,10998
17:58:19,1621,  63,1021, 59, 947, 896,  1945,  78,  10,  13,11017
17:58:29,1651,  62,1023, 59, 941, 885,  1950,  78,  10,  13,11036
17:58:39,1618,  63,1019, 59, 947, 896,  1950,  78,  10,  13,11053
17:58:49,1653,  61,1008, 59, 944, 891,  1955,  78,  10,  13,11071
17:58:59,1656,  62,1026, 59, 944, 891,  1955,  78,  10,  13,11088
17:59:09,1653,  62,1024, 59, 944, 891,  1960,  78,  10,  13,11106
17:59:19,1648,  61,1005, 59, 941, 885,  1960,  78,  10,  13,11124
17:59:29,1651,  62,1023, 59, 947, 896,  1965,  78,  10,  13,11136
17:59:40,1615,  63,1017, 59, 944, 891,  1965,  78,  10,  13,11153
17:59:50,1615,  63,1017, 59, 944, 891,  1970,  78,  10,  13,11172
18:00:00,1612,  63,1015, 59, 938, 879,  1970,  78,  10,  13,11187
18:00:10,1642,  61,1001, 59, 941, 885,  1975,  78,  10,  13,11205
18:00:20,1651,  61,1007, 59, 941, 885,  1975,  78,  10,  13,11219
18:00:30,1612,  63,1015, 59, 938, 879,  1980,  78,  10,  13,11235
18:00:40,1612,  63,1015, 59, 938, 879,  1980,  78,  10,  13,11253
18:00:50,1568,  64,1003, 59, 935, 874,  1985,  78,  10,  13,11269
18:00:59,1571,  64,1005, 59, 935, 874,  1985,  78,  10,  13,11285
18:01:09,1536,  64, 983, 59, 929, 863,  1990,  78,  10,  13,11300
18:01:19,1530,  64, 979, 59, 923, 851,  1990,  78,  10,  13,11315
18:01:29,1483,  64, 949, 59, 914, 835,  1990,  78,  10,  13,11330
18:01:39,1519,  64, 972, 59, 923, 851,  1995,  78,  10,  13,11344
18:01:49,1478,  64, 945, 59, 917, 840,  1995,  78,  10,  13,11360
18:01:59,1521,  64, 973, 59, 920, 846,  2000,  78,  10,  13,11376
18:02:09,1478,  64, 945, 59, 912, 831,  2000,  78,  10,  13,11396
18:02:19,1478,  65, 960, 59, 912, 831,  2005,  78,  10,  13,11413
18:02:29,1428,  65, 928, 59, 900, 810,  2005,  78,  10,  13,11431
18:02:50,1,0,0,0,0,0,0
18:03:00,1545,  63, 973, 59, 917, 840,  2010,  79,  11,  13,11449
18:03:10,1551,  62, 961, 59, 920, 846,  2010,  81,  11,  14,11464
18:03:20,1454,  64, 930, 59, 894, 799,  2015,  81,  11,  14,11484
18:03:30,1460,  64, 934, 59, 903, 815,  2015,  81,  11,  14,11497
18:03:40,1545,  62, 957, 59, 920, 846,  2020,  81,  11,  14,11511
18:03:50,1451,  64, 928, 59, 897, 804,  2020,  81,  11,  14,11528
18:04:10,1,0,0,0,0,0,0
18:04:20,1530,  62, 948, 59, 909, 826,  2025,  81,  11,  14,11547
18:04:30,1489,  63, 938, 59, 906, 820,  2025,  81,  11,  14,11565
18:04:40,1492,  63, 939, 59, 903, 815,  2025,  82,  11,  14,11580
18:04:50,1445,  63, 910, 59, 891, 793,  2030,  82,  11,  14,11597
18:05:10,1,0,0,0,0,0,0
18:05:20,1536,  62, 952, 59, 914, 835,  2030,  82,  11,  14,11616
18:05:30,1530,  62, 948, 59, 914, 835,  2035,  83,  11,  14,11632
18:05:40,1448,  63, 912, 59, 891, 793,  2035,  83,  11,  14,11650
18:05:50,1530,  62, 948, 59, 909, 826,  2040,  83,  11,  14,11668
18:06:18,1,0,0,0,0,0,0
18:06:28,1510,  61, 921, 59, 900, 810,  2045,  83,  11,  14,11701 
18:06:46,1,0,0,0,0,0,0
