time,VIn,AIn,PIn,PWM,VOut,POut,EnProd,CNT1,CNT2,CNT3,CNT4
08:30:25,1,0,0,0,0,0,0
08:30:51,1,0,0,0,0,0,0
08:31:16,1,0,0,0,0,0,0
08:31:26,1721, 202,3476,  0, 967, 935,     5,   2, 180,   0,1884
08:31:36,1818, 204,3708,  0,1002,1004,    10,   2, 180,   0,1904
08:31:46,1838, 202,3712,  0, 985, 970,    15,   2, 180,   0,1922
08:31:56,1841, 202,3718,  0, 991, 982,    15,   2, 180,   0,1939
08:32:06,1856, 202,3749,  0, 979, 958,    20,   2, 180,   0,1957
08:32:17,1856, 201,3730,  0, 979, 958,    20,   2, 180,   0,1969
08:32:27,1870, 200,3740,  0, 961, 923,    25,   2, 180,   0,1982
08:32:37,1870, 199,3721,  0, 958, 917,    25,   2, 180,   0,2000
08:32:47,1859, 203,3773,  0, 979, 958,    30,   2, 180,   0,2019
08:32:57,1859, 203,3773,  0, 979, 958,    30,   2, 180,   0,2038
08:33:07,1876, 201,3770,  0, 964, 929,    35,   2, 180,   0,2055
08:33:17,1865, 202,3767,  0, 976, 952,    35,   2, 180,   0,2075
08:33:27,1853, 205,3798,  0, 997, 994,    40,   2, 180,   0,2090
08:33:37,1824, 209,3812,  0,1026,1052,    40,   2, 180,   0,2105
08:33:47,1824, 209,3812,  0,1026,1052,    45,   2, 180,   0,2119
08:33:57,1838, 207,3804,  0,1011,1022,    50,   2, 180,   0,2134
08:34:07,1868, 201,3754,  0, 979, 958,    50,   2, 180,   0,2151
08:34:17,1873, 201,3764,  0, 964, 929,    55,   2, 180,   0,2171
08:34:27,1879, 201,3776,  0, 967, 935,    55,   2, 180,   0,2186
08:34:37,1879, 200,3758,  0, 964, 929,    60,   2, 180,   0,2205
08:34:47,1879, 200,3758,  0, 964, 929,    60,   4, 180,   0,2221
08:34:57,1876, 201,3770,  0, 964, 929,    65,   4, 180,   0,2238
08:35:07,1876, 201,3770,  0, 964, 929,    65,   4, 180,   0,2255
08:35:17,1891, 198,3744,  0, 950, 902,    70,   4, 180,   0,2269
08:35:27,1891, 197,3725,  0, 950, 902,    70,   4, 180,   0,2285
08:35:37,1894, 197,3731,  0, 950, 902,    75,   4, 180,   0,2302
08:35:47,1897, 199,3775,  0, 950, 902,    75,   4, 180,   0,2319
08:35:57,1891, 199,3763,  0, 950, 902,    80,   4, 180,   0,2337
08:36:07,1894, 198,3750,  0, 947, 896,    80,   4, 180,   0,2354
08:36:17,1891, 199,3763,  0, 947, 896,    85,   4, 180,   0,2374
08:36:27,1897, 199,3775,  0, 950, 902,    85,   4, 180,   0,2393
08:36:37,1894, 199,3769,  0, 950, 902,    90,   4, 180,   0,2412
08:36:47,1885, 201,3788,  0, 970, 940,    90,   4, 180,   0,2432
08:36:57,1885, 200,3770,  0, 964, 929,    95,   4, 180,   0,2449
08:37:07,1873, 204,3820,  0, 982, 964,    95,   7, 180,   0,2464
08:37:17,1873, 205,3839,  0, 988, 976,   100,   7, 180,   0,2484
08:37:27,1870, 203,3796,  0, 982, 964,   100,   7, 180,   0,2504
08:37:37,1862, 206,3835,  0,1002,1004,   105,   7, 180,   0,2521
08:37:47,1870, 203,3796,  0, 988, 976,   105,   7, 180,   0,2541
08:37:57,1885, 202,3807,  0, 970, 940,   110,   7, 180,   0,2557
08:38:07,1870, 205,3833,  0, 985, 970,   110,   9, 180,   0,2571
08:38:17,1882, 205,3858,  0, 967, 935,   115,   9, 180,   0,2588
08:38:27,1906, 199,3792,  0, 932, 868,   115,   9, 180,   0,2608
08:38:37,1906, 200,3812,  0, 932, 868,   120,   9, 180,   0,2628
08:38:47,1897, 199,3775,  0, 929, 863,   120,   9, 180,   0,2648
08:38:57,1897, 201,3812,  0, 929, 863,   125,   9, 180,   0,2668
08:39:07,1903, 200,3806,  0, 932, 868,   125,   9, 180,   0,2688
08:39:17,1891, 201,3800,  0, 947, 896,   130,   9, 180,   0,2708
08:39:27,1865, 206,3841,  0, 982, 964,   130,   9, 180,   0,2727
08:39:37,1879, 204,3833,  0, 967, 935,   135,   9, 180,   0,2745
08:39:47,1873, 203,3802,  0, 961, 923,   135,   9, 180,   0,2762
08:39:56,1879, 204,3833,  0, 964, 929,   140,   9, 180,   0,2773
08:40:06,1885, 201,3788,  0, 944, 891,   140,   9, 180,   0,2786
08:40:16,1885, 201,3788,  0, 944, 891,   145,   9, 180,   0,2800
08:40:26,1873, 204,3820,  0, 958, 917,   145,   9, 180,   0,2813
08:40:36,1882, 201,3782,  0, 941, 885,   150,   9, 180,   0,2824
08:40:46,1891, 201,3800,  0, 950, 902,   150,   9, 180,   0,2842
08:40:56,1891, 202,3819,  0, 950, 902,   155,   9, 180,   0,2861
08:41:06,1891, 201,3800,  0, 947, 896,   155,   9, 180,   0,2881
08:41:16,1891, 201,3800,  0, 947, 896,   160,   9, 180,   0,2898
08:41:26,1891, 201,3800,  0, 947, 896,   160,   9, 180,   0,2917
08:41:36,1891, 202,3819,  0, 950, 902,   165,   9, 180,   0,2937
08:41:46,1879, 204,3833,  0, 964, 929,   165,   9, 180,   0,2955
08:41:56,1891, 202,3819,  0, 947, 896,   170,   9, 180,   0,2972
08:42:06,1894, 203,3844,  0, 950, 902,   170,   9, 180,   0,2990
08:42:16,1879, 205,3851,  0, 967, 935,   175,   9, 180,   0,3009
08:42:26,1894, 202,3825,  0, 950, 902,   175,   9, 180,   0,3028
08:42:36,1891, 202,3819,  0, 947, 896,   180,   9, 180,   0,3047
08:42:46,1891, 202,3819,  0, 950, 902,   180,   9, 180,   0,3067
08:42:56,1894, 201,3806,  0, 947, 896,   185,   9, 180,   0,3084
08:43:06,1897, 203,3850,  0, 950, 902,   185,   9, 180,   0,3104
08:43:16,1885, 204,3845,  0, 967, 935,   190,   9, 180,   0,3124
08:43:26,1897, 201,3812,  0, 953, 908,   190,   9, 180,   0,3144
08:43:36,1900, 202,3838,  0, 953, 908,   195,   9, 180,   0,3163
08:43:47,1897, 201,3812,  0, 947, 896,   195,   9, 180,   0,3183
08:43:57,1876, 207,3883,  0, 985, 970,   200,   9, 180,   0,3202
08:44:07,1865, 209,3897,  0,1002,1004,   200,   9, 180,   0,3220
08:44:17,1876, 207,3883,  0, 985, 970,   205,   9, 180,   0,3232
08:44:27,1882, 206,3876,  0, 991, 982,   210,   9, 180,   0,3244
08:44:37,1876, 207,3883,  0, 988, 976,   210,   9, 180,   0,3264
08:44:47,1903, 201,3825,  0, 953, 908,   215,  11, 180,   0,3280
08:44:57,1906, 201,3831,  0, 953, 908,   215,  12, 180,   0,3295
08:45:07,1894, 204,3863,  0, 970, 940,   220,  17, 180,   0,3310
08:45:17,1885, 207,3901,  0, 991, 982,   220,  17, 180,   0,3330
08:45:27,1876, 209,3920,  0,1008,1016,   225,  17, 180,   0,3348
08:45:37,1882, 206,3876,  0, 991, 982,   225,  17, 180,   0,3366
08:45:47,1894, 203,3844,  0, 973, 946,   230,  17, 180,   0,3383
08:45:57,1879, 209,3927,  0,1011,1022,   230,  17, 180,   0,3401
08:46:07,1888, 207,3908,  0, 994, 988,   235,  17, 180,   0,3419
08:46:17,1888, 207,3908,  0, 994, 988,   235,  17, 180,   0,3434
08:46:27,1885, 208,3920,  0, 994, 988,   240,  17, 180,   0,3454
08:46:37,1885, 207,3901,  0, 991, 982,   245,  17, 180,   0,3473
08:46:47,1897, 205,3888,  0, 976, 952,   245,  17, 180,   0,3492
08:46:57,1870, 210,3927,  0,1008,1016,   250,  17, 180,   0,3509
08:47:07,1882, 207,3895,  0, 991, 982,   250,  17, 180,   0,3527
08:47:17,1879, 207,3889,  0, 988, 976,   255,  17, 180,   0,3545
08:47:27,1897, 206,3907,  0, 976, 952,   255,  17, 180,   0,3563
08:47:37,1870, 211,3945,  0,1008,1016,   260,  17, 180,   0,3578
08:47:47,1903, 203,3863,  0, 956, 913,   260,  17, 180,   0,3595
08:47:57,1912, 201,3843,  0, 938, 879,   265,  17, 180,   0,3610
08:48:07,1903, 203,3863,  0, 956, 913,   265,  17, 180,   0,3621
08:48:17,1897, 205,3888,  0, 953, 908,   270,  17, 180,   0,3632
08:48:27,1903, 204,3882,  0, 956, 913,   270,  17, 180,   0,3645
08:48:37,1879, 209,3927,  0, 988, 976,   275,  17, 180,   0,3662
08:48:46,1888, 207,3908,  0, 970, 940,   275,  17, 180,   0,3680
08:48:56,1900, 205,3895,  0, 953, 908,   280,  17, 180,   0,3696
08:49:06,1903, 203,3863,  0, 950, 902,   280,  17, 180,   0,3713
08:49:16,1894, 204,3863,  0, 950, 902,   285,  17, 180,   0,3732
08:49:26,1876, 209,3920,  0, 988, 976,   285,  17, 180,   0,3751
08:49:36,1897, 203,3850,  0, 950, 902,   290,  17, 180,   0,3769
08:49:46,1876, 210,3939,  0, 988, 976,   290,  17, 180,   0,3784
08:49:56,1903, 204,3882,  0, 956, 913,   295,  17, 180,   0,3803
08:50:06,1888, 208,3927,  0, 973, 946,   295,  17, 180,   0,3822
08:50:16,1888, 208,3927,  0, 967, 935,   300,  17, 180,   0,3842
08:50:26,1868, 212,3960,  0,1005,1010,   305,  17, 180,   0,3861
08:50:36,1844, 217,4001,  0,1038,1077,   305,  17, 180,   0,3875
08:50:46,1894, 208,3939,  0, 970, 940,   310,  17, 180,   0,3894
08:50:56,1888, 208,3927,  0, 973, 946,   310,  17, 180,   0,3913
08:51:06,1882, 211,3971,  0, 991, 982,   315,  17, 180,   0,3929
08:51:16,1909, 203,3875,  0, 932, 868,   315,  17, 180,   0,3948
08:51:26,1900, 207,3933,  0, 953, 908,   320,  17, 180,   0,3968
08:51:36,1920, 202,3878,  0, 917, 840,   320,  17, 180,   0,3987
08:51:46,1917, 202,3872,  0, 914, 835,   325,  17, 180,   0,4007
08:51:56,1909, 205,3913,  0, 935, 874,   325,  17, 180,   0,4027
08:52:06,1909, 205,3913,  0, 938, 879,   330,  17, 180,   0,4046
08:52:16,1912, 204,3900,  0, 932, 868,   330,  17, 180,   0,4065
08:52:26,1923, 202,3884,  0, 917, 840,   335,  17, 180,   0,4084
08:52:36,1912, 204,3900,  0, 932, 868,   335,  17, 180,   0,4103
08:52:46,1912, 206,3938,  0, 935, 874,   340,  17, 180,   0,4122
08:52:56,1912, 207,3957,  0, 935, 874,   340,  17, 180,   0,4141
08:53:06,1923, 209,4019,  0, 917, 840,   345,  17, 180,   0,4153
08:53:16,1923, 212,4076,  0, 917, 840,   345,  17, 180,   0,4160
08:53:26,1926, 216,4160,  0, 920, 846,   345,  17, 180,   0,4168
08:53:36,1929, 215,4147,  0, 920, 846,   350,  17, 180,   0,4184
08:53:46,1923, 215,4134,  0, 917, 840,   350,  17, 180,   0,4203
08:53:56,1923, 214,4115,  0, 917, 840,   355,  17, 180,   0,4223
08:54:06,1929, 222,4282,  0, 923, 851,   355,  17, 180,   0,4243
08:54:16,1929, 224,4320,  0, 920, 846,   360,  17, 180,   0,4263
08:54:26,1926, 222,4275,  0, 920, 846,   360,  17, 180,   0,4283
08:54:36,1929, 224,4320,  0, 920, 846,   365,  17, 180,   0,4303
08:54:46,1926, 224,4314,  0, 920, 846,   365,  17, 180,   0,4323
08:54:56,1929, 223,4301,  0, 920, 846,   370,  17, 180,   0,4343
08:55:06,1935, 222,4295,  0, 926, 857,   370,  17, 180,   0,4363
08:55:16,1929, 218,4205,  0, 920, 846,   375,  17, 180,   0,4383
08:55:27,1929, 218,4205,  0, 920, 846,   375,  17, 180,   0,4403
08:55:37,1932, 219,4231,  0, 923, 851,   380,  17, 180,   0,4423
08:55:47,1935, 218,4218,  0, 926, 857,   380,  17, 180,   0,4443
08:55:57,1935, 220,4257,  0, 923, 851,   385,  17, 180,   0,4463
08:56:07,1929, 219,4224,  0, 917, 840,   385,  17, 180,   0,4483
08:56:17,1923, 220,4230,  0, 920, 846,   385,  17, 180,   0,4502
08:56:27,1894, 223,4223,  0, 926, 857,   390,  17, 180,   0,4519
08:56:37,1903, 220,4186,  0, 906, 820,   390,  17, 180,   0,4535
08:56:47,1859, 221,4108,  0, 909, 826,   395,  17, 180,   0,4550
08:57:12,1,0,0,0,0,0,0
08:57:38,1,0,0,0,0,0,0
08:58:03,1,0,0,0,0,0,0
08:58:29,1,0,0,0,0,0,0
08:58:54,1,0,0,0,0,0,0
08:59:20,1,0,0,0,0,0,0
08:59:45,1,0,0,0,0,0,0
09:00:11,1,0,0,0,0,0,0
09:00:36,1,0,0,0,0,0,0
09:01:02,1,0,0,0,0,0,0
09:01:27,1,0,0,0,0,0,0
09:01:37,1809, 210,3798,  0,1017,1034,   405,  19, 184,   0,4686
09:01:47,1900, 209,3971,  0,1023,1046,   405,  19, 184,   0,4705
09:01:57,1923, 210,4038,  0,1011,1022,   410,  19, 184,   0,4724
09:02:07,1906, 215,4097,  0,1049,1100,   415,  19, 184,   0,4744
09:02:17,1917, 214,4102,  0,1035,1071,   415,  19, 184,   0,4763
09:02:27,1903, 218,4148,  0,1049,1100,   420,  19, 184,   0,4782
09:02:37,1903, 219,4167,  0,1049,1100,   420,  19, 184,   0,4794
09:02:47,1891, 221,4179,  0,1067,1138,   425,  19, 184,   0,4808
09:02:57,1873, 223,4176,  0,1079,1164,   430,  19, 184,   0,4825
09:03:07,1900, 220,4180,  0,1049,1100,   430,  19, 184,   0,4842
09:03:17,1900, 220,4180,  0,1046,1094,   435,  19, 184,   0,4861
09:03:27,1894, 219,4147,  0,1043,1087,   440,  19, 184,   0,4881
09:03:37,1868, 223,4165,  0,1079,1164,   440,  19, 184,   0,4900
09:03:47,1868, 222,4146,  0,1076,1157,   445,  19, 184,   0,4918
09:03:57,1897, 216,4097,  0,1041,1083,   445,  19, 184,   0,4932
09:04:07,1882, 220,4140,  0,1061,1125,   450,  19, 184,   0,4952
09:04:17,1882, 219,4121,  0,1058,1119,   455,  19, 184,   0,4969
09:04:27,1891, 217,4103,  0,1043,1087,   455,  19, 184,   0,4986
09:04:37,1903, 214,4072,  0,1029,1058,   460,  19, 184,   0,5000
09:04:47,1926, 206,3967,  0, 967, 935,   460,  19, 184,   0,5017
09:04:57,1920, 208,3993,  0, 985, 970,   465,  19, 184,   0,5032
09:05:07,1917, 208,3987,  0, 985, 970,   470,  19, 184,   0,5049
09:05:17,1917, 209,4006,  0, 991, 982,   470,  19, 184,   0,5068
09:05:27,1909, 212,4047,  0,1005,1010,   475,  19, 184,   0,5087
09:05:37,1876, 220,4127,  0,1058,1119,   475,  19, 184,   0,5104
09:05:47,1885, 217,4090,  0,1041,1083,   480,  19, 184,   0,5122
09:05:57,1897, 214,4059,  0,1023,1046,   480,  19, 184,   0,5142
09:06:07,1870, 218,4076,  0,1055,1113,   485,  19, 184,   0,5161
09:06:17,1897, 214,4059,  0,1020,1040,   490,  19, 184,   0,5174
09:06:27,1885, 216,4071,  0,1038,1077,   490,  19, 184,   0,5191
09:06:37,1914, 209,4000,  0, 979, 958,   495,  19, 184,   0,5207
09:06:47,1926, 205,3948,  0, 964, 929,   495,  19, 184,   0,5227
09:06:57,1923, 205,3942,  0, 961, 923,   500,  19, 184,   0,5247
09:07:08,1903, 207,3939,  0, 976, 952,   500,  19, 184,   0,5262
09:07:18,1900, 206,3914,  0, 976, 952,   505,  19, 184,   0,5275
09:07:28,1917, 203,3891,  0, 961, 923,   505,  19, 184,   0,5294
09:07:38,1923, 205,3942,  0, 961, 923,   510,  19, 184,   0,5314
09:07:48,1923, 205,3942,  0, 967, 935,   510,  19, 184,   0,5334
09:07:58,1920, 203,3897,  0, 967, 935,   515,  19, 184,   0,5354
09:08:08,1926, 203,3909,  0, 967, 935,   515,  19, 184,   0,5374
09:08:18,1926, 204,3929,  0, 964, 929,   520,  19, 184,   0,5394
09:08:28,1909, 209,3989,  0,1005,1010,   525,  19, 184,   0,5414
09:08:38,1914, 206,3942,  0, 982, 964,   525,  19, 184,   0,5434
09:08:48,1914, 206,3942,  0, 982, 964,   530,  19, 184,   0,5454
09:08:58,1917, 206,3949,  0, 982, 964,   530,  19, 184,   0,5474
09:09:08,1917, 205,3929,  0, 988, 976,   535,  19, 184,   0,5494
09:09:18,1914, 205,3923,  0, 982, 964,   535,  19, 184,   0,5514
09:09:28,1917, 207,3968,  0, 985, 970,   540,  19, 184,   0,5534
09:09:38,1914, 206,3942,  0, 979, 958,   540,  19, 184,   0,5554
09:09:48,1912, 206,3938,  0, 985, 970,   545,  19, 184,   0,5574
09:09:58,1917, 204,3910,  0, 961, 923,   545,  19, 184,   0,5594
09:10:08,1909, 203,3875,  0, 953, 908,   550,  19, 184,   0,5612
09:10:17,1888, 209,3945,  0, 991, 982,   550,  21, 184,   0,5628
09:10:27,1882, 208,3914,  0, 994, 988,   555,  21, 184,   0,5644
09:10:37,1868, 207,3866,  0, 985, 970,   555,  21, 184,   0,5661
09:10:47,1832, 212,3883,  0,1005,1010,   560,  21, 184,   0,5680
09:10:57,1865, 207,3860,  0, 982, 964,   565,  21, 184,   0,5698
09:11:07,1853, 212,3928,  0,1020,1040,   565,  21, 184,   0,5717
09:11:17,1882, 209,3933,  0, 994, 988,   570,  21, 184,   0,5736
09:11:27,1870, 214,4001,  0,1029,1058,   570,  21, 184,   0,5756
09:11:37,1900, 209,3971,  0,1000,1000,   575,  21, 184,   0,5772
09:11:47,1917, 206,3949,  0, 988, 976,   575,  21, 184,   0,5788
09:11:57,1917, 206,3949,  0, 982, 964,   580,  21, 184,   0,5800
09:12:07,1914, 206,3942,  0, 988, 976,   580,  22, 184,   0,5812
09:12:17,1885, 214,4033,  0,1041,1083,   585,  22, 184,   0,5831
09:12:27,1906, 209,3983,  0,1005,1010,   585,  22, 184,   0,5847
09:12:37,1897, 211,4002,  0,1017,1034,   590,  22, 184,   0,5865
09:12:47,1897, 211,4002,  0,1020,1040,   595,  22, 184,   0,5884
09:12:57,1891, 211,3990,  0,1023,1046,   595,  22, 184,   0,5903
09:13:07,1879, 216,4058,  0,1058,1119,   600,  22, 184,   0,5922
09:13:17,1894, 211,3996,  0,1023,1046,   600,  22, 184,   0,5937
09:13:27,1876, 217,4070,  0,1058,1119,   605,  22, 184,   0,5957
09:13:37,1909, 209,3989,  0,1000,1000,   610,  22, 184,   0,5973
09:13:47,1882, 213,4008,  0,1035,1071,   610,  22, 184,   0,5991
09:13:57,1888, 213,4021,  0,1038,1077,   615,  22, 184,   0,6010
09:14:07,1894, 211,3996,  0,1017,1034,   615,  22, 184,   0,6026
09:14:17,1868, 216,4034,  0,1055,1113,   620,  22, 184,   0,6042
09:14:27,1873, 216,4045,  0,1058,1119,   625,  22, 184,   0,6062
09:14:37,1882, 213,4008,  0,1035,1071,   625,  22, 184,   0,6081
09:14:47,1900, 208,3952,  0,1000,1000,   630,  22, 184,   0,6099
09:14:57,1891, 211,3990,  0,1020,1040,   630,  22, 184,   0,6119
09:15:07,1879, 213,4002,  0,1041,1083,   635,  22, 184,   0,6138
09:15:17,1868, 216,4034,  0,1055,1113,   635,  22, 184,   0,6154
09:15:27,1879, 213,4002,  0,1035,1071,   640,  22, 184,   0,6171
09:15:37,1900, 209,3971,  0,1002,1004,   645,  22, 184,   0,6187
09:15:47,1897, 208,3945,  0, 997, 994,   645,  22, 184,   0,6202
09:15:57,1897, 208,3945,  0,1002,1004,   650,  22, 184,   0,6215
09:16:07,1891, 211,3990,  0,1017,1034,   650,  22, 184,   0,6232
09:16:17,1897, 208,3945,  0, 994, 988,   655,  22, 184,   0,6252
09:16:27,1873, 213,3989,  0,1032,1065,   655,  22, 184,   0,6271
09:16:37,1885, 210,3958,  0,1017,1034,   660,  22, 184,   0,6289
09:16:47,1891, 208,3933,  0, 997, 994,   665,  22, 184,   0,6308
09:16:57,1888, 210,3964,  0,1014,1028,   665,  22, 184,   0,6326
09:17:07,1900, 209,3971,  0,1000,1000,   670,  22, 184,   0,6343
09:17:17,1900, 208,3952,  0, 997, 994,   670,  22, 184,   0,6353
09:17:27,1900, 208,3952,  0,1000,1000,   675,  22, 184,   0,6365
09:17:37,1906, 209,3983,  0,1000,1000,   675,  22, 184,   0,6382
09:17:47,1909, 205,3913,  0, 982, 964,   680,  22, 184,   0,6398
09:17:57,1903, 208,3958,  0, 997, 994,   680,  22, 184,   0,6418
09:18:07,1900, 207,3933,  0,1002,1004,   685,  22, 184,   0,6434
09:18:17,1906, 208,3964,  0,1000,1000,   690,  22, 184,   0,6451
09:18:27,1900, 208,3952,  0,1002,1004,   690,  22, 184,   0,6467
09:18:37,1909, 208,3970,  0,1000,1000,   695,  22, 184,   0,6486
09:18:48,1909, 208,3970,  0,1002,1004,   695,  22, 184,   0,6506
09:18:58,1912, 207,3957,  0,1002,1004,   700,  22, 184,   0,6526
09:19:07,1906, 208,3964,  0,1005,1010,   700,  22, 184,   0,6546
09:19:17,1914, 205,3923,  0, 985, 970,   705,  22, 184,   0,6565
09:19:27,1917, 205,3929,  0, 982, 964,   705,  22, 184,   0,6585
09:19:37,1912, 205,3919,  0, 985, 970,   710,  22, 184,   0,6605
09:19:47,1912, 205,3919,  0, 985, 970,   715,  22, 184,   0,6624
09:19:57,1912, 204,3900,  0, 985, 970,   715,  22, 184,   0,6644
09:20:07,1917, 205,3929,  0, 988, 976,   720,  22, 184,   0,6663
09:20:17,1909, 205,3913,  0, 988, 976,   720,  22, 184,   0,6683
09:20:27,1917, 205,3929,  0, 982, 964,   725,  22, 184,   0,6701
09:20:37,1914, 205,3923,  0, 985, 970,   725,  22, 184,   0,6720
09:20:47,1917, 204,3910,  0, 985, 970,   730,  22, 184,   0,6738
09:20:57,1920, 205,3936,  0, 982, 964,   730,  22, 184,   0,6758
09:21:07,1914, 204,3904,  0, 988, 976,   735,  22, 184,   0,6778
09:21:17,1914, 205,3923,  0, 982, 964,   740,  22, 184,   0,6798
09:21:27,1914, 204,3904,  0, 979, 958,   740,  22, 184,   0,6818
09:21:37,1914, 204,3904,  0, 982, 964,   745,  22, 184,   0,6837
09:21:47,1914, 205,3923,  0, 982, 964,   745,  22, 184,   0,6855
09:21:57,1914, 204,3904,  0, 979, 958,   750,  22, 184,   0,6873
09:22:07,1912, 204,3900,  0, 985, 970,   750,  22, 184,   0,6892
09:22:17,1914, 205,3923,  0, 979, 958,   755,  22, 184,   0,6911
09:22:27,1909, 204,3894,  0, 982, 964,   755,  22, 184,   0,6925
09:22:37,1917, 205,3929,  0, 979, 958,   760,  22, 184,   0,6941
09:22:47,1914, 204,3904,  0, 979, 958,   765,  22, 184,   0,6957
09:22:57,1900, 207,3933,  0,1005,1010,   765,  22, 184,   0,6972
09:23:07,1912, 204,3900,  0, 982, 964,   770,  22, 184,   0,6986
09:23:17,1906, 203,3869,  0, 982, 964,   770,  22, 184,   0,7003
09:23:27,1900, 206,3914,  0, 997, 994,   775,  22, 184,   0,7018
09:23:37,1897, 207,3926,  0,1002,1004,   775,  22, 184,   0,7034
09:23:47,1900, 207,3933,  0,1002,1004,   780,  22, 184,   0,7050
09:23:57,1900, 207,3933,  0,1000,1000,   780,  22, 184,   0,7064
09:24:07,1900, 207,3933,  0,1000,1000,   785,  22, 184,   0,7076
09:24:17,1894, 207,3920,  0,1000,1000,   790,  22, 184,   0,7091
09:24:27,1894, 206,3901,  0,1002,1004,   790,  22, 184,   0,7104
09:24:37,1894, 207,3920,  0,1000,1000,   795,  22, 184,   0,7117
09:24:47,1888, 210,3964,  0,1014,1028,   795,  22, 184,   0,7132
09:24:57,1865, 214,3991,  0,1052,1106,   800,  22, 184,   0,7149
09:25:07,1841, 220,4050,  0,1087,1181,   800,  22, 184,   0,7165
09:25:17,1868, 214,3997,  0,1052,1106,   805,  22, 184,   0,7180
09:25:27,1853, 217,4021,  0,1073,1151,   810,  22, 184,   0,7197
09:25:37,1841, 220,4050,  0,1087,1181,   810,  22, 184,   0,7215
09:25:47,1847, 219,4044,  0,1079,1164,   815,  22, 184,   0,7235
09:25:57,1865, 214,3991,  0,1055,1113,   820,  22, 184,   0,7250
09:26:07,1870, 211,3945,  0,1035,1071,   820,  22, 184,   0,7263
09:26:17,1873, 211,3952,  0,1035,1071,   825,  22, 184,   0,7283
09:26:27, 882, 147,1296,  0, 187,  34,   825,  22, 184,   0,7296
09:26:37,1850, 218,4033,  0,1067,1138,   830,  22, 184,   0,7316
09:26:47,1862, 214,3984,  0,1046,1094,   835,  22, 184,   0,7334
09:26:57,1859, 218,4052,  0,1064,1132,   835,  22, 184,   0,7352
09:27:07,1856, 217,4027,  0,1064,1132,   840,  22, 184,   0,7371
09:27:16,1832, 334,6118, 62,1099,1207,   845,  23, 184,   0,7388
09:27:19,1,0,0,0,0,0,0
09:27:26,1844, 210,3872, 62,1079,1164,   845,  24, 187,   0,7401
09:27:36,1818, 217,3945, 62,1114,1240,   850,  26, 191,   0,7414
09:27:46,1832, 218,3993, 62,1099,1207,   850,  26, 191,   0,7429
09:27:57,1815, 221,4011, 62,1117,1247,   855,  26, 191,   0,7447
09:28:07,1853, 212,3928, 62,1064,1132,   860,  26, 191,   0,7464
09:28:17,1850, 214,3959, 62,1064,1132,   865,  26, 191,   0,7483
09:28:27,1862, 211,3928, 62,1052,1106,   865,  26, 191,   0,7502
09:28:37,1853, 214,3965, 62,1070,1144,   870,  26, 191,   0,7520
09:28:47,1850, 215,3977, 62,1070,1144,   870,  26, 191,   0,7539
09:28:57,1850, 218,4033, 62,1067,1138,   875,  26, 191,   0,7556
09:29:07,1853, 218,4039, 62,1064,1132,   880,  26, 191,   0,7576
09:29:17,1844, 222,4093, 62,1082,1170,   880,  26, 191,   0,7588
09:29:27,1829, 223,4078, 62,1093,1194,   885,  26, 191,   0,7604
09:29:37,1818, 228,4145, 62,1111,1234,   890,  26, 191,   0,7623
09:29:47,1832, 224,4103, 62,1096,1201,   890,  26, 191,   0,7641
09:29:57,1838, 225,4135, 62,1085,1177,   895,  26, 191,   0,7661
09:30:07,1821, 231,4206, 62,1111,1234,   900,  26, 191,   0,7677
09:30:17,1844, 223,4112, 62,1082,1170,   900,  26, 191,   0,7696
09:30:27,1829, 229,4188, 62,1099,1207,   905,  26, 191,   0,7715
09:30:37,1844, 228,4204, 62,1079,1164,   910,  26, 191,   0,7732
09:30:47,1873, 220,4120, 62,1035,1071,   910,  26, 191,   0,7748
09:30:57,1900, 214,4066, 62, 994, 988,   915,  26, 191,   0,7766
09:31:07,1882, 214,4027, 62,1017,1034,   915,  26, 191,   0,7786
09:31:17,1885, 213,4015, 62,1017,1034,   920,  26, 191,   0,7806
09:31:27,1891, 212,4008, 62,1002,1004,   925,  26, 191,   0,7826
09:31:37,1882, 214,4027, 62,1020,1040,   925,  26, 191,   0,7846
09:31:47,1882, 214,4027, 62,1017,1034,   930,  26, 191,   0,7866
09:31:57,1879, 215,4039, 62,1014,1028,   930,  26, 191,   0,7886
09:32:07,1897, 214,4059, 62, 994, 988,   935,  26, 191,   0,7906
09:32:17,1879, 214,4021, 62,1014,1028,   935,  26, 191,   0,7926
09:32:27,1885, 215,4052, 62,1011,1022,   940,  26, 191,   0,7946
09:32:37,1897, 210,3983, 62, 979, 958,   940,  26, 191,   0,7966
09:32:47,1870, 218,4076, 62,1035,1071,   945,  26, 191,   0,7985
09:32:57,1888, 214,4040, 62,1017,1034,   950,  26, 191,   0,8004
09:33:07,1876, 213,3995, 62,1032,1065,   950,  26, 191,   0,8023
09:33:17,1873, 212,3970, 62,1035,1071,   955,  26, 191,   0,8042
09:33:27,1862, 217,4040, 62,1067,1138,   955,  29, 191,   0,8059
09:33:37,1870, 212,3964, 62,1049,1100,   960,  29, 191,   0,8077
09:33:47,1847, 219,4044, 62,1087,1181,   965,  30, 191,   0,8095
09:33:57,1859, 215,3996, 62,1067,1138,   965,  30, 191,   0,8113
09:34:07,1841, 220,4050, 62,1085,1177,   970,  30, 191,   0,8133
09:34:17,1847, 219,4044, 62,1085,1177,   975,  30, 191,   0,8151
09:34:27,1835, 224,4110, 62,1099,1207,   975,  30, 191,   0,8170
09:34:37,1853, 217,4021, 62,1067,1138,   980,  30, 191,   0,8185
09:34:47,1856, 217,4027, 62,1073,1151,   985,  30, 191,   0,8196
09:34:57,1847, 218,4026, 62,1085,1177,   985,  30, 191,   0,8210
09:35:07,1835, 224,4110, 62,1102,1214,   990,  30, 191,   0,8228
09:35:17,1832, 223,4085, 62,1099,1207,   995,  30, 191,   0,8247
09:35:27,1835, 223,4092, 62,1105,1221,   995,  30, 191,   0,8261
09:35:37,1835, 222,4073, 62,1102,1214,  1000,  30, 191,   0,8279
09:35:47,1812, 228,4131, 62,1134,1285,  1005,  30, 191,   0,8296
09:35:57,1812, 228,4131, 62,1134,1285,  1005,  30, 191,   0,8314
09:36:07,1797, 231,4151, 62,1143,1306,  1010,  30, 191,   0,8327
09:36:17,1815, 228,4138, 62,1131,1279,  1015,  30, 191,   0,8337
09:36:27,1806, 229,4135, 62,1126,1267,  1015,  30, 191,   0,8356
09:36:37,1689, 230,3884, 62,1117,1247,  1020,  30, 191,   0,8375
09:36:47,1442, 225,3244, 62,1000,1000,  1025,  30, 191,   0,8395
09:36:57,1392, 223,3104, 62, 979, 958,  1025,  30, 191,   0,8414
09:37:07,1390, 224,3113, 62, 997, 994,  1030,  30, 191,   0,8431
09:37:17,1677, 234,3924, 62,1146,1313,  1030,  30, 191,   0,8451
09:37:27,1788, 230,4112, 62,1161,1347,  1035,  30, 191,   0,8470
09:37:38,1753, 235,4119, 62,1178,1387,  1040,  30, 191,   0,8486
09:37:48,1797, 227,4079, 62,1149,1320,  1045,  30, 191,   0,8502
09:37:58,1815, 224,4065, 62,1131,1279,  1045,  30, 191,   0,8515
09:38:08,1841, 218,4013, 62,1099,1207,  1050,  30, 191,   0,8531
09:38:18,1862, 214,3984, 62,1076,1157,  1055,  30, 191,   0,8547
09:38:28,1853, 216,4002, 62,1085,1177,  1055,  30, 191,   0,8567
09:38:38,1847, 216,3989, 62,1090,1188,  1060,  30, 191,   0,8585
09:38:48,1853, 216,4002, 62,1085,1177,  1065,  30, 191,   0,8604
09:38:58,1870, 211,3945, 62,1055,1113,  1065,  30, 191,   0,8619
09:39:08,1873, 211,3952, 62,1049,1100,  1070,  30, 191,   0,8638
09:39:18,1841, 215,3958, 62,1079,1164,  1075,  30, 191,   0,8655
09:39:28,1838, 213,3914, 62,1061,1125,  1075,  30, 191,   0,8673
09:39:38,1870, 211,3945, 62,1052,1106,  1080,  30, 191,   0,8693
09:39:48,1859, 214,3978, 62,1064,1132,  1080,  30, 191,   0,8713
09:39:58,1865, 212,3953, 62,1046,1094,  1085,  30, 191,   0,8730
09:40:08,1865, 212,3953, 62,1046,1094,  1090,  30, 191,   0,8750
09:40:18,1862, 211,3928, 62,1049,1100,  1090,  30, 191,   0,8770
09:40:28,1853, 214,3965, 62,1073,1151,  1095,  30, 191,   0,8790
09:40:38,1832, 218,3993, 62,1099,1207,  1100,  30, 191,   0,8810
09:40:48,1856, 214,3971, 62,1064,1132,  1100,  30, 191,   0,8829
09:40:58,1865, 210,3916, 62,1052,1106,  1105,  30, 191,   0,8849
09:41:08,1856, 214,3971, 62,1064,1132,  1105,  30, 191,   0,8869
09:41:18,1850, 213,3940, 62,1064,1132,  1110,  30, 191,   0,8888
09:41:28,1862, 211,3928, 62,1049,1100,  1115,  30, 191,   0,8908
09:41:38,1856, 211,3916, 62,1046,1094,  1115,  30, 191,   0,8928
09:41:48,1853, 211,3909, 62,1043,1087,  1120,  30, 191,   0,8946
09:41:58,1818, 216,3926, 62,1067,1138,  1125,  30, 191,   0,8962
09:42:08,1768, 223,3942, 62,1102,1214,  1125,  30, 191,   0,8982
09:42:18,1753, 222,3891, 62,1093,1194,  1130,  30, 191,   0,9001
09:42:28,1800, 218,3924, 62,1079,1164,  1135,  30, 191,   0,9017
09:42:38,1847, 213,3934, 62,1064,1132,  1135,  30, 191,   0,9035
09:42:48,1829, 214,3914, 62,1073,1151,  1140,  30, 191,   0,9052
09:42:58,1777, 217,3856, 62,1085,1177,  1145,  30, 191,   0,9070
09:43:08,1791, 217,3886, 62,1096,1201,  1145,  30, 191,   0,9090
09:43:18,1821, 217,3951, 62,1111,1234,  1150,  30, 191,   0,9107
09:43:28,1829, 215,3932, 62,1102,1214,  1155,  30, 191,   0,9126
09:43:38,1847, 212,3915, 62,1087,1181,  1155,  30, 191,   0,9146
09:43:48,1838, 214,3933, 62,1102,1214,  1160,  30, 191,   0,9166
09:43:58,1826, 213,3889, 62,1099,1207,  1165,  30, 191,   0,9184
09:44:08,1809, 214,3871, 62,1105,1221,  1165,  31, 191,   0,9201
09:44:18,1812, 215,3895, 62,1108,1227,  1170,  31, 191,   0,9220
09:44:28,1800, 222,3996, 62,1143,1306,  1175,  31, 191,   0,9237
09:44:38,1715, 227,3893, 62,1149,1320,  1175,  31, 191,   0,9257
09:44:48,1709, 226,3862, 62,1149,1320,  1180,  31, 191,   0,9274
09:44:58,1680, 229,3847, 62,1152,1327,  1185,  31, 191,   0,9293
09:45:08,1747, 229,4000, 62,1175,1380,  1190,  31, 191,   0,9313
09:45:18,1809, 223,4034, 62,1152,1327,  1190,  31, 191,   0,9328
09:45:28,1844, 215,3964, 62,1108,1227,  1195,  31, 191,   0,9345
09:45:38,1856, 212,3934, 62,1085,1177,  1200,  31, 191,   0,9356
09:45:48,1847, 215,3971, 62,1102,1214,  1200,  31, 191,   0,9368
09:45:58,1841, 215,3958, 62,1111,1234,  1205,  31, 191,   0,9380
09:46:08,1841, 215,3958, 62,1108,1227,  1210,  31, 191,   0,9397
09:46:18,1841, 214,3939, 62,1105,1221,  1210,  31, 191,   0,9417
09:46:28,1824, 216,3939, 62,1111,1234,  1215,  31, 191,   0,9433
09:46:38,1812, 214,3877, 62,1085,1177,  1220,  31, 191,   0,9449
09:46:48,1835, 215,3945, 62,1105,1221,  1220,  31, 191,   0,9467
09:46:58,1844, 216,3983, 62,1102,1214,  1225,  31, 191,   0,9486
09:47:08,1829, 219,4005, 62,1120,1254,  1230,  31, 191,   0,9504
09:47:18,1812, 214,3877, 62,1085,1177,  1230,  31, 191,   0,9524
09:47:28,1739, 221,3843, 62,1108,1227,  1235,  31, 191,   0,9543
09:47:38,1809, 214,3871, 62,1079,1164,  1240,  31, 191,   0,9562
09:47:48,1835, 216,3963, 62,1102,1214,  1240,  31, 191,   0,9582
09:47:58,1841, 216,3976, 62,1099,1207,  1245,  31, 191,   0,9601
09:48:08,1853, 213,3946, 62,1090,1188,  1250,  31, 191,   0,9620
09:48:18,1824, 221,4031, 62,1134,1285,  1255,  31, 191,   0,9640
09:48:28,1844, 216,3983, 62,1108,1227,  1255,  31, 191,   0,9656
09:48:38,1856, 213,3953, 62,1090,1188,  1260,  31, 191,   0,9669
09:48:48,1856, 212,3934, 62,1087,1181,  1265,  31, 191,   0,9689
09:48:58,1862, 212,3947, 62,1093,1194,  1265,  31, 191,   0,9709
09:49:08,1859, 213,3959, 62,1096,1201,  1270,  31, 191,   0,9729
09:49:18,1850, 215,3977, 62,1108,1227,  1275,  31, 191,   0,9748
09:49:28,1859, 212,3941, 62,1090,1188,  1275,  31, 191,   0,9768
09:49:38,1829, 212,3877, 62,1073,1151,  1280,  33, 191,   0,9785
09:49:48,1697, 201,3410, 62, 953, 908,  1280,  33, 191,   0,9805
09:50:15,1,0,0,0,0,0,0
09:50:40,1,0,0,0,0,0,0
09:51:06,1,0,0,0,0,0,0
09:51:31,1,0,0,0,0,0,0
09:51:57,1,0,0,0,0,0,0
09:52:22,1,0,0,0,0,0,0
09:52:48,1,0,0,0,0,0,0
09:53:13,1,0,0,0,0,0,0
09:53:23,1609, 169,2719, 62, 941, 885,  1290,  37, 195,   0,9912
09:53:33,1536, 165,2534, 62, 891, 793,  1295,  37, 195,   0,9931
09:53:57,1,0,0,0,0,0,0
09:54:23,1,0,0,0,0,0,0
09:54:33,1533, 171,2621, 62, 917, 840,  1300,  40, 195,   0,9967
09:54:43,1609, 171,2751, 62, 938, 879,  1300,  40, 195,   0,9983
09:54:53,1633, 172,2808, 62, 953, 908,  1305,  40, 195,   0,9996
09:55:03,1536, 173,2657, 62, 932, 868,  1305,  40, 195,   0,10014
09:55:31,1,0,0,0,0,0,0
09:55:41,1653, 169,2793, 62, 917, 840,  1310,  40, 195,   0,10051
09:55:51,1656, 171,2831, 62, 923, 851,  1310,  40, 195,   0,10069
09:56:21,1,0,0,0,0,0,0
09:56:31,1545, 169,2611, 62, 917, 840,  1315,  40, 195,   0,10106
09:56:41,1492, 169,2521, 62, 906, 820,  1320,  42, 195,   0,10121
09:56:51,1451, 169,2452, 62, 900, 810,  1320,  43, 195,   0,10137
09:57:16,1,0,0,0,0,0,0
09:57:42,1,0,0,0,0,0,0
09:57:52,1753, 180,3155, 62,1029,1058,  1325,  43, 195,   0,10175
09:58:02,1812, 179,3243, 62,1038,1077,  1330,  43, 195,   0,10194
09:58:12,1873, 182,3408, 62,1082,1170,  1330,  43, 195,   0,10213
09:58:22,1739, 183,3182, 62,1041,1083,  1335,  43, 195,   0,10233
09:58:32,1680, 184,3091, 62,1041,1083,  1340,  43, 195,   0,10253
09:58:42,1870, 184,3440, 62,1096,1201,  1340,  43, 195,   0,10273
09:58:52,1785, 190,3391, 62,1120,1254,  1345,  43, 195,   0,10291
09:59:02,1715, 197,3378, 62,1137,1292,  1350,  43, 195,   0,10311
09:59:12,1826, 193,3524, 62,1143,1306,  1350,  43, 195,   0,10330
09:59:22,1903, 185,3520, 62,1123,1261,  1355,  43, 195,   0,10350
09:59:32,1929, 178,3433, 62,1061,1125,  1360,  43, 195,   0,10370
09:59:42,1865, 181,3375, 62,1073,1151,  1360,  43, 195,   0,10387
09:59:52,1756, 184,3231, 62,1070,1144,  1365,  43, 195,   0,10406
10:00:02,1782, 183,3261, 62,1067,1138,  1370,  43, 195,   0,10424
10:00:12,1765, 182,3212, 62,1055,1113,  1370,  43, 195,   0,10442
10:00:22,1841, 182,3350, 62,1085,1177,  1375,  43, 195,   0,10462
10:00:32,1718, 174,2989, 62, 985, 970,  1380,  43, 195,   0,10482
10:00:42,1653, 164,2710, 62, 882, 777,  1380,  43, 195,   0,10502
10:01:04,1,0,0,0,0,0,0
10:01:14,1809, 176,3183, 62,1014,1028,  1385,  43, 197,   0,10526
10:01:24,1788, 177,3164, 62,1023,1046,  1385,  43, 201,   0,10542
10:01:34,1780, 170,3026, 62, 976, 952,  1390,  43, 203,   0,10560
10:01:44,1821, 172,3132, 62,1000,1000,  1390,  43, 204,   0,10579
10:01:54,1903, 184,3501, 62,1123,1261,  1395,  43, 207,   0,10596
10:02:04,1838, 172,3161, 62,1011,1022,  1400,  43, 207,   0,10616
10:02:14,1926, 182,3505, 62,1105,1221,  1400,  43, 208,   0,10635
10:02:24,1879, 190,3570, 62,1155,1334,  1405,  43, 208,   0,10655
10:02:34,1876, 193,3620, 62,1173,1375,  1410,  43, 208,   0,10675
10:02:44,1894, 187,3541, 62,1137,1292,  1410,  43, 208,   0,10695
10:02:55,1818, 190,3454, 62,1137,1292,  1415,  44, 208,   0,10714
10:03:05,1856, 188,3489, 62,1131,1279,  1420,  44, 208,   0,10731
10:03:15,1821, 190,3459, 62,1140,1299,  1425,  44, 208,   0,10750
10:03:25,1721, 191,3287, 62,1111,1234,  1425,  44, 208,   0,10768
10:03:35,1865, 188,3506, 62,1140,1299,  1430,  44, 208,   0,10788
10:03:45,1862, 192,3575, 62,1161,1347,  1435,  44, 208,   0,10807
10:03:55,1873, 189,3539, 62,1152,1327,  1440,  44, 208,   0,10826
10:04:05,1879, 189,3551, 62,1146,1313,  1440,  44, 208,   0,10846
10:04:15,1856, 192,3563, 62,1164,1354,  1445,  44, 208,   0,10863
10:04:25,1850, 191,3533, 62,1152,1327,  1450,  44, 208,   0,10880
10:04:35,1829, 190,3475, 62,1140,1299,  1450,  44, 208,   0,10899
10:04:45,1850, 188,3478, 62,1134,1285,  1455,  44, 208,   0,10914
10:04:55,1853, 188,3483, 62,1137,1292,  1460,  44, 208,   0,10928
10:05:05,1850, 187,3459, 62,1137,1292,  1465,  44, 208,   0,10944
10:05:15,1829, 193,3529, 62,1164,1354,  1465,  44, 208,   0,10962
10:05:25,1868, 186,3474, 62,1123,1261,  1470,  44, 208,   0,10981
10:05:35,1868, 185,3455, 62,1120,1254,  1475,  44, 208,   0,10996
10:05:45,1829, 190,3475, 62,1143,1306,  1475,  44, 208,   0,11011
10:05:55,1756, 194,3406, 62,1140,1299,  1480,  44, 208,   0,11029
10:06:05,1785, 193,3445, 62,1137,1292,  1485,  44, 208,   0,11048
10:06:15,1829, 188,3438, 62,1126,1267,  1490,  44, 208,   0,11068
10:06:25,1832, 188,3444, 62,1123,1261,  1490,  44, 208,   0,11088
10:06:35,1835, 188,3449, 62,1126,1267,  1495,  44, 208,   0,11108
10:06:45,1815, 190,3448, 62,1131,1279,  1500,  44, 208,   0,11124
10:06:55,1777, 195,3465, 62,1152,1327,  1500,  44, 208,   0,11144
10:07:05,1674, 198,3314, 62,1146,1313,  1505,  44, 208,   0,11163
10:07:15,1653, 201,3322, 62,1149,1320,  1510,  44, 208,   0,11180
10:07:25,1797, 195,3504, 62,1170,1368,  1515,  44, 208,   0,11200
10:07:35,1832, 190,3480, 62,1140,1299,  1515,  44, 208,   0,11216
10:07:45,1841, 188,3461, 62,1129,1274,  1520,  44, 208,   0,11236
10:07:55,1850, 186,3441, 62,1108,1227,  1525,  44, 208,   0,11254
10:08:05,1853, 186,3446, 62,1111,1234,  1530,  44, 208,   0,11271
10:08:15,1847, 186,3435, 62,1108,1227,  1530,  44, 208,   0,11291
10:08:25,1844, 186,3429, 62,1111,1234,  1535,  44, 208,   0,11311
10:08:35,1847, 186,3435, 62,1108,1227,  1540,  44, 208,   0,11331
10:08:45,1847, 186,3435, 62,1111,1234,  1540,  44, 208,   0,11351
10:08:55,1847, 186,3435, 62,1111,1234,  1545,  44, 208,   0,11371
10:09:05,1844, 185,3411, 62,1105,1221,  1550,  44, 208,   0,11391
10:09:15,1844, 186,3429, 62,1111,1234,  1550,  44, 208,   0,11409
10:09:25,1844, 185,3411, 62,1111,1234,  1555,  44, 208,   0,11427
10:09:35,1838, 185,3400, 62,1108,1227,  1560,  44, 208,   0,11442
10:09:45,1841, 186,3424, 62,1108,1227,  1560,  44, 208,   0,11457
10:09:55,1829, 188,3438, 62,1117,1247,  1565,  44, 208,   0,11473
10:10:05,1844, 185,3411, 62,1105,1221,  1570,  44, 208,   0,11487
10:10:15,1838, 185,3400, 62,1108,1227,  1570,  44, 208,   0,11500
10:10:25,1826, 188,3432, 62,1117,1247,  1575,  44, 208,   0,11512
10:10:35,1821, 190,3459, 62,1134,1285,  1580,  44, 208,   0,11529
10:10:45,1832, 188,3444, 62,1117,1247,  1585,  44, 208,   0,11542
10:10:55,1829, 188,3438, 62,1123,1261,  1585,  44, 208,   0,11554
10:11:05,1824, 188,3429, 62,1114,1240,  1590,  44, 208,   0,11568
10:11:15,1797, 193,3468, 62,1146,1313,  1595,  44, 208,   0,11584
10:11:25,1826, 188,3432, 62,1117,1247,  1595,  44, 208,   0,11604
10:11:35,1835, 185,3394, 62,1099,1207,  1600,  44, 208,   0,11624
10:11:45,1815, 191,3466, 62,1131,1279,  1605,  44, 208,   0,11643
10:11:55,1812, 190,3442, 62,1134,1285,  1605,  44, 208,   0,11663
10:12:05,1768, 197,3482, 62,1167,1361,  1610,  44, 208,   0,11683
10:12:15,1806, 190,3431, 62,1131,1279,  1615,  44, 208,   0,11699
10:12:25,1809, 190,3437, 62,1131,1279,  1620,  44, 208,   0,11719
10:12:35,1818, 187,3399, 62,1114,1240,  1620,  44, 208,   0,11738
10:12:45,1815, 188,3412, 62,1114,1240,  1625,  44, 208,   0,11757
10:12:55,1803, 190,3425, 62,1131,1279,  1630,  44, 208,   0,11776
10:13:05,1818, 188,3417, 62,1117,1247,  1630,  44, 208,   0,11796
10:13:15,1818, 187,3399, 62,1111,1234,  1635,  44, 208,   0,11815
10:13:25,1815, 188,3412, 62,1114,1240,  1640,  44, 208,   0,11832
10:13:35,1824, 185,3374, 62,1093,1194,  1640,  44, 208,   0,11852
10:13:45,1824, 185,3374, 62,1090,1188,  1645,  44, 208,   0,11872
10:13:55,1824, 185,3374, 62,1093,1194,  1650,  44, 208,   0,11890
10:14:05,1826, 185,3378, 62,1093,1194,  1650,  44, 208,   0,11909
10:14:15,1821, 184,3350, 62,1096,1201,  1655,  44, 208,   0,11928
10:14:25,1800, 190,3420, 62,1120,1254,  1660,  44, 208,   0,11947
10:14:35,1821, 184,3350, 62,1093,1194,  1665,  44, 208,   0,11964
10:14:45,1821, 184,3350, 62,1093,1194,  1665,  44, 208,   0,11982
10:14:55,1821, 184,3350, 62,1096,1201,  1670,  44, 208,   0,12002
10:15:05,1806, 186,3359, 62,1111,1234,  1675,  44, 208,   0,12022
10:15:15,1812, 186,3370, 62,1111,1234,  1675,  44, 208,   0,12042
10:15:25,1809, 186,3364, 62,1108,1227,  1680,  44, 208,   0,12062
10:15:36,1812, 186,3370, 62,1105,1221,  1685,  44, 208,   0,12082
10:15:46,1803, 189,3407, 62,1129,1274,  1685,  44, 208,   0,12100
10:15:56,1815, 186,3375, 62,1108,1227,  1690,  44, 208,   0,12117
10:16:06,1818, 186,3381, 62,1114,1240,  1695,  44, 208,   0,12134
10:16:16,1818, 186,3381, 62,1108,1227,  1695,  44, 208,   0,12153
10:16:26,1815, 186,3375, 62,1114,1240,  1700,  44, 208,   0,12171
10:16:36,1815, 186,3375, 62,1111,1234,  1705,  44, 208,   0,12190
10:16:46,1818, 186,3381, 62,1111,1234,  1705,  44, 208,   0,12208
10:16:56,1818, 186,3381, 62,1111,1234,  1710,  44, 208,   0,12227
10:17:06,1821, 186,3387, 62,1114,1240,  1715,  44, 208,   0,12247
10:17:16,1818, 186,3381, 62,1114,1240,  1715,  44, 208,   0,12267
10:17:26,1818, 187,3399, 62,1108,1227,  1720,  44, 208,   0,12286
10:17:36,1791, 192,3438, 62,1143,1306,  1725,  44, 208,   0,12306
10:17:46,1785, 194,3462, 62,1155,1334,  1730,  44, 208,   0,12325
10:17:56,1815, 186,3375, 62,1117,1247,  1730,  44, 208,   0,12343
10:18:06,1809, 190,3437, 62,1131,1279,  1735,  44, 208,   0,12363
10:18:16,1809, 189,3419, 62,1129,1274,  1740,  45, 208,   0,12381
10:18:26,1800, 192,3456, 62,1146,1313,  1740,  45, 208,   0,12401
10:18:36,1812, 189,3424, 62,1134,1285,  1745,  45, 208,   0,12418
10:18:46,1824, 186,3392, 62,1120,1254,  1750,  45, 208,   0,12435
10:18:56,1809, 189,3419, 62,1131,1279,  1755,  45, 208,   0,12454
10:19:06,1806, 189,3413, 62,1131,1279,  1755,  45, 208,   0,12472
10:19:16,1812, 190,3442, 62,1134,1285,  1760,  45, 208,   0,12492
10:19:26,1826, 187,3414, 62,1114,1240,  1765,  45, 208,   0,12510
10:19:36,1821, 187,3405, 62,1114,1240,  1765,  45, 208,   0,12529
10:19:46,1824, 187,3410, 62,1114,1240,  1770,  45, 208,   0,12549
10:19:56,1824, 186,3392, 62,1120,1254,  1775,  45, 208,   0,12568
10:20:06,1818, 187,3399, 62,1114,1240,  1775,  45, 208,   0,12588
10:20:16,1824, 187,3410, 62,1111,1234,  1780,  45, 208,   0,12605
10:20:26,1809, 190,3437, 62,1123,1261,  1785,  45, 208,   0,12625
10:20:36,1812, 189,3424, 62,1129,1274,  1790,  45, 208,   0,12642
10:20:46,1780, 194,3453, 62,1158,1340,  1790,  45, 208,   0,12660
10:20:56,1768, 197,3482, 62,1164,1354,  1795,  45, 208,   0,12677
10:21:06,1765, 197,3477, 62,1173,1375,  1800,  45, 208,   0,12695
10:21:16,1809, 189,3419, 62,1129,1274,  1805,  45, 208,   0,12714
10:21:26,1809, 190,3437, 62,1134,1285,  1805,  45, 208,   0,12733
10:21:36,1812, 190,3442, 62,1131,1279,  1810,  45, 208,   0,12751
10:21:46,1818, 187,3399, 62,1117,1247,  1815,  45, 208,   0,12769
10:21:56,1806, 190,3431, 62,1134,1285,  1815,  45, 208,   0,12789
10:22:06,1818, 190,3454, 62,1129,1274,  1820,  45, 208,   0,12809
10:22:16,1809, 190,3437, 62,1134,1285,  1825,  45, 208,   0,12828
10:22:26,1812, 190,3442, 62,1129,1274,  1825,  45, 208,   0,12841
10:22:36,1812, 190,3442, 62,1131,1279,  1830,  45, 208,   0,12854
10:22:46,1815, 190,3448, 62,1131,1279,  1835,  45, 208,   0,12869
10:22:56,1821, 187,3405, 62,1114,1240,  1840,  45, 208,   0,12887
10:23:06,1824, 187,3410, 62,1117,1247,  1840,  45, 208,   0,12906
10:23:16,1826, 187,3414, 62,1117,1247,  1845,  45, 208,   0,12924
10:23:26,1826, 187,3414, 62,1114,1240,  1850,  45, 208,   0,12942
10:23:36,1815, 189,3430, 62,1129,1274,  1850,  45, 208,   0,12960
10:23:46,1812, 190,3442, 62,1134,1285,  1855,  45, 208,   0,12979
10:23:56,1821, 190,3459, 62,1137,1292,  1860,  45, 208,   0,12996
10:24:06,1788, 195,3486, 62,1164,1354,  1865,  45, 208,   0,13013
10:24:16,1777, 197,3500, 62,1170,1368,  1865,  45, 208,   0,13031
10:24:26,1812, 189,3424, 62,1131,1279,  1870,  45, 208,   0,13047
10:24:36,1829, 187,3420, 62,1117,1247,  1875,  45, 208,   0,13061
10:24:46,1826, 187,3414, 62,1120,1254,  1875,  45, 208,   0,13081
10:24:56,1821, 186,3387, 62,1120,1254,  1880,  45, 208,   0,13099
10:25:06,1824, 187,3410, 62,1117,1247,  1885,  45, 208,   0,13119
10:25:16,1821, 186,3387, 62,1114,1240,  1890,  45, 208,   0,13139
10:25:26,1809, 190,3437, 62,1126,1267,  1890,  45, 208,   0,13159
10:25:36,1821, 186,3387, 62,1117,1247,  1895,  45, 208,   0,13179
10:25:46,1818, 187,3399, 62,1111,1234,  1900,  45, 208,   0,13199
10:25:56,1821, 187,3405, 62,1114,1240,  1900,  45, 208,   0,13218
10:26:06,1818, 187,3399, 62,1117,1247,  1905,  45, 208,   0,13237
10:26:16,1824, 187,3410, 62,1114,1240,  1910,  45, 208,   0,13256
10:26:26,1818, 187,3399, 62,1117,1247,  1910,  45, 208,   0,13276
10:26:36,1815, 187,3394, 62,1114,1240,  1915,  45, 208,   0,13295
10:26:46,1815, 187,3394, 62,1114,1240,  1920,  45, 208,   0,13315
10:26:56,1815, 186,3375, 62,1105,1221,  1920,  45, 208,   0,13335
10:27:06,1785, 192,3427, 62,1134,1285,  1925,  45, 208,   0,13355
10:27:16,1785, 192,3427, 62,1134,1285,  1930,  45, 208,   0,13374
10:27:26,1771, 194,3435, 62,1152,1327,  1935,  45, 208,   0,13394
10:27:36,1739, 199,3460, 62,1170,1368,  1935,  45, 208,   0,13410
10:27:46,1753, 197,3453, 62,1161,1347,  1940,  45, 208,   0,13426
10:27:56,1721, 202,3476, 62,1184,1401,  1945,  45, 208,   0,13443
10:28:06,1782, 192,3421, 62,1137,1292,  1950,  45, 208,   0,13460
10:28:16,1812, 186,3370, 62,1108,1227,  1950,  46, 208,   0,13473
10:28:27,1812, 186,3370, 62,1111,1234,  1955,  50, 208,   0,13486
10:28:37,1812, 187,3388, 62,1108,1227,  1960,  53, 208,   0,13497
10:28:47,1818, 187,3399, 62,1108,1227,  1960,  53, 208,   0,13514
10:28:57,1815, 186,3375, 62,1105,1221,  1965,  53, 208,   0,13534
10:29:07,1791, 192,3438, 62,1137,1292,  1970,  53, 208,   0,13554
10:29:17,1803, 189,3407, 62,1123,1261,  1970,  53, 208,   0,13570
10:29:27,1803, 188,3389, 62,1129,1274,  1975,  53, 208,   0,13584
10:29:37,1803, 189,3407, 62,1131,1279,  1980,  53, 208,   0,13602
10:29:47,1782, 194,3457, 62,1158,1340,  1985,  53, 208,   0,13620
10:29:57,1794, 191,3426, 62,1137,1292,  1985,  53, 208,   0,13634
10:30:07,1794, 192,3444, 62,1140,1299,  1990,  53, 208,   0,13651
10:30:17,1809, 189,3419, 62,1126,1267,  1995,  53, 208,   0,13665
10:30:27,1812, 189,3424, 62,1129,1274,  1995,  53, 208,   0,13681
10:30:37,1809, 189,3419, 62,1126,1267,  2000,  53, 208,   0,13694
10:30:47,1824, 187,3410, 62,1111,1234,  2005,  53, 208,   0,13712
10:30:57,1809, 189,3419, 62,1131,1279,  2010,  53, 208,   0,13731
10:31:07,1803, 189,3407, 62,1131,1279,  2010,  53, 208,   0,13749
10:31:17,1818, 186,3381, 62,1114,1240,  2015,  53, 208,   0,13762
10:31:27,1824, 187,3410, 62,1117,1247,  2020,  53, 208,   0,13782
10:31:37,1818, 186,3381, 62,1114,1240,  2020,  53, 208,   0,13802
10:31:47,1809, 188,3400, 62,1126,1267,  2025,  53, 208,   0,13814
10:31:57,1780, 194,3453, 62,1152,1327,  2030,  53, 208,   0,13831
10:32:07,1759, 196,3447, 62,1161,1347,  2030,  53, 208,   0,13849
10:32:17,1774, 194,3441, 62,1149,1320,  2035,  53, 208,   0,13862
10:32:27,1788, 192,3432, 62,1140,1299,  2040,  53, 208,   0,13877
10:32:37,1794, 191,3426, 62,1134,1285,  2045,  53, 208,   0,13894
10:32:47,1800, 188,3384, 62,1126,1267,  2045,  53, 208,   0,13911
10:32:57,1800, 189,3402, 62,1126,1267,  2050,  53, 208,   0,13927
10:33:07,1812, 187,3388, 62,1108,1227,  2055,  53, 208,   0,13947
10:33:17,1812, 187,3388, 62,1111,1234,  2055,  53, 208,   0,13966
10:33:27,1815, 186,3375, 62,1114,1240,  2060,  53, 208,   0,13986
10:33:37,1812, 187,3388, 62,1105,1221,  2065,  53, 208,   0,14005
10:33:47,1794, 188,3372, 62,1114,1240,  2070,  53, 208,   0,14024
10:33:57,1780, 192,3417, 62,1134,1285,  2070,  53, 208,   0,14041
10:34:07,1762, 194,3418, 62,1146,1313,  2075,  53, 208,   0,14060
10:34:17,1791, 189,3384, 62,1117,1247,  2080,  53, 208,   0,14073
10:34:27,1780, 191,3399, 62,1129,1274,  2080,  53, 208,   0,14088
10:34:37,1782, 191,3403, 62,1131,1279,  2085,  53, 208,   0,14105
10:34:47,1797, 189,3396, 62,1120,1254,  2090,  53, 208,   0,14123
10:34:57,1794, 189,3390, 62,1120,1254,  2090,  53, 208,   0,14140
10:35:07,1809, 187,3382, 62,1102,1214,  2095,  53, 208,   0,14160
10:35:17,1797, 189,3396, 62,1120,1254,  2100,  53, 208,   0,14180
10:35:27,1797, 188,3378, 62,1117,1247,  2105,  53, 208,   0,14200
10:35:37,1791, 188,3367, 62,1117,1247,  2105,  53, 208,   0,14217
10:35:47,1797, 188,3378, 62,1120,1254,  2110,  53, 208,   0,14236
10:35:57,1794, 188,3372, 62,1120,1254,  2115,  53, 208,   0,14252
10:36:07,1797, 188,3378, 62,1123,1261,  2115,  53, 208,   0,14268
10:36:17,1794, 188,3372, 62,1117,1247,  2120,  53, 208,   0,14285
10:36:27,1791, 188,3367, 62,1117,1247,  2125,  53, 208,   0,14302
10:36:37,1794, 188,3372, 62,1120,1254,  2125,  53, 208,   0,14319
10:36:47,1794, 187,3354, 62,1120,1254,  2130,  53, 208,   0,14333
10:36:57,1788, 187,3343, 62,1123,1261,  2135,  53, 208,   0,14350
10:37:07,1794, 187,3354, 62,1117,1247,  2135,  53, 208,   0,14366
10:37:17,1791, 187,3349, 62,1120,1254,  2140,  53, 208,   0,14382
10:37:27,1785, 188,3355, 62,1117,1247,  2145,  53, 208,   0,14396
10:37:37,1791, 188,3367, 62,1117,1247,  2150,  53, 208,   0,14408
10:37:47,1794, 189,3390, 62,1117,1247,  2150,  53, 208,   0,14427
10:37:57,1800, 186,3348, 62,1102,1214,  2155,  53, 208,   0,14445
10:38:07,1797, 186,3342, 62,1105,1221,  2160,  53, 208,   0,14465
10:38:17,1785, 189,3373, 62,1117,1247,  2160,  53, 208,   0,14481
10:38:27,1797, 186,3342, 62,1102,1214,  2165,  53, 208,   0,14500
10:38:37,1800, 186,3348, 62,1096,1201,  2170,  53, 208,   0,14517
10:38:47,1785, 189,3373, 62,1120,1254,  2170,  53, 208,   0,14536
10:38:57,1788, 189,3379, 62,1114,1240,  2175,  53, 208,   0,14553
10:39:07,1800, 186,3348, 62,1099,1207,  2180,  53, 208,   0,14572
10:39:17,1791, 189,3384, 62,1114,1240,  2180,  53, 208,   0,14591
10:39:27,1788, 189,3379, 62,1114,1240,  2185,  53, 208,   0,14604
10:39:37,1791, 189,3384, 62,1117,1247,  2190,  53, 208,   0,14622
10:39:47,1788, 189,3379, 62,1120,1254,  2190,  53, 208,   0,14641
10:39:57,1788, 190,3397, 62,1120,1254,  2195,  53, 208,   0,14661
10:40:07,1803, 186,3353, 62,1102,1214,  2200,  53, 208,   0,14680
10:40:17,1800, 187,3366, 62,1099,1207,  2200,  53, 208,   0,14700
10:40:27,1777, 192,3411, 62,1131,1279,  2205,  53, 208,   0,14720
10:40:37,1791, 189,3384, 62,1123,1261,  2210,  53, 208,   0,14738
10:40:47,1794, 189,3390, 62,1117,1247,  2215,  53, 208,   0,14756
10:40:57,1782, 192,3421, 62,1134,1285,  2215,  57, 208,   0,14772
10:41:07,1806, 186,3359, 62,1102,1214,  2220,  58, 208,   0,14790
10:41:18,1821, 184,3350, 62,1087,1181,  2225,  58, 208,   0,14805
10:41:28,1821, 184,3350, 62,1087,1181,  2225,  58, 208,   0,14821
10:41:38,1803, 187,3371, 62,1108,1227,  2230,  59, 208,   0,14839
10:41:48,1797, 189,3396, 62,1120,1254,  2235,  59, 208,   0,14859
10:41:58,1797, 189,3396, 62,1120,1254,  2235,  59, 208,   0,14877
10:42:08,1794, 189,3390, 62,1126,1267,  2240,  59, 208,   0,14897
10:42:18,1815, 186,3375, 62,1105,1221,  2245,  59, 208,   0,14912
10:42:28,1794, 189,3390, 62,1123,1261,  2245,  59, 208,   0,14932
10:42:38,1821, 184,3350, 62,1090,1188,  2250,  60, 208,   0,14947
10:42:48,1806, 187,3377, 62,1105,1221,  2255,  61, 208,   0,14961
10:42:58,1821, 185,3368, 62,1090,1188,  2255,  62, 208,   0,14977
10:43:08,1818, 184,3345, 62,1087,1181,  2260,  62, 208,   0,14989
10:43:18,1809, 187,3382, 62,1108,1227,  2265,  62, 208,   0,15002
10:43:28,1812, 187,3388, 62,1105,1221,  2265,  62, 208,   0,15014
10:43:38,1809, 187,3382, 62,1105,1221,  2270,  62, 208,   0,15029
10:43:48,1806, 186,3359, 62,1102,1214,  2275,  62, 208,   0,15042
10:43:58,1785, 192,3427, 62,1137,1292,  2275,  62, 208,   0,15061
10:44:08,1809, 187,3382, 62,1102,1214,  2280,  63, 208,   0,15075
10:44:18,1791, 189,3384, 62,1123,1261,  2285,  63, 208,   0,15090
10:44:28,1780, 192,3417, 62,1134,1285,  2290,  63, 208,   0,15108
10:44:38,1791, 189,3384, 62,1123,1261,  2290,  63, 208,   0,15126
10:44:48,1803, 186,3353, 62,1102,1214,  2295,  63, 208,   0,15141
10:44:58,1788, 189,3379, 62,1117,1247,  2300,  63, 208,   0,15161
10:45:08,1794, 189,3390, 62,1114,1240,  2300,  63, 208,   0,15180
10:45:18,1788, 189,3379, 62,1120,1254,  2305,  63, 208,   0,15199
10:45:28,1803, 186,3353, 62,1099,1207,  2310,  65, 208,   0,15210
10:45:38,1797, 187,3360, 62,1102,1214,  2310,  65, 208,   0,15224
10:45:48,1800, 187,3366, 62,1099,1207,  2315,  66, 208,   0,15237
10:45:58,1803, 186,3353, 62,1102,1214,  2320,  69, 208,   0,15246
10:46:08,1803, 187,3371, 62,1102,1214,  2320,  71, 208,   0,15257
10:46:18,1803, 186,3353, 62,1099,1207,  2325,  75, 208,   0,15271
10:46:28,1788, 189,3379, 62,1117,1247,  2330,  75, 208,   0,15291
10:46:38,1803, 187,3371, 62,1108,1227,  2330,  76, 208,   0,15302
10:46:48,1809, 184,3328, 62,1085,1177,  2335,  76, 208,   0,15314
10:46:58,1806, 184,3323, 62,1087,1181,  2340,  76, 208,   0,15325
10:47:08,1771, 192,3400, 62,1131,1279,  2340,  76, 208,   0,15342
10:47:18,1800, 188,3384, 62,1105,1221,  2345,  76, 208,   0,15356
10:47:28,1812, 184,3334, 62,1082,1170,  2350,  76, 208,   0,15371
10:47:38,1815, 184,3339, 62,1090,1188,  2350,  76, 208,   0,15386
10:47:48,1815, 184,3339, 62,1085,1177,  2355,  76, 208,   0,15404
10:47:58,1815, 184,3339, 62,1093,1194,  2360,  76, 208,   0,15423
10:48:08,1818, 184,3345, 62,1085,1177,  2360,  76, 208,   0,15442
10:48:18,1818, 184,3345, 62,1087,1181,  2365,  76, 208,   0,15461
10:48:28,1824, 184,3356, 62,1093,1194,  2370,  76, 208,   0,15481
10:48:38,1809, 187,3382, 62,1108,1227,  2370,  76, 208,   0,15501
10:48:48,1809, 187,3382, 62,1105,1221,  2375,  76, 208,   0,15520
10:48:58,1826, 185,3378, 62,1090,1188,  2380,  76, 208,   0,15540
10:49:08,1797, 190,3414, 62,1117,1247,  2380,  76, 208,   0,15558
10:49:18,1765, 195,3441, 62,1146,1313,  2385,  76, 208,   0,15574
10:49:28,1753, 197,3453, 62,1161,1347,  2390,  76, 208,   0,15592
10:49:38,1768, 195,3447, 62,1152,1327,  2395,  76, 208,   0,15605
10:49:48,1756, 198,3476, 62,1161,1347,  2395,  76, 208,   0,15622
10:49:58,1797, 190,3414, 62,1120,1254,  2400,  76, 208,   0,15636
10:50:08,1797, 190,3414, 62,1123,1261,  2405,  76, 208,   0,15648
10:50:18,1806, 188,3395, 62,1108,1227,  2410,  76, 208,   0,15661
10:50:28,1824, 185,3374, 62,1087,1181,  2410,  76, 208,   0,15681
10:50:38,1806, 188,3395, 62,1111,1234,  2415,  76, 208,   0,15698
10:50:48,1809, 188,3400, 62,1108,1227,  2420,  76, 208,   0,15718
10:50:58,1806, 188,3395, 62,1108,1227,  2420,  76, 208,   0,15738
10:51:08,1806, 188,3395, 62,1111,1234,  2425,  76, 208,   0,15758
10:51:18,1809, 188,3400, 62,1102,1214,  2430,  76, 208,   0,15777
10:51:28,1809, 188,3400, 62,1108,1227,  2430,  76, 208,   0,15797
10:51:38,1797, 190,3414, 62,1123,1261,  2435,  76, 208,   0,15815
10:51:48,1797, 190,3414, 62,1126,1267,  2440,  76, 208,   0,15834
10:51:58,1818, 185,3363, 62,1090,1188,  2440,  76, 208,   0,15853
10:52:08,1806, 188,3395, 62,1111,1234,  2445,  76, 208,   0,15873
10:52:18,1809, 188,3400, 62,1105,1221,  2450,  76, 208,   0,15893
10:52:28,1797, 190,3414, 62,1120,1254,  2450,  76, 208,   0,15913
10:52:38,1809, 188,3400, 62,1111,1234,  2455,  76, 208,   0,15933
10:52:48,1785, 193,3445, 62,1131,1279,  2460,  76, 208,   0,15952
10:52:58,1782, 193,3439, 62,1137,1292,  2460,  76, 208,   0,15971
10:53:08,1821, 185,3368, 62,1090,1188,  2465,  76, 208,   0,15987
10:53:18,1809, 188,3400, 62,1108,1227,  2470,  76, 208,   0,16004
10:53:28,1812, 188,3406, 62,1111,1234,  2470,  76, 208,   0,16018
10:53:38,1812, 188,3406, 62,1114,1240,  2475,  76, 208,   0,16032
10:53:48,1821, 185,3368, 62,1096,1201,  2480,  76, 208,   0,16045
10:53:58,1824, 185,3374, 62,1093,1194,  2480,  76, 208,   0,16062
10:54:08,1824, 185,3374, 62,1093,1194,  2485,  76, 208,   0,16077
10:54:19,1829, 185,3383, 62,1096,1201,  2490,  76, 208,   0,16096
10:54:29,1826, 185,3378, 62,1096,1201,  2490,  76, 208,   0,16115
10:54:39,1829, 185,3383, 62,1093,1194,  2495,  76, 208,   0,16131
10:54:49,1826, 185,3378, 62,1096,1201,  2500,  76, 208,   0,16149
10:54:59,1826, 185,3378, 62,1096,1201,  2500,  76, 208,   0,16168
10:55:09,1826, 185,3378, 62,1096,1201,  2505,  76, 208,   0,16187
10:55:19,1829, 185,3383, 62,1099,1207,  2510,  76, 208,   0,16207
10:55:29,1826, 185,3378, 62,1096,1201,  2510,  76, 208,   0,16224
10:55:39,1829, 185,3383, 62,1093,1194,  2515,  76, 208,   0,16243
10:55:49,1826, 185,3378, 62,1093,1194,  2520,  76, 208,   0,16263
10:55:59,1826, 185,3378, 62,1093,1194,  2520,  76, 208,   0,16281
10:56:09,1826, 186,3396, 62,1090,1188,  2525,  76, 208,   0,16298
10:56:19,1829, 185,3383, 62,1096,1201,  2530,  76, 208,   0,16313
10:56:29,1821, 185,3368, 62,1096,1201,  2530,  76, 208,   0,16329
10:56:39,1826, 185,3378, 62,1093,1194,  2535,  76, 208,   0,16343
10:56:49,1829, 185,3383, 62,1093,1194,  2540,  76, 208,   0,16359
10:56:59,1826, 185,3378, 62,1093,1194,  2540,  76, 208,   0,16375
10:57:09,1829, 185,3383, 62,1090,1188,  2545,  76, 208,   0,16395
10:57:19,1826, 185,3378, 62,1096,1201,  2550,  76, 208,   0,16411
10:57:29,1818, 188,3417, 62,1111,1234,  2550,  76, 208,   0,16427
10:57:39,1826, 185,3378, 62,1093,1194,  2555,  76, 208,   0,16445
10:57:49,1826, 185,3378, 62,1096,1201,  2560,  76, 208,   0,16463
10:57:59,1832, 185,3389, 62,1099,1207,  2560,  76, 208,   0,16480
10:58:09,1826, 184,3359, 62,1093,1194,  2565,  76, 208,   0,16500
10:58:19,1824, 185,3374, 62,1099,1207,  2570,  76, 208,   0,16520
10:58:29,1826, 186,3396, 62,1096,1201,  2570,  76, 208,   0,16540
10:58:39,1826, 185,3378, 62,1096,1201,  2575,  76, 208,   0,16560
10:58:49,1829, 185,3383, 62,1093,1194,  2580,  76, 208,   0,16580
10:58:59,1826, 184,3359, 62,1093,1194,  2580,  76, 208,   0,16600
10:59:09,1826, 185,3378, 62,1093,1194,  2585,  76, 208,   0,16620
10:59:19,1832, 185,3389, 62,1093,1194,  2590,  76, 208,   0,16640
10:59:29,1832, 185,3389, 62,1096,1201,  2590,  76, 208,   0,16660
10:59:39,1832, 185,3389, 62,1099,1207,  2595,  76, 208,   0,16680
10:59:49,1809, 191,3455, 62,1126,1267,  2600,  76, 208,   0,16700
10:59:59,1782, 195,3474, 62,1161,1347,  2605,  76, 208,   0,16718
11:00:09,1791, 193,3456, 62,1140,1299,  2605,  76, 208,   0,16733
11:00:19,1800, 193,3474, 62,1146,1313,  2610,  76, 208,   0,16753
11:00:29,1809, 191,3455, 62,1129,1274,  2615,  76, 208,   0,16771
11:00:39,1806, 191,3449, 62,1131,1279,  2615,  76, 208,   0,16783
11:00:49,1797, 193,3468, 62,1143,1306,  2620,  76, 208,   0,16797
11:00:59,1806, 192,3467, 62,1131,1279,  2625,  76, 208,   0,16813
11:01:09,1821, 188,3423, 62,1117,1247,  2630,  76, 208,   0,16832
11:01:19,1829, 186,3401, 62,1093,1194,  2630,  76, 208,   0,16851
11:01:29,1824, 188,3429, 62,1111,1234,  2635,  76, 208,   0,16869
11:01:39,1824, 188,3429, 62,1117,1247,  2640,  76, 208,   0,16889
11:01:49,1826, 186,3396, 62,1093,1194,  2640,  76, 208,   0,16909
11:01:59,1818, 188,3417, 62,1114,1240,  2645,  76, 208,   0,16927
11:02:09,1818, 188,3417, 62,1114,1240,  2650,  76, 208,   0,16946
11:02:19,1818, 188,3417, 62,1108,1227,  2650,  76, 208,   0,16965
11:02:29,1803, 191,3443, 62,1123,1261,  2655,  76, 208,   0,16983
11:02:39,1826, 186,3396, 62,1093,1194,  2660,  76, 208,   0,17000
11:02:49,1826, 186,3396, 62,1093,1194,  2660,  76, 208,   0,17020
11:02:59,1824, 186,3392, 62,1093,1194,  2665,  76, 208,   0,17040
11:03:09,1824, 186,3392, 62,1090,1188,  2670,  76, 208,   0,17060
11:03:19,1824, 185,3374, 62,1093,1194,  2670,  76, 208,   0,17080
11:03:29,1824, 186,3392, 62,1090,1188,  2675,  76, 208,   0,17100
11:03:39,1824, 186,3392, 62,1090,1188,  2680,  76, 208,   0,17117
11:03:49,1824, 186,3392, 62,1090,1188,  2680,  76, 208,   0,17136
11:03:59,1826, 186,3396, 62,1096,1201,  2685,  76, 208,   0,17156
11:04:09,1826, 186,3396, 62,1096,1201,  2690,  76, 208,   0,17176
11:04:19,1829, 186,3401, 62,1093,1194,  2690,  76, 208,   0,17196
11:04:29,1821, 189,3441, 62,1111,1234,  2695,  76, 208,   0,17216
11:04:39,1821, 188,3423, 62,1111,1234,  2700,  76, 208,   0,17236
11:04:49,1806, 191,3449, 62,1126,1267,  2700,  76, 208,   0,17256
11:04:59,1794, 193,3462, 62,1137,1292,  2705,  76, 208,   0,17274
11:05:09,1806, 191,3449, 62,1129,1274,  2710,  76, 208,   0,17293
11:05:19,1794, 193,3462, 62,1146,1313,  2715,  76, 208,   0,17305
11:05:29,1815, 188,3412, 62,1114,1240,  2715,  76, 208,   0,17323
11:05:39,1812, 188,3406, 62,1114,1240,  2720,  76, 208,   0,17342
11:05:49,1815, 188,3412, 62,1111,1234,  2725,  76, 208,   0,17362
11:05:59,1791, 193,3456, 62,1137,1292,  2725,  76, 208,   0,17382
11:06:09,1826, 186,3396, 62,1096,1201,  2730,  76, 208,   0,17396
11:06:19,1818, 188,3417, 62,1111,1234,  2735,  76, 208,   0,17410
11:06:29,1815, 189,3430, 62,1117,1247,  2735,  76, 208,   0,17426
11:06:39,1815, 189,3430, 62,1111,1234,  2740,  76, 208,   0,17440
11:06:49,1818, 188,3417, 62,1111,1234,  2745,  76, 208,   0,17454
11:06:59,1824, 188,3429, 62,1108,1227,  2745,  76, 208,   0,17465
11:07:09,1788, 192,3432, 62,1134,1285,  2750,  76, 208,   0,17483
11:07:20,1788, 193,3450, 62,1140,1299,  2755,  76, 208,   0,17496
11:07:30,1788, 193,3450, 62,1134,1285,  2760,  76, 208,   0,17514
11:07:40,1812, 188,3406, 62,1111,1234,  2760,  76, 208,   0,17531
11:07:50,1788, 193,3450, 62,1134,1285,  2765,  76, 208,   0,17548
11:08:00,1741, 201,3499, 62,1170,1368,  2770,  76, 208,   0,17567
11:08:10,1753, 198,3470, 62,1161,1347,  2770,  76, 208,   0,17583
11:08:20,1771, 196,3471, 62,1152,1327,  2775,  76, 208,   0,17602
11:08:30,1759, 198,3482, 62,1164,1354,  2780,  76, 208,   0,17617
11:08:40,1788, 193,3450, 62,1143,1306,  2785,  76, 208,   0,17631
11:08:50,1826, 185,3378, 62,1093,1194,  2785,  76, 208,   0,17646
11:09:00,1800, 191,3438, 62,1126,1267,  2790,  76, 208,   0,17663
11:09:10,1809, 188,3400, 62,1111,1234,  2795,  76, 208,   0,17680
11:09:20,1815, 188,3412, 62,1105,1221,  2795,  76, 208,   0,17693
11:09:30,1812, 188,3406, 62,1111,1234,  2800,  76, 208,   0,17708
11:09:40,1812, 187,3388, 62,1111,1234,  2805,  76, 208,   0,17723
11:09:50,1782, 192,3421, 62,1137,1292,  2805,  76, 208,   0,17742
11:10:00,1794, 190,3408, 62,1126,1267,  2810,  76, 208,   0,17761
11:10:10,1797, 190,3414, 62,1120,1254,  2815,  76, 208,   0,17781
11:10:20,1753, 198,3470, 62,1155,1334,  2820,  76, 208,   0,17800
11:10:30,1794, 191,3426, 62,1117,1247,  2820,  76, 208,   0,17817
11:10:40,1794, 190,3408, 62,1117,1247,  2825,  76, 208,   0,17834
11:10:50,1803, 188,3389, 62,1105,1221,  2830,  76, 208,   0,17849
11:11:00,1797, 192,3450, 62,1120,1254,  2830,  76, 208,   0,17868
11:11:10,1803, 188,3389, 62,1099,1207,  2835,  76, 208,   0,17883
11:11:20,1797, 189,3396, 62,1105,1221,  2840,  76, 208,   0,17901
11:11:30,1803, 188,3389, 62,1105,1221,  2840,  76, 208,   0,17910
11:11:40,1818, 185,3363, 62,1085,1177,  2845,  76, 208,   0,17926
11:11:50,1812, 186,3370, 62,1090,1188,  2850,  76, 208,   0,17942
11:12:00,1806, 189,3413, 62,1108,1227,  2850,  76, 208,   0,17959
11:12:10,1806, 188,3395, 62,1102,1214,  2855,  76, 208,   0,17975
11:12:20,1824, 185,3374, 62,1087,1181,  2860,  76, 208,   0,17991
11:12:30,1818, 186,3381, 62,1090,1188,  2860,  76, 208,   0,18009
11:12:40,1824, 186,3392, 62,1090,1188,  2865,  76, 208,   0,18027
11:12:50,1821, 185,3368, 62,1087,1181,  2870,  76, 208,   0,18047
11:13:00,1821, 185,3368, 62,1090,1188,  2870,  76, 208,   0,18066
11:13:10,1821, 185,3368, 62,1093,1194,  2875,  76, 208,   0,18084
11:13:20,1824, 186,3392, 62,1093,1194,  2880,  76, 208,   0,18102
11:13:30,1829, 186,3401, 62,1093,1194,  2880,  76, 208,   0,18121
11:13:40,1826, 185,3378, 62,1096,1201,  2885,  76, 208,   0,18140
11:13:50,1824, 186,3392, 62,1093,1194,  2890,  76, 208,   0,18160
11:14:00,1829, 185,3383, 62,1096,1201,  2890,  76, 208,   0,18179
11:14:10,1815, 189,3430, 62,1111,1234,  2895,  76, 208,   0,18198
11:14:20,1803, 191,3443, 62,1126,1267,  2900,  76, 208,   0,18218
11:14:30,1780, 197,3506, 62,1155,1334,  2900,  76, 208,   0,18237
11:14:40,1782, 194,3457, 62,1140,1299,  2905,  76, 208,   0,18251
11:14:50,1788, 193,3450, 62,1137,1292,  2910,  76, 208,   0,18271
11:15:00,1818, 189,3436, 62,1117,1247,  2915,  76, 208,   0,18290
11:15:10,1815, 188,3412, 62,1114,1240,  2915,  76, 208,   0,18302
11:15:20,1774, 196,3477, 62,1152,1327,  2920,  76, 208,   0,18321
11:15:30,1741, 200,3482, 62,1170,1368,  2925,  76, 208,   0,18338
11:15:40,1756, 198,3476, 62,1161,1347,  2930,  76, 208,   0,18357
11:15:50,1782, 193,3439, 62,1137,1292,  2930,  76, 208,   0,18372
11:16:00,1785, 193,3445, 62,1131,1279,  2935,  76, 208,   0,18392
11:16:10,1812, 188,3406, 62,1111,1234,  2940,  76, 208,   0,18407
11:16:20,1788, 193,3450, 62,1134,1285,  2940,  76, 208,   0,18421
11:16:30,1774, 196,3477, 62,1149,1320,  2945,  76, 208,   0,18440
11:16:40,1774, 195,3459, 62,1152,1327,  2950,  76, 208,   0,18458
11:16:50,1788, 193,3450, 62,1143,1306,  2955,  76, 208,   0,18477
11:17:00,1791, 193,3456, 62,1137,1292,  2955,  76, 208,   0,18497
11:17:10,1832, 185,3389, 62,1090,1188,  2960,  76, 208,   0,18511
11:17:20,1826, 186,3396, 62,1096,1201,  2965,  76, 208,   0,18527
11:17:30,1788, 193,3450, 62,1137,1292,  2965,  76, 208,   0,18546
11:17:40,1785, 193,3445, 62,1134,1285,  2970,  76, 208,   0,18565
11:17:50,1800, 190,3420, 62,1120,1254,  2975,  76, 208,   0,18582
11:18:00,1803, 191,3443, 62,1126,1267,  2975,  76, 208,   0,18599
11:18:10,1759, 199,3500, 62,1161,1347,  2980,  76, 208,   0,18619
11:18:20,1756, 199,3494, 62,1167,1361,  2985,  76, 208,   0,18639
11:18:30,1777, 196,3482, 62,1149,1320,  2990,  76, 208,   0,18654
11:18:40,1774, 195,3459, 62,1152,1327,  2990,  76, 208,   0,18672
11:18:50,1815, 188,3412, 62,1111,1234,  2995,  76, 208,   0,18690
11:19:00,1818, 188,3417, 62,1108,1227,  3000,  76, 208,   0,18704
11:19:10,1826, 186,3396, 62,1096,1201,  3000,  76, 208,   0,18717
11:19:20,1832, 186,3407, 62,1093,1194,  3005,  76, 208,   0,18732
11:19:30,1826, 186,3396, 62,1096,1201,  3010,  76, 208,   0,18750
11:19:40,1812, 188,3406, 62,1108,1227,  3010,  76, 208,   0,18767
11:19:50,1812, 188,3406, 62,1114,1240,  3015,  76, 208,   0,18778
11:20:00,1829, 185,3383, 62,1090,1188,  3020,  76, 208,   0,18789
11:20:11,1815, 188,3412, 62,1114,1240,  3020,  76, 208,   0,18802
11:20:21,1818, 188,3417, 62,1114,1240,  3025,  76, 208,   0,18820
11:20:31,1826, 185,3378, 62,1090,1188,  3030,  76, 208,   0,18833
11:20:41,1826, 185,3378, 62,1093,1194,  3030,  76, 208,   0,18850
11:20:51,1829, 186,3401, 62,1093,1194,  3035,  76, 208,   0,18868
11:21:01,1829, 185,3383, 62,1099,1207,  3040,  76, 208,   0,18882
11:21:11,1832, 186,3407, 62,1102,1214,  3045,  76, 208,   0,18899
11:21:21,1829, 185,3383, 62,1093,1194,  3045,  76, 208,   0,18917
11:21:31,1832, 185,3389, 62,1099,1207,  3050,  76, 208,   0,18936
11:21:41,1832, 185,3389, 62,1096,1201,  3055,  76, 208,   0,18955
11:21:51,1832, 186,3407, 62,1096,1201,  3055,  76, 208,   0,18975
11:22:01,1835, 185,3394, 62,1102,1214,  3060,  76, 208,   0,18994
11:22:11,1832, 185,3389, 62,1096,1201,  3065,  76, 208,   0,19013
11:22:21,1835, 186,3413, 62,1096,1201,  3065,  76, 208,   0,19033
11:22:31,1835, 185,3394, 62,1099,1207,  3070,  76, 208,   0,19053
11:22:41,1835, 186,3413, 62,1096,1201,  3075,  76, 208,   0,19073
11:22:51,1821, 188,3423, 62,1117,1247,  3075,  76, 208,   0,19093
11:23:01,1794, 193,3462, 62,1143,1306,  3080,  76, 208,   0,19112
11:23:11,1824, 188,3429, 62,1117,1247,  3085,  76, 208,   0,19130
11:23:21,1812, 191,3460, 62,1129,1274,  3085,  76, 208,   0,19150
11:23:31,1809, 191,3455, 62,1129,1274,  3090,  76, 208,   0,19170
11:23:41,1788, 193,3450, 62,1143,1306,  3095,  76, 208,   0,19185
11:23:51,1762, 198,3488, 62,1170,1368,  3095,  76, 208,   0,19202
11:24:01,1768, 199,3518, 62,1167,1361,  3100,  76, 208,   0,19220
11:24:11,1715, 206,3532, 62,1199,1437,  3105,  76, 208,   0,19240
11:24:21,1712, 205,3509, 62,1193,1423,  3110,  76, 208,   0,19259
11:24:31,1771, 198,3506, 62,1167,1361,  3115,  76, 208,   0,19277
11:24:41,1747, 201,3511, 62,1173,1375,  3115,  76, 208,   0,19296
11:24:51,1747, 200,3494, 62,1178,1387,  3120,  76, 208,   0,19316
11:25:01,1780, 195,3471, 62,1155,1334,  3125,  76, 208,   0,19331
11:25:11,1765, 199,3512, 62,1167,1361,  3130,  76, 208,   0,19350
11:25:21,1765, 198,3494, 62,1167,1361,  3130,  76, 208,   0,19370
11:25:31,1780, 195,3471, 62,1149,1320,  3135,  76, 208,   0,19387
11:25:41,1777, 195,3465, 62,1152,1327,  3140,  76, 208,   0,19405
11:25:51,1747, 201,3511, 62,1170,1368,  3145,  76, 208,   0,19425
11:26:01,1791, 193,3456, 62,1134,1285,  3145,  76, 208,   0,19441
11:26:11,1818, 187,3399, 62,1114,1240,  3150,  76, 208,   0,19456
11:26:21,1829, 184,3365, 62,1093,1194,  3155,  76, 208,   0,19466
11:26:31,1815, 187,3394, 62,1111,1234,  3155,  76, 208,   0,19479
11:26:41,1777, 196,3482, 62,1155,1334,  3160,  76, 208,   0,19498
11:26:51,1768, 196,3465, 62,1152,1327,  3165,  76, 208,   0,19514
11:27:01,1774, 195,3459, 62,1146,1313,  3170,  76, 208,   0,19531
11:27:11,1771, 195,3453, 62,1146,1313,  3170,  76, 208,   0,19549
11:27:21,1797, 190,3414, 62,1120,1254,  3175,  76, 208,   0,19565
11:27:31,1788, 192,3432, 62,1131,1279,  3180,  76, 208,   0,19584
11:27:41,1812, 187,3388, 62,1105,1221,  3180,  76, 208,   0,19601
11:27:51,1812, 187,3388, 62,1105,1221,  3185,  76, 208,   0,19619
11:28:01,1824, 184,3356, 62,1087,1181,  3190,  76, 208,   0,19634
11:28:11,1806, 188,3395, 62,1102,1214,  3190,  76, 208,   0,19650
11:28:21,1777, 192,3411, 62,1131,1279,  3195,  76, 208,   0,19666
11:28:31,1806, 186,3359, 62,1102,1214,  3200,  77, 208,   0,19684
11:28:41,1780, 192,3417, 62,1134,1285,  3205,  77, 208,   0,19701
11:28:51,1812, 187,3388, 62,1102,1214,  3205,  78, 208,   0,19717
11:29:01,1780, 192,3417, 62,1134,1285,  3210,  78, 208,   0,19733
11:29:11,1806, 187,3377, 62,1105,1221,  3215,  78, 208,   0,19748
11:29:21,1800, 186,3348, 62,1105,1221,  3215,  80, 208,   0,19763
11:29:31,1788, 189,3379, 62,1120,1254,  3220,  80, 208,   0,19783
11:29:41,1791, 189,3384, 62,1114,1240,  3225,  80, 208,   0,19798
11:29:51,1818, 184,3345, 62,1087,1181,  3225,  80, 208,   0,19815
11:30:01,1803, 186,3353, 62,1102,1214,  3230,  82, 208,   0,19828
11:30:11,1771, 192,3400, 62,1131,1279,  3235,  82, 208,   0,19845
11:30:21,1794, 186,3336, 62,1102,1214,  3235,  82, 208,   0,19860
11:30:31,1794, 186,3336, 62,1099,1207,  3240,  84, 208,   0,19877
11:30:41,1744, 190,3313, 62,1111,1234,  3245,  84, 208,   0,19892
11:30:51,1583, 188,2976, 62,1046,1094,  3245,  84, 208,   0,19911
11:31:01,1516, 184,2789, 62, 997, 994,  3250,  84, 208,   0,19931
11:31:11,1442, 179,2581, 62, 941, 885,  3250,  84, 208,   0,19951
11:31:21,1372, 174,2387, 62, 891, 793,  3255,  84, 208,   0,19971
11:31:42,1,0,0,0,0,0,0
11:32:07,1,0,0,0,0,0,0
11:32:33,1,0,0,0,0,0,0
11:32:58,1,0,0,0,0,0,0
11:33:25,1,0,0,0,0,0,0
11:33:50,1,0,0,0,0,0,0
11:34:16,1,0,0,0,0,0,0
11:34:41,1,0,0,0,0,0,0
11:35:07,1,0,0,0,0,0,0
11:35:32,1,0,0,0,0,0,0
11:35:58,1,0,0,0,0,0,0
11:36:23,1,0,0,0,0,0,0
11:36:49,1,0,0,0,0,0,0
11:37:14,1,0,0,0,0,0,0
11:37:40,1,0,0,0,0,0,0
11:38:05,1,0,0,0,0,0,0
11:38:15,1832, 143,2619, 62,1099,1207,  3260,  85, 213,   0,20135
11:38:25,1826, 143,2611, 62,1099,1207,  3265,  85, 213,   0,20150
11:38:35,1815, 145,2631, 62,1108,1227,  3270,  86, 213,   0,20165
11:38:45,1806, 147,2654, 62,1126,1267,  3270,  88, 213,   0,20182
11:38:55,1809, 147,2659, 62,1123,1261,  3275,  88, 213,   0,20200
11:39:05,1774, 152,2696, 62,1146,1313,  3280,  88, 213,   0,20218
11:39:15,1785, 149,2659, 62,1134,1285,  3285,  88, 213,   0,20237
11:39:25,1753, 155,2717, 62,1155,1334,  3285,  88, 213,   0,20255
11:39:35,1730, 157,2716, 62,1164,1354,  3290,  88, 213,   0,20274
11:39:45,1771, 152,2691, 62,1143,1306,  3295,  88, 213,   0,20292
11:39:55,1768, 152,2687, 62,1143,1306,  3300,  88, 213,   0,20311
11:40:05,1782, 149,2655, 62,1134,1285,  3300,  88, 213,   0,20330
11:40:15,1788, 146,2610, 62,1123,1261,  3305,  88, 213,   0,20347
11:40:25,1788, 146,2610, 62,1120,1254,  3310,  88, 213,   0,20367
11:40:35,1762, 150,2643, 62,1146,1313,  3310,  88, 213,   0,20387
11:40:45,1768, 149,2634, 62,1140,1299,  3315,  88, 213,   0,20405
11:40:55,1777, 146,2594, 62,1134,1285,  3320,  88, 213,   0,20422
11:41:05,1765, 149,2629, 62,1146,1313,  3325,  88, 213,   0,20442
11:41:15,1709, 155,2648, 62,1167,1361,  3325,  88, 213,   0,20462
11:41:25,1709, 155,2648, 62,1170,1368,  3330,  88, 213,   0,20478
11:41:35,1686, 157,2647, 62,1175,1380,  3335,  88, 213,   0,20494
11:41:45,1706, 155,2644, 62,1173,1375,  3340,  88, 213,   0,20510
11:41:55,1689, 157,2651, 62,1178,1387,  3340,  88, 213,   0,20528
11:42:05,1665, 159,2647, 62,1178,1387,  3345,  88, 213,   0,20540
11:42:15,1692, 157,2656, 62,1173,1375,  3350,  88, 213,   0,20554
11:42:25,1709, 155,2648, 62,1170,1368,  3355,  88, 213,   0,20572
11:42:35,1741, 151,2628, 62,1158,1340,  3355,  88, 213,   0,20589
11:42:45,1762, 148,2607, 62,1146,1313,  3360,  88, 213,   0,20608
11:42:55,1774, 146,2590, 62,1131,1279,  3365,  88, 213,   0,20623
11:43:05,1780, 146,2598, 62,1129,1274,  3370,  88, 213,   0,20635
11:43:15,1777, 146,2594, 62,1134,1285,  3370,  88, 213,   0,20648
11:43:25,1782, 146,2601, 62,1134,1285,  3375,  88, 213,   0,20660
11:43:35,1777, 146,2594, 62,1129,1274,  3380,  88, 213,   0,20673
11:43:45,1780, 146,2598, 62,1131,1279,  3380,  88, 213,   0,20685
11:43:55,1780, 145,2581, 62,1129,1274,  3385,  88, 213,   0,20697
11:44:05,1765, 148,2612, 62,1140,1299,  3390,  88, 213,   0,20713
11:44:15,1774, 146,2590, 62,1126,1267,  3390,  88, 213,   0,20729
11:44:25,1762, 148,2607, 62,1137,1292,  3395,  88, 213,   0,20747
11:44:35,1756, 148,2598, 62,1140,1299,  3400,  88, 213,   0,20767
11:44:45,1771, 145,2567, 62,1131,1279,  3405,  88, 213,   0,20782
11:44:55,1777, 145,2576, 62,1123,1261,  3405,  88, 213,   0,20800
11:45:05,1771, 145,2567, 62,1129,1274,  3410,  88, 213,   0,20814
11:45:15,1768, 145,2563, 62,1126,1267,  3415,  88, 213,   0,20828
11:45:25,1753, 147,2576, 62,1134,1285,  3415,  88, 213,   0,20844
11:45:35,1768, 145,2563, 62,1123,1261,  3420,  88, 213,   0,20861
11:45:45,1756, 147,2581, 62,1131,1279,  3425,  88, 213,   0,20879
11:45:55,1768, 145,2563, 62,1120,1254,  3430,  88, 213,   0,20899
11:46:05,1768, 145,2563, 62,1126,1267,  3430,  88, 213,   0,20918
11:46:16,1756, 147,2581, 62,1137,1292,  3435,  88, 213,   0,20935
11:46:26,1771, 145,2567, 62,1123,1261,  3440,  88, 213,   0,20955
11:46:36,1750, 148,2590, 62,1134,1285,  3440,  88, 213,   0,20974
11:46:46,1730, 150,2595, 62,1149,1320,  3445,  88, 213,   0,20992
11:46:56,1736, 150,2604, 62,1149,1320,  3450,  88, 213,   0,21012
11:47:05,1736, 150,2604, 62,1143,1306,  3455,  88, 213,   0,21029
11:47:15,1780, 142,2527, 62,1111,1234,  3455,  88, 213,   0,21047
11:47:25,1768, 144,2545, 62,1126,1267,  3460,  89, 213,   0,21062
11:47:35,1768, 145,2563, 62,1123,1261,  3465,  90, 213,   0,21076
11:47:45,1762, 144,2537, 62,1123,1261,  3465,  91, 213,   0,21092
11:47:55,1733, 149,2582, 62,1143,1306,  3470,  92, 213,   0,21110
11:48:05,1750, 147,2572, 62,1140,1299,  3475,  92, 213,   0,21130
11:48:15,1753, 147,2576, 62,1137,1292,  3475,  92, 213,   0,21150
11:48:25,1753, 147,2576, 62,1140,1299,  3480,  92, 213,   0,21169
11:48:35,1736, 149,2586, 62,1143,1306,  3485,  92, 213,   0,21186
11:48:45,1739, 149,2591, 62,1143,1306,  3490,  92, 213,   0,21204
11:48:55,1759, 147,2585, 62,1137,1292,  3490,  92, 213,   0,21221
11:49:05,1753, 147,2576, 62,1140,1299,  3495,  92, 213,   0,21240
11:49:15,1750, 147,2572, 62,1143,1306,  3500,  92, 213,   0,21258
11:49:25,1756, 147,2581, 62,1140,1299,  3505,  92, 213,   0,21277
11:49:35,1753, 147,2576, 62,1137,1292,  3505,  92, 213,   0,21296
11:49:45,1721, 152,2615, 62,1158,1340,  3510,  92, 213,   0,21316
11:49:55,1736, 149,2586, 62,1152,1327,  3515,  92, 213,   0,21335
11:50:05,1753, 146,2559, 62,1131,1279,  3515,  92, 213,   0,21348
11:50:15,1768, 144,2545, 62,1126,1267,  3520,  92, 213,   0,21368
11:50:25,1765, 144,2541, 62,1129,1274,  3525,  92, 213,   0,21388
11:50:35,1750, 147,2572, 62,1140,1299,  3530,  92, 213,   0,21407
11:50:45,1753, 147,2576, 62,1140,1299,  3530,  92, 213,   0,21426
11:50:55,1759, 147,2585, 62,1134,1285,  3535,  92, 213,   0,21446
11:51:05,1771, 144,2550, 62,1126,1267,  3540,  92, 213,   0,21464
11:51:15,1768, 145,2563, 62,1129,1274,  3540,  92, 213,   0,21483
11:51:25,1756, 146,2563, 62,1134,1285,  3545,  92, 213,   0,21501
11:51:35,1733, 149,2582, 62,1143,1306,  3550,  92, 213,   0,21519
11:51:45,1750, 146,2555, 62,1137,1292,  3555,  92, 213,   0,21535
11:51:55,1750, 146,2555, 62,1137,1292,  3555,  92, 213,   0,21554
11:52:05,1733, 149,2582, 62,1140,1299,  3560,  92, 213,   0,21572
11:52:15,1736, 149,2586, 62,1143,1306,  3565,  93, 213,   0,21590
11:52:25,1709, 151,2580, 62,1155,1334,  3565,  93, 213,   0,21606
11:52:35,1768, 144,2545, 62,1117,1247,  3570,  93, 213,   0,21623
11:52:45,1747, 146,2550, 62,1131,1279,  3575,  93, 213,   0,21641
11:52:55,1750, 146,2555, 62,1129,1274,  3580,  93, 213,   0,21660
11:53:05,1744, 146,2546, 62,1129,1274,  3580,  93, 213,   0,21676
11:53:15,1759, 144,2532, 62,1123,1261,  3585,  93, 213,   0,21695
11:53:25,1759, 144,2532, 62,1123,1261,  3590,  93, 213,   0,21713
11:53:35,1747, 146,2550, 62,1131,1279,  3590,  93, 213,   0,21730
11:53:45,1765, 144,2541, 62,1117,1247,  3595,  93, 213,   0,21748
11:53:55,1744, 146,2546, 62,1126,1267,  3600,  93, 213,   0,21765
11:54:05,1753, 144,2524, 62,1117,1247,  3605,  93, 213,   0,21784
11:54:15,1724, 146,2517, 62,1120,1254,  3605,  93, 213,   0,21801
11:54:25,1715, 146,2503, 62,1111,1234,  3610,  93, 213,   0,21816
11:54:35,1680, 146,2452, 62,1105,1221,  3615,  94, 213,   0,21835
11:54:45,1695, 144,2440, 62,1093,1194,  3615,  94, 213,   0,21848
11:54:55,1662, 149,2476, 62,1120,1254,  3620,  94, 213,   0,21866
11:55:05,1703, 145,2469, 62,1102,1214,  3625,  94, 213,   0,21886
11:55:15,1703, 145,2469, 62,1099,1207,  3625,  94, 213,   0,21904
11:55:25,1680, 146,2452, 62,1111,1234,  3630,  94, 213,   0,21918
11:55:35,1665, 146,2430, 62,1099,1207,  3635,  94, 213,   0,21934
11:55:45,1639, 144,2360, 62,1082,1170,  3635,  94, 213,   0,21950
11:55:54,1589, 147,2335, 62,1082,1170,  3640,  94, 213,   0,21965
11:56:04,1577, 147,2318, 62,1073,1151,  3645,  94, 213,   0,21977
11:56:14,1612, 146,2353, 62,1082,1170,  3645,  94, 213,   0,21991
11:56:24,1612, 146,2353, 62,1085,1177,  3650,  94, 213,   0,22008
11:56:34,1653, 145,2396, 62,1087,1181,  3655,  94, 213,   0,22024
11:56:44,1607, 145,2330, 62,1076,1157,  3655,  94, 213,   0,22041
11:56:54,1560, 145,2262, 62,1061,1125,  3660,  94, 213,   0,22059
11:57:04,1615, 146,2357, 62,1085,1177,  3660,  94, 213,   0,22078
11:57:14,1639, 147,2409, 62,1096,1201,  3665,  94, 213,   0,22095
11:57:24,1671, 146,2439, 62,1102,1214,  3670,  94, 213,   0,22113
11:57:34,1627, 147,2391, 62,1096,1201,  3670,  94, 213,   0,22132
11:57:44,1492, 147,2193, 62,1049,1100,  3675,  94, 213,   0,22150
11:57:54,1586, 147,2331, 62,1082,1170,  3680,  94, 213,   0,22167
11:58:04,1659, 145,2405, 62,1090,1188,  3680,  94, 213,   0,22182
11:58:14,1665, 145,2414, 62,1096,1201,  3685,  94, 213,   0,22199
11:58:24,1639, 147,2409, 62,1096,1201,  3690,  94, 213,   0,22216
11:58:34,1662, 146,2426, 62,1093,1194,  3690,  94, 213,   0,22231
11:58:44,1671, 146,2439, 62,1105,1221,  3695,  94, 213,   0,22249
11:58:54,1665, 149,2480, 62,1123,1261,  3700,  94, 213,   0,22266
11:59:05,1633, 150,2449, 62,1123,1261,  3700,  94, 213,   0,22281
11:59:15,1692, 147,2487, 62,1120,1254,  3705,  94, 213,   0,22296
11:59:25,1700, 144,2448, 62,1105,1221,  3710,  94, 213,   0,22314
11:59:35,1668, 146,2435, 62,1093,1194,  3710,  94, 213,   0,22331
11:59:45,1630, 147,2396, 62,1102,1214,  3715,  94, 213,   0,22345
11:59:55,1668, 146,2435, 62,1099,1207,  3720,  94, 213,   0,22363
12:00:05,1665, 146,2430, 62,1096,1201,  3720,  94, 213,   0,22377
12:00:15,1659, 146,2422, 62,1096,1201,  3725,  94, 213,   0,22391
12:00:25,1680, 143,2402, 62,1082,1170,  3730,  94, 213,   0,22404
12:00:35,1645, 144,2368, 62,1087,1181,  3730,  94, 213,   0,22419
12:00:45,1674, 143,2393, 62,1082,1170,  3735,  94, 213,   0,22436
12:00:55,1598, 145,2317, 62,1070,1144,  3740,  96, 213,   0,22454
12:01:05,1607, 145,2330, 62,1076,1157,  3740,  96, 213,   0,22473
12:01:15,1651, 145,2393, 62,1093,1194,  3745,  96, 213,   0,22491
12:01:25,1656, 145,2401, 62,1087,1181,  3750,  97, 213,   0,22507
12:01:35,1565, 146,2284, 62,1070,1144,  3750,  97, 213,   0,22526
12:01:45,1624, 146,2371, 62,1087,1181,  3755,  97, 213,   0,22545
12:01:55,1683, 146,2457, 62,1105,1221,  3760,  97, 213,   0,22563
12:02:05,1615, 148,2390, 62,1102,1214,  3760,  97, 213,   0,22583
12:02:15,1662, 149,2476, 62,1117,1247,  3765,  97, 213,   0,22603
12:02:25,1542, 147,2266, 62,1064,1132,  3770,  97, 213,   0,22621
12:02:35,1645, 147,2418, 62,1105,1221,  3770,  97, 213,   0,22640
12:02:45,1656, 148,2450, 62,1105,1221,  3775,  97, 213,   0,22655
12:02:55,1680, 146,2452, 62,1108,1227,  3780,  97, 213,   0,22671
12:03:05,1636, 147,2404, 62,1102,1214,  3780,  97, 213,   0,22687
12:03:15,1665, 146,2430, 62,1096,1201,  3785,  97, 213,   0,22702
12:03:25,1627, 146,2375, 62,1090,1188,  3790,  97, 213,   0,22718
12:03:35,1668, 146,2435, 62,1093,1194,  3790,  97, 213,   0,22733
12:03:45,1668, 146,2435, 62,1093,1194,  3795,  97, 213,   0,22748
12:03:55,1668, 146,2435, 62,1096,1201,  3800,  97, 213,   0,22766
12:04:05,1665, 146,2430, 62,1102,1214,  3800,  97, 213,   0,22780
12:04:15,1671, 146,2439, 62,1099,1207,  3805,  97, 213,   0,22798
12:04:25,1668, 146,2435, 62,1099,1207,  3810,  97, 213,   0,22813
12:04:35,1671, 146,2439, 62,1102,1214,  3810,  97, 213,   0,22827
12:04:44,1677, 146,2448, 62,1102,1214,  3815,  98, 213,   0,22845
12:04:54,1674, 146,2444, 62,1099,1207,  3820,  98, 213,   0,22860
12:05:04,1648, 148,2439, 62,1114,1240,  3820,  98, 213,   0,22879
12:05:14,1709, 145,2478, 62,1099,1207,  3825,  98, 213,   0,22893
12:05:24,1730, 143,2473, 62,1096,1201,  3830,  98, 213,   0,22908
12:05:34,1697, 148,2511, 62,1123,1261,  3830,  98, 213,   0,22927
12:05:44,1730, 146,2525, 62,1123,1261,  3835,  98, 213,   0,22943
12:05:54,1736, 146,2534, 62,1120,1254,  3840,  98, 213,   0,22962
12:06:04,1744, 143,2493, 62,1111,1234,  3845,  98, 213,   0,22981
12:06:14,1706, 148,2524, 62,1129,1274,  3845,  98, 213,   0,23000
12:06:24,1718, 148,2542, 62,1129,1274,  3850,  98, 213,   0,23017
12:06:34,1715, 148,2538, 62,1134,1285,  3855,  98, 213,   0,23033
12:06:44,1695, 150,2542, 62,1143,1306,  3855,  98, 213,   0,23050
12:06:54,1692, 150,2538, 62,1134,1285,  3860,  98, 213,   0,23070
12:07:04,1671, 149,2489, 62,1126,1267,  3865,  98, 213,   0,23084
12:07:14,1645, 147,2418, 62,1099,1207,  3865,  98, 213,   0,23102
12:07:24,1668, 146,2435, 62,1096,1201,  3870,  98, 213,   0,23114
12:07:34,1671, 146,2439, 62,1099,1207,  3875,  98, 213,   0,23127
12:07:44,1680, 146,2452, 62,1111,1234,  3880,  98, 213,   0,23146
12:07:54,1683, 146,2457, 62,1111,1234,  3880,  98, 213,   0,23163
12:08:04,1683, 146,2457, 62,1111,1234,  3885,  98, 213,   0,23177
12:08:14,1683, 149,2507, 62,1134,1285,  3890,  98, 213,   0,23195
12:08:24,1712, 148,2533, 62,1126,1267,  3890,  98, 213,   0,23210
12:08:34,1724, 145,2499, 62,1123,1261,  3895,  98, 213,   0,23229
12:08:44,1692, 150,2538, 62,1137,1292,  3900,  98, 213,   0,23249
12:08:54,1715, 148,2538, 62,1134,1285,  3900,  98, 213,   0,23260
12:09:04,1709, 148,2529, 62,1134,1285,  3905,  98, 213,   0,23277
12:09:14,1668, 152,2535, 62,1140,1299,  3910,  98, 213,   0,23296
12:09:24,1671, 152,2539, 62,1146,1313,  3915,  98, 213,   0,23311
12:09:34,1709, 148,2529, 62,1129,1274,  3915,  98, 213,   0,23324
12:09:44,1712, 147,2516, 62,1129,1274,  3920,  98, 213,   0,23341
12:09:54,1692, 150,2538, 62,1131,1279,  3925,  98, 213,   0,23359
12:10:04,1686, 149,2512, 62,1131,1279,  3925,  98, 213,   0,23373
12:10:14,1703, 147,2503, 62,1129,1274,  3930,  98, 213,   0,23393
12:10:24,1715, 144,2469, 62,1114,1240,  3935,  98, 213,   0,23411
12:10:34,1695, 146,2474, 62,1117,1247,  3940,  98, 213,   0,23430
12:10:44,1665, 148,2464, 62,1120,1254,  3940,  98, 213,   0,23447
12:10:54,1665, 148,2464, 62,1120,1254,  3945,  98, 213,   0,23464
12:11:04,1692, 147,2487, 62,1120,1254,  3950,  98, 213,   0,23479
12:11:14,1718, 144,2473, 62,1105,1221,  3950,  98, 213,   0,23491
12:11:24,1709, 144,2460, 62,1105,1221,  3955,  98, 213,   0,23509
12:11:34,1703, 144,2452, 62,1102,1214,  3960,  98, 213,   0,23525
12:11:44,1683, 146,2457, 62,1111,1234,  3960,  98, 213,   0,23539
12:11:54,1665, 148,2464, 62,1117,1247,  3965,  98, 213,   0,23557
12:12:05,1665, 148,2464, 62,1123,1261,  3970,  98, 213,   0,23570
12:12:15,1642, 150,2463, 62,1123,1261,  3970,  98, 213,   0,23585
12:12:25,1712, 145,2482, 62,1111,1234,  3975,  98, 213,   0,23598
12:12:35,1706, 147,2507, 62,1123,1261,  3980,  99, 213,   0,23615
12:12:45,1662, 151,2509, 62,1131,1279,  3985,  99, 213,   0,23635
12:12:55,1662, 152,2526, 62,1131,1279,  3985,  99, 213,   0,23647
12:13:05,1665, 151,2514, 62,1134,1285,  3990,  99, 213,   0,23663
12:13:15,1686, 149,2512, 62,1134,1285,  3995,  99, 213,   0,23680
12:13:24,1706, 147,2507, 62,1123,1261,  3995,  99, 213,   0,23692
12:13:34,1703, 147,2503, 62,1120,1254,  4000,  99, 213,   0,23709
12:13:44,1724, 145,2499, 62,1114,1240,  4005,  99, 213,   0,23724
12:13:54,1706, 147,2507, 62,1123,1261,  4005,  99, 213,   0,23740
12:14:04,1724, 145,2499, 62,1114,1240,  4010,  99, 213,   0,23757
12:14:14,1721, 145,2495, 62,1117,1247,  4015,  99, 213,   0,23777
12:14:24,1695, 147,2491, 62,1123,1261,  4015,  99, 213,   0,23792
12:14:34,1718, 144,2473, 62,1108,1227,  4020, 101, 213,   0,23808
12:14:44,1712, 144,2465, 62,1111,1234,  4025, 104, 213,   0,23822
12:14:54,1692, 146,2470, 62,1117,1247,  4030, 106, 213,   0,23838
12:15:04,1692, 146,2470, 62,1114,1240,  4030, 106, 213,   0,23858
12:15:14,1683, 146,2457, 62,1117,1247,  4035, 106, 213,   0,23870
12:15:24,1642, 150,2463, 62,1117,1247,  4040, 106, 213,   0,23887
12:15:34,1665, 148,2464, 62,1117,1247,  4040, 106, 213,   0,23903
12:15:44,1689, 146,2465, 62,1114,1240,  4045, 106, 213,   0,23921
12:15:54,1668, 148,2468, 62,1117,1247,  4050, 106, 213,   0,23941
12:16:04,1662, 148,2459, 62,1117,1247,  4050, 106, 213,   0,23957
12:16:14,1656, 148,2450, 62,1117,1247,  4055, 106, 213,   0,23974
12:16:24,1633, 149,2433, 62,1108,1227,  4060, 106, 213,   0,23991
12:16:34,1648, 147,2422, 62,1114,1240,  4060, 106, 213,   0,24008
12:16:44,1642, 147,2413, 62,1105,1221,  4065, 106, 213,   0,24025
12:16:54,1612, 148,2385, 62,1105,1221,  4070, 106, 213,   0,24044
12:17:04,1615, 148,2390, 62,1108,1227,  4070, 106, 213,   0,24059
12:17:14,1665, 145,2414, 62,1102,1214,  4075, 106, 213,   0,24073
12:17:24,1671, 145,2422, 62,1096,1201,  4080, 106, 213,   0,24093
12:17:34,1671, 145,2422, 62,1096,1201,  4080, 106, 213,   0,24112
12:17:44,1671, 145,2422, 62,1099,1207,  4085, 106, 213,   0,24128
12:17:54,1703, 143,2435, 62,1096,1201,  4090, 106, 213,   0,24146
12:18:04,1671, 145,2422, 62,1105,1221,  4090, 106, 213,   0,24162
12:18:14,1642, 146,2397, 62,1105,1221,  4095, 106, 213,   0,24181
12:18:24,1633, 146,2384, 62,1096,1201,  4100, 107, 213,   0,24195
12:18:34,1513, 144,2178, 62,1052,1106,  4100, 107, 213,   0,24213
12:18:44,1431, 142,2032, 62,1005,1010,  4105, 108, 213,   0,24232
12:18:54,1387, 138,1914, 62, 976, 952,  4110, 108, 213,   0,24252
12:19:04,1346, 135,1817, 62, 941, 885,  4110, 108, 213,   0,24272
12:19:14,1299, 133,1727, 62, 914, 835,  4115, 108, 213,   0,24292
12:19:40,1,0,0,0,0,0,0
12:19:50,1589, 123,1954, 62, 923, 851,  4115, 110, 213,   0,24324
12:20:00,1542, 121,1865, 62, 894, 799,  4120, 110, 213,   0,24344
12:20:27,1,0,0,0,0,0,0

