time,VIn,AIn,PIn,PWM,VOut,POut,EnProd,CNT1,CNT2,CNT3,CNT4
10:47:30,0,0,0,0,0,0,0
10:47:30,1,0,0,0,0,0,0
10:47:37,1932, 105,2028, 56,1061,1125,     0,   0,   5,   0,  11
10:47:47,1929, 105,2025, 56,1064,1132,     5,   0,   8,   0,  28
10:47:57,1932, 102,1970, 56,1038,1077,     5,   0,  10,   0,  46
10:48:07,1923, 105,2019, 56,1055,1113,    10,   0,  17,   0,  59
10:48:17,1923, 101,1942, 55,1035,1071,    10,   0,  20,   0,  76
10:48:27,1938,  98,1899, 55,1020,1040,    15,   0,  23,   0,  92
10:48:37,1929,  98,1890, 55,1020,1040,    15,   0,  27,   0, 108
10:48:47,1932,  98,1893, 55,1017,1034,    20,   0,  36,   0, 119
10:48:57,1926,  98,1887, 53,1014,1028,    25,   0,  38,   0, 137
10:49:07,1929,  98,1890, 53,1014,1028,    25,   0,  43,   0, 152
10:49:18,1932,  95,1835, 53, 997, 994,    30,   0,  47,   0, 168
10:49:28,1935,  96,1857, 53, 994, 988,    30,   0,  56,   0, 179
10:49:38,1929,  95,1832, 52, 991, 982,    35,   0,  58,   0, 197
10:49:48,1929,  95,1832, 52, 991, 982,    35,   0,  61,   0, 214
10:49:58,1923,  95,1826, 52, 991, 982,    40,   0,  64,   0, 231
10:50:08,1926,  92,1771, 52, 967, 935,    40,   0,  67,   0, 248
10:50:18,1929,  92,1774, 51, 967, 935,    45,   0,  75,   0, 260
10:50:28,1935,  89,1722, 51, 944, 891,    50,   0,  78,   0, 277
10:50:38,1932,  89,1719, 51, 944, 891,    50,   0,  81,   0, 294
10:50:48,1935,  89,1722, 51, 947, 896,    50,   0,  83,   0, 312
10:50:58,1935,  89,1722, 50, 947, 896,    55,   0,  88,   0, 327
10:51:08,1935,  86,1664, 50, 920, 846,    55,   0,  91,   0, 344
10:51:18,1938,  87,1686, 50, 923, 851,    60,   0,  94,   0, 361
10:51:28,1935,  87,1683, 50, 920, 846,    60,   0,  97,   0, 378
10:51:38,1935,  86,1664, 50, 917, 840,    65,   0, 102,   0, 393
10:51:48,1932,  87,1680, 49, 917, 840,    65,   0, 104,   0, 411
10:51:58,1926,  87,1675, 49, 923, 851,    70,   0, 109,   0, 426
10:52:08,1929,  86,1658, 49, 920, 846,    70,   0, 109,   0, 446
10:52:18,1926,  87,1675, 49, 920, 846,    75,   0, 109,   0, 466
10:52:28,1926,  86,1656, 49, 920, 846,    75,   0, 109,   0, 486
10:52:38,1923,  86,1653, 49, 914, 835,    80,   0, 109,   0, 506
10:52:48,1923,  85,1634, 49, 914, 835,    80,   0, 109,   0, 526
10:52:58,1920,  85,1632, 49, 914, 835,    85,   0, 109,   0, 546
10:53:08,1917,  85,1629, 49, 912, 831,    85,   0, 109,   0, 566
10:53:18,1917,  85,1629, 49, 914, 835,    90,   0, 109,   0, 586
10:53:28,1920,  85,1632, 49, 914, 835,    90,   0, 109,   0, 606
10:53:38,1917,  85,1629, 49, 914, 835,    90,   0, 109,   0, 626
10:53:48,1914,  84,1607, 49, 912, 831,    95,   0, 109,   0, 646
10:53:58,1912,  84,1606, 49, 909, 826,    95,   0, 109,   0, 666
10:54:08,1917,  84,1610, 49, 914, 835,   100,   0, 109,   0, 686
10:54:18,1906,  84,1601, 49, 909, 826,   100,   0, 109,   0, 706
10:54:28,1909,  83,1584, 50, 906, 820,   105,   0, 111,   0, 724
10:54:38,1897,  86,1631, 50, 926, 857,   105,   0, 116,   0, 739
10:54:48,1912,  84,1606, 50, 912, 831,   110,   0, 120,   0, 755
10:54:58,1906,  84,1601, 50, 906, 820,   110,   0, 124,   0, 771
10:55:08,1903,  83,1579, 49, 906, 820,   115,   0, 130,   0, 785
10:55:18,1909,  84,1603, 50, 909, 826,   115,   0, 136,   0, 799
10:55:28,1912,  84,1606, 50, 912, 831,   120,   0, 139,   0, 816
10:55:38,1909,  83,1584, 50, 909, 826,   120,   0, 142,   0, 833
10:55:48,1909,  83,1584, 50, 909, 826,   120,   0, 146,   0, 849
10:55:58,1909,  83,1584, 50, 906, 820,   125,   0, 150,   0, 865
10:56:08,1909,  83,1584, 50, 906, 820,   125,   0, 153,   0, 882
10:56:18,1906,  82,1562, 50, 906, 820,   130,   0, 158,   0, 897
10:56:28,1909,  83,1584, 50, 909, 826,   130,   0, 163,   0, 912
10:56:38,1906,  82,1562, 50, 906, 820,   135,   0, 171,   0, 924
10:56:48,1909,  83,1584, 50, 912, 831,   135,   0, 175,   0, 940
10:56:58,1906,  82,1562, 49, 906, 820,   140,   0, 181,   0, 954
10:57:08,1891,  87,1645, 51, 944, 891,   140,   0, 182,   0, 972
10:57:18,1891,  87,1645, 51, 947, 896,   145,   0, 182,   0, 989
10:57:28,1903,  84,1598, 51, 932, 868,   145,   3, 182,   0,1006
10:57:38,1894,  83,1572, 50, 926, 857,   150,   3, 182,   0,1026
10:57:48,1885,  86,1621, 52, 944, 891,   150,   3, 182,   0,1046
10:57:58,1900,  83,1577, 50, 926, 857,   155,   3, 182,   0,1066
10:58:08,1885,  86,1621, 51, 941, 885,   155,   3, 182,   0,1084
10:58:18,1891,  83,1569, 51, 926, 857,   160,   3, 182,   0,1104
10:58:28,1894,  83,1572, 50, 923, 851,   160,   3, 182,   0,1123
10:58:38,1885,  85,1602, 52, 944, 891,   165,   3, 182,   0,1143
10:58:48,1894,  83,1572, 50, 926, 857,   165,   3, 182,   0,1163
10:58:58,1870,  89,1664, 52, 964, 929,   165,   3, 182,   0,1182
10:59:08,1888,  83,1567, 51, 926, 857,   170,   3, 182,   0,1202
10:59:18,1882,  86,1618, 52, 947, 896,   170,   3, 182,   0,1217
10:59:28,1894,  83,1572, 51, 926, 857,   175,   3, 182,   0,1237
10:59:38,1882,  85,1599, 51, 941, 885,   175,   3, 182,   0,1253
10:59:48,1882,  85,1599, 52, 947, 896,   180,   3, 182,   0,1273
10:59:58,1876,  85,1594, 52, 938, 879,   180,   3, 182,   0,1293
11:00:08,1885,  85,1602, 52, 944, 891,   185,   3, 182,   0,1312
11:00:18,1870,  87,1626, 53, 958, 917,   185,   3, 182,   0,1331
11:00:28,1879,  85,1597, 51, 941, 885,   190,   3, 182,   0,1350
11:00:38,1882,  85,1599, 52, 947, 896,   190,   3, 182,   0,1370
11:00:48,1891,  83,1569, 51, 923, 851,   195,   3, 182,   0,1389
11:00:58,1856,  90,1670, 54, 976, 952,   195,   3, 182,   0,1408
11:01:08,1841,  95,1748, 56,1017,1034,   200,   3, 182,   0,1427
11:01:18,1838,  95,1746, 57,1011,1022,   205,   3, 182,   0,1447
11:01:28,1853,  92,1704, 55, 997, 994,   205,   3, 182,   0,1465
11:01:39,1876,  84,1575, 51, 941, 885,   210,   3, 182,   0,1481
11:01:49,1868,  87,1625, 53, 958, 917,   210,   3, 182,   0,1501
11:01:59,1882,  81,1524, 51, 917, 840,   215,   3, 182,   0,1520
11:02:09,1868,  87,1625, 53, 961, 923,   215,   3, 182,   0,1539
11:02:19,1876,  84,1575, 52, 941, 885,   220,   3, 182,   0,1559
11:02:29,1853,  91,1686, 55, 994, 988,   220,   3, 182,   0,1577
11:02:39,1847,  91,1680, 56, 994, 988,   225,   3, 182,   0,1596
11:02:49,1841,  94,1730, 56,1014,1028,   225,   3, 182,   0,1615
11:02:59,1870,  86,1608, 52, 958, 917,   230,   3, 182,   0,1634
11:03:09,1868,  86,1606, 53, 956, 913,   230,   3, 182,   0,1654
11:03:19,1879,  81,1521, 51, 917, 840,   235,   3, 182,   0,1673
11:03:29,1862,  86,1601, 53, 956, 913,   235,   3, 182,   0,1692
11:03:39,1876,  84,1575, 51, 941, 885,   240,   3, 182,   0,1712
11:03:49,1865,  86,1603, 53, 956, 913,   240,   3, 182,   0,1731
11:03:59,1868,  87,1625, 53, 961, 923,   245,   3, 182,   0,1751
11:04:09,1882,  81,1524, 51, 917, 840,   245,   3, 182,   0,1771
11:04:19,1865,  86,1603, 53, 956, 913,   250,   3, 182,   0,1790
11:04:29,1865,  85,1585, 53, 956, 913,   250,   3, 182,   0,1810
11:04:39,1879,  83,1559, 51, 944, 891,   255,   3, 182,   0,1829
11:04:49,1844,  91,1678, 55, 991, 982,   255,   3, 182,   0,1849
11:04:59,1862,  88,1638, 54, 979, 958,   260,   3, 182,   0,1867
11:05:09,1838,  93,1709, 57,1008,1016,   260,   3, 182,   0,1884
11:05:19,1829,  96,1755, 57,1029,1058,   265,   3, 182,   0,1903
11:05:29,1806, 101,1824, 60,1061,1125,   270,   3, 182,   0,1922
11:05:39,1821,  98,1784, 60,1046,1094,   270,   3, 182,   0,1940
11:05:49,1821,  98,1784, 60,1046,1094,   275,   3, 182,   0,1960
11:05:59,1806, 101,1824, 60,1061,1125,   275,   3, 182,   0,1980
11:06:09,1818,  98,1781, 59,1046,1094,   280,   3, 182,   0,1999
11:06:19,1806, 101,1824, 60,1061,1125,   285,   3, 182,   0,2018
11:06:29,1797, 104,1868, 61,1079,1164,   285,   3, 182,   0,2037
11:06:39,1821,  98,1784, 59,1049,1100,   290,   3, 182,   0,2053
11:06:49,1847,  90,1662, 55, 994, 988,   290,   3, 182,   0,2069
11:06:59,1841,  93,1712, 57,1014,1028,   295,   3, 182,   0,2088
11:07:09,1841,  93,1712, 57,1014,1028,   300,   3, 182,   0,2107
11:07:19,1838,  93,1709, 57,1011,1022,   300,   3, 182,   0,2127
11:07:29,1844,  90,1659, 55, 991, 982,   305,   3, 182,   0,2145
11:07:39,1,0,0,0,0,0,0
11:07:46,1,0,0,0,0,0,0
11:07:50,1,0,0,0,0,0,0
11:07:50,2020,  43, 868, 55,   0,   0,   310,   4, 188,   0,2171
11:08:00,1806, 115,2076, 61,1061,1125,   310,   4, 195,   0,2183
11:08:10,1803, 114,2055, 61,1055,1113,   315,   4, 200,   0,2198
11:08:20,1791, 118,2113, 62,1076,1157,   320,   4, 205,   0,2213
11:08:30,1794, 118,2116, 62,1073,1151,   320,   4, 205,   0,2230
11:08:40,1794, 118,2116, 62,1079,1164,   325,   4, 205,   0,2250
11:08:50,1788, 116,2074, 62,1073,1151,   325,   4, 205,   0,2270
11:09:00,1797, 117,2102, 62,1079,1164,   330,   4, 205,   0,2290
11:09:10,1788, 117,2091, 62,1070,1144,   335,   4, 205,   0,2308
11:09:20,1794, 118,2116, 62,1073,1151,   335,   4, 205,   0,2327
11:09:30,1794, 118,2116, 62,1076,1157,   340,   4, 205,   0,2346
11:09:40,1788, 119,2127, 62,1073,1151,   345,   4, 205,   0,2365
11:09:50,1780, 121,2153, 62,1087,1181,   345,   4, 205,   0,2384
11:10:00,1777, 122,2167, 63,1090,1188,   350,   4, 205,   0,2403
11:10:10,1794, 119,2134, 62,1076,1157,   355,   4, 205,   0,2421
11:10:20,1791, 119,2131, 62,1073,1151,   355,   4, 205,   0,2439
11:10:30,1794, 120,2152, 62,1073,1151,   360,   4, 205,   0,2458
11:10:40,1803, 118,2127, 61,1064,1132,   365,   4, 205,   0,2477
11:10:50,1797, 120,2156, 61,1079,1164,   365,   4, 205,   0,2496
11:11:00,1794, 121,2170, 61,1079,1164,   370,   4, 205,   0,2516
11:11:10,1806, 119,2149, 61,1061,1125,   370,   4, 205,   0,2536
11:11:20,1800, 121,2178, 62,1079,1164,   375,   4, 205,   0,2554
11:11:30,1803, 119,2145, 61,1058,1119,   380,   4, 205,   0,2572
11:11:40,1806, 120,2167, 61,1064,1132,   380,   4, 205,   0,2592
11:11:50,1780, 125,2225, 63,1087,1181,   385,   4, 205,   0,2609
11:12:00,1794, 123,2206, 62,1079,1164,   390,   4, 205,   0,2627
11:12:10,1809, 120,2170, 60,1061,1125,   390,   4, 205,   0,2642
11:12:20,1780, 125,2225, 63,1087,1181,   395,   4, 205,   0,2658
11:12:30,1803, 119,2145, 60,1061,1125,   400,   4, 205,   0,2676
11:12:40,1797, 123,2210, 62,1079,1164,   400,   4, 205,   0,2695
11:12:50,1806, 121,2185, 60,1064,1132,   405,   4, 205,   0,2711
11:13:00,1780, 125,2225, 63,1087,1181,   410,   4, 205,   0,2728
11:13:10,1791, 123,2202, 62,1073,1151,   410,   4, 205,   0,2746
11:13:20,1809, 121,2188, 61,1061,1125,   415,   4, 205,   0,2764
11:13:30,1806, 121,2185, 60,1061,1125,   415,   4, 205,   0,2776
11:13:40,1800, 120,2160, 60,1058,1119,   420,   4, 205,   0,2793
11:13:50,1806, 121,2185, 60,1064,1132,   425,   4, 205,   0,2804
11:14:00,1803, 120,2163, 60,1058,1119,   425,   4, 205,   0,2818
11:14:10,1803, 120,2163, 60,1061,1125,   430,   4, 205,   0,2834
11:14:20,1803, 121,2181, 60,1061,1125,   435,   4, 205,   0,2845
11:14:30,1806, 121,2185, 60,1061,1125,   435,   4, 205,   0,2858
11:14:40,1797, 123,2210, 62,1076,1157,   440,   4, 205,   0,2877
11:14:50,1780, 125,2225, 62,1087,1181,   440,   4, 205,   0,2895
11:15:00,1794, 123,2206, 62,1073,1151,   445,   4, 205,   0,2914
11:15:10,1794, 123,2206, 62,1076,1157,   450,   4, 205,   0,2929
11:15:20,1800, 120,2160, 61,1052,1106,   450,   4, 205,   0,2948
11:15:30,1791, 123,2202, 62,1073,1151,   455,   4, 205,   0,2962
11:15:40,1803, 120,2163, 61,1058,1119,   460,   4, 205,   0,2980
11:15:50,1803, 120,2163, 60,1055,1113,   460,   4, 205,   0,2998
11:16:00,1791, 123,2202, 62,1079,1164,   465,   4, 205,   0,3016
11:16:10,1800, 121,2178, 60,1061,1125,   470,   4, 205,   0,3031
11:16:20,1800, 121,2178, 60,1055,1113,   470,   4, 205,   0,3045
11:16:30,1803, 121,2181, 60,1058,1119,   475,   4, 205,   0,3058
11:16:40,1803, 121,2181, 60,1061,1125,   475,   4, 205,   0,3071
11:16:50,1803, 121,2181, 60,1061,1125,   480,   4, 205,   0,3083
11:17:00,1803, 121,2181, 60,1061,1125,   485,   4, 205,   0,3096
11:17:10,1800, 121,2178, 60,1058,1119,   485,   4, 205,   0,3108
11:17:20,1791, 123,2202, 62,1073,1151,   490,   4, 205,   0,3127
11:17:30,1806, 121,2185, 60,1064,1132,   495,   4, 205,   0,3141
11:17:40,1803, 121,2181, 60,1058,1119,   495,   4, 205,   0,3153
11:17:50,1797, 120,2156, 61,1055,1113,   500,   4, 205,   0,3168
11:18:00,1788, 123,2199, 62,1079,1164,   500,   4, 205,   0,3185
11:18:10,1791, 123,2202, 62,1076,1157,   505,   4, 205,   0,3203
11:18:20,1803, 121,2181, 60,1061,1125,   510,   4, 205,   0,3217
11:18:30,1803, 120,2163, 60,1058,1119,   510,   4, 205,   0,3230
11:18:40,1806, 121,2185, 60,1061,1125,   515,   4, 205,   0,3245
11:18:50,1803, 121,2181, 60,1058,1119,   520,   4, 205,   0,3258
11:19:00,1806, 121,2185, 60,1064,1132,   520,   4, 205,   0,3272
11:19:10,1782, 123,2191, 62,1070,1144,   525,   4, 205,   0,3291
11:19:20,1756, 131,2300, 65,1096,1201,   530,   4, 205,   0,3308
11:19:30,1774, 132,2341, 65,1085,1177,   530,   4, 205,   0,3327
11:19:40,1791, 134,2399, 65,1055,1113,   535,   4, 205,   0,3342
11:19:50,1812, 132,2391, 65,1017,1034,   540,   4, 205,   0,3356
11:20:00,1809, 133,2405, 65,1041,1083,   540,   4, 205,   0,3374
11:20:10,1806, 127,2293, 65,1038,1077,   545,   4, 205,   0,3393
11:20:20,1806, 125,2257, 65,1038,1077,   545,   4, 205,   0,3410
11:20:30,1821, 124,2258, 65,1026,1052,   550,   4, 205,   0,3429
11:20:40,1806, 128,2311, 65,1038,1077,   555,   4, 205,   0,3448
11:20:50,1806, 134,2420, 65,1041,1083,   555,   4, 205,   0,3467
11:21:00,1818, 135,2454, 65,1023,1046,   560,   4, 205,   0,3481
11:21:10,1835, 133,2440, 65, 988, 976,   560,   4, 205,   0,3496
11:21:20,1862, 129,2401, 65, 929, 863,   565,   4, 205,   0,3513
11:21:30,1853, 134,2483, 65, 950, 902,   565,   4, 205,   0,3532
11:21:40,1873, 130,2434, 65, 891, 793,   570,   4, 205,   0,3551
11:22:02,1,0,0,0,0,0,0
11:22:12,1803, 173,3119, 65,1035,1071,   570,   4, 205,   0,3574
11:22:22,1803, 201,3624, 65,1038,1077,   575,   4, 205,   0,3593
11:22:32,1821, 217,3951, 65,1000,1000,   580,   4, 205,   0,3611
11:22:42,1826, 204,3725, 65,1002,1004,   580,   4, 209,   0,3627
11:22:52,1812, 197,3569, 65,1023,1046,   585,   4, 218,   0,3638
11:23:02,1818, 194,3526, 65,1023,1046,   585,   4, 224,   0,3652
11:23:12,1826, 187,3414, 65,1005,1010,   590,   4, 224,   0,3670
11:23:22,1821, 180,3277, 65,1000,1000,   595,   4, 227,   0,3687
11:23:32,1826, 179,3268, 65,1008,1016,   595,   4, 231,   0,3703
11:23:42,1824, 178,3246, 65,1002,1004,   600,   4, 236,   0,3718
11:23:52,1824, 178,3246, 65,1002,1004,   600,   4, 240,   0,3734
11:24:02,1815, 176,3194, 65,1020,1040,   605,   4, 241,   0,3753
11:24:12,1824, 172,3137, 65,1002,1004,   605,   4, 241,   0,3773
11:24:22,1826, 166,3031, 65,1008,1016,   610,   4, 245,   0,3789
11:24:32,1800, 170,3060, 65,1035,1071,   615,   4, 246,   0,3806
11:24:42,1803, 168,3029, 65,1035,1071,   615,   4, 246,   0,3826
11:24:52,1794, 172,3085, 65,1052,1106,   620,   4, 246,   0,3843
11:25:02,1800, 171,3078, 65,1035,1071,   620,   4, 246,   0,3856
11:25:12,1782, 175,3118, 65,1067,1138,   625,   4, 246,   0,3873
11:25:22,1785, 174,3105, 65,1070,1144,   630,   4, 246,   0,3893
11:25:32,1797, 171,3072, 65,1055,1113,   630,   4, 246,   0,3911
11:25:42,1777, 176,3127, 65,1085,1177,   635,   4, 246,   0,3926
11:25:52,1777, 176,3127, 65,1085,1177,   640,   4, 246,   0,3946
11:26:02,1797, 171,3072, 65,1055,1113,   640,   4, 246,   0,3960
11:26:12,1791, 171,3062, 65,1052,1106,   645,   4, 246,   0,3979
11:26:23,1803, 166,2992, 65,1035,1071,   645,   4, 246,   0,3995
11:26:33,1806, 166,2997, 65,1038,1077,   650,   4, 246,   0,4006
11:26:43,1794, 169,3031, 65,1052,1106,   655,   4, 246,   0,4022
11:26:53,1803, 167,3011, 65,1035,1071,   655,   4, 246,   0,4041
11:27:03,1806, 165,2979, 65,1035,1071,   660,   4, 246,   0,4059
11:27:13,1806, 167,3016, 65,1038,1077,   660,   4, 246,   0,4077
11:27:23,1768, 175,3094, 65,1082,1170,   665,   4, 246,   0,4096
11:27:33,1791, 169,3026, 65,1052,1106,   670,   4, 246,   0,4111
11:27:43,1809, 165,2984, 65,1041,1083,   670,   4, 246,   0,4120
11:27:53,1797, 167,3000, 65,1058,1119,   675,   4, 246,   0,4131
11:28:03,1800, 166,2988, 65,1058,1119,   680,   5, 246,   0,4145
11:28:13,1774, 171,3033, 65,1085,1177,   680,   6, 246,   0,4163
11:28:23,1794, 166,2978, 65,1055,1113,   685,   6, 246,   0,4179
11:28:33,1803, 166,2992, 65,1058,1119,   685,   7, 246,   0,4192
11:28:43,1800, 166,2988, 65,1055,1113,   690,  11, 246,   0,4206
11:28:53,1797, 165,2965, 65,1055,1113,   695,  13, 246,   0,4221
11:29:03,1771, 169,2992, 65,1085,1177,   695,  15, 247,   0,4238
11:29:13,1739, 177,3078, 65,1129,1274,   700,  15, 247,   0,4256
11:29:23,1724, 180,3103, 65,1137,1292,   705,  15, 247,   0,4274
11:29:33,1765, 172,3035, 65,1105,1221,   705,  15, 247,   0,4294
11:29:43,1777, 169,3003, 65,1087,1181,   710,  15, 247,   0,4313
11:29:53,1774, 169,2998, 65,1085,1177,   715,  15, 247,   0,4333
11:30:03,1759, 171,3007, 65,1096,1201,   715,  15, 247,   0,4351
11:30:13,1785, 165,2945, 65,1070,1144,   720,  15, 247,   0,4367
11:30:22,1777, 168,2985, 65,1087,1181,   725,  15, 247,   0,4386
11:30:32,1774, 168,2980, 65,1082,1170,   725,  15, 247,   0,4404
11:30:42,1785, 166,2963, 65,1067,1138,   730,  15, 247,   0,4423
11:30:52,1774, 168,2980, 65,1085,1177,   735,  15, 247,   0,4438
11:31:02,1759, 170,2990, 65,1099,1207,   735,  15, 247,   0,4458
11:31:12,1756, 170,2985, 65,1096,1201,   740,  15, 247,   0,4476
11:31:22,1774, 167,2962, 65,1085,1177,   740,  15, 247,   0,4494
11:31:32,1780, 168,2990, 65,1090,1188,   745,  15, 247,   0,4514
11:31:42,1774, 168,2980, 65,1085,1177,   750,  15, 247,   0,4534
11:31:52,1771, 167,2957, 65,1082,1170,   750,  15, 247,   0,4553
11:32:02,1771, 168,2975, 65,1087,1181,   755,  15, 247,   0,4571
11:32:12,1777, 167,2967, 65,1087,1181,   760,  15, 247,   0,4591
11:32:22,1777, 166,2949, 65,1087,1181,   760,  15, 247,   0,4609
11:32:32,1780, 165,2937, 65,1085,1177,   765,  15, 247,   0,4627
11:32:42,1771, 165,2922, 65,1082,1170,   770,  15, 247,   0,4646
11:32:52,1762, 169,2977, 65,1099,1207,   770,  15, 247,   0,4666
11:33:02,1777, 165,2932, 65,1085,1177,   775,  15, 247,   0,4684
11:33:12,1774, 165,2927, 65,1087,1181,   780,  15, 247,   0,4702
11:33:22,1771, 165,2922, 65,1082,1170,   780,  15, 247,   0,4717
11:33:32,1768, 168,2970, 65,1105,1221,   785,  15, 247,   0,4733
11:33:42,1777, 165,2932, 65,1087,1181,   790,  15, 247,   0,4747
11:33:52,1762, 168,2960, 65,1102,1214,   790,  15, 247,   0,4763
11:34:02,1765, 167,2947, 65,1102,1214,   795,  15, 247,   0,4778
11:34:12,1762, 168,2960, 65,1099,1207,   800,  15, 247,   0,4793
11:34:22,1759, 167,2937, 65,1099,1207,   800,  15, 247,   0,4807
11:34:32,1765, 167,2947, 65,1099,1207,   805,  15, 247,   0,4821
11:34:42,1774, 165,2927, 65,1082,1170,   810,  15, 247,   0,4838
11:34:52,1753, 169,2962, 65,1114,1240,   810,  15, 247,   0,4858
11:35:02,1765, 167,2947, 65,1102,1214,   815,  15, 247,   0,4876
11:35:12,1721, 174,2994, 65,1137,1292,   820,  15, 247,   0,4896
11:35:22,1703, 176,2997, 65,1146,1313,   820,  15, 247,   0,4910
11:35:32,1695, 180,3051, 65,1161,1347,   825,  15, 247,   0,4929
11:35:42,1674, 181,3029, 65,1167,1361,   830,  15, 247,   0,4946
11:35:52,1653, 183,3024, 65,1173,1375,   835,  15, 247,   0,4960
11:36:02,1692, 178,3011, 65,1158,1340,   835,  15, 247,   0,4980
11:36:12,1736, 171,2968, 65,1123,1261,   840,  15, 247,   0,4999
11:36:22,1768, 165,2917, 65,1105,1221,   845,  15, 247,   0,5014
11:36:32,1747, 167,2917, 65,1111,1234,   850,  15, 247,   0,5026
11:36:42,1762, 165,2907, 65,1096,1201,   850,  15, 247,   0,5040
11:36:52,1759, 165,2902, 65,1096,1201,   855,  15, 247,   0,5056
11:37:02,1765, 166,2929, 65,1102,1214,   860,  15, 247,   0,5071
11:37:12,1765, 166,2929, 65,1102,1214,   860,  15, 247,   0,5089
11:37:22,1750, 167,2922, 65,1111,1234,   865,  15, 247,   0,5106
11:37:32,1750, 168,2940, 65,1114,1240,   870,  15, 247,   0,5124
11:37:42,1765, 165,2912, 65,1102,1214,   870,  15, 247,   0,5143
11:37:52,1753, 168,2945, 65,1117,1247,   875,  15, 247,   0,5162
11:38:02,1750, 168,2940, 65,1111,1234,   880,  15, 247,   0,5175
11:38:12,1747, 168,2934, 65,1111,1234,   880,  15, 247,   0,5189
11:38:22,1753, 168,2945, 65,1114,1240,   885,  15, 247,   0,5205
11:38:33,1765, 165,2912, 65,1099,1207,   890,  15, 247,   0,5223
11:38:43,1750, 168,2940, 65,1114,1240,   890,  15, 247,   0,5239
11:38:53,1747, 167,2917, 65,1111,1234,   895,  15, 247,   0,5255
11:39:02,1750, 168,2940, 65,1117,1247,   900,  15, 247,   0,5268
11:39:12,1750, 168,2940, 65,1114,1240,   900,  15, 247,   0,5282
11:39:22,1768, 165,2917, 65,1102,1214,   905,  15, 247,   0,5297
11:39:32,1736, 170,2951, 65,1126,1267,   910,  15, 247,   0,5314
11:39:42,1762, 165,2907, 65,1099,1207,   910,  15, 247,   0,5331
11:39:52,1762, 165,2907, 65,1096,1201,   915,  15, 247,   0,5347
11:40:02,1753, 167,2927, 65,1114,1240,   920,  15, 247,   0,5364
11:40:12,1762, 165,2907, 65,1102,1214,   925,  15, 247,   0,5379
11:40:22,1765, 165,2912, 65,1102,1214,   925,  15, 247,   0,5391
11:40:32,1765, 165,2912, 65,1099,1207,   930,  15, 247,   0,5405
11:40:42,1747, 167,2917, 65,1114,1240,   935,  15, 247,   0,5422
11:40:52,1744, 167,2912, 65,1108,1227,   935,  15, 247,   0,5438
11:41:02,1750, 167,2922, 65,1114,1240,   940,  15, 247,   0,5450
11:41:12,1756, 164,2879, 65,1096,1201,   945,  15, 247,   0,5464
11:41:22,1750, 167,2922, 65,1117,1247,   945,  15, 247,   0,5479
11:41:32,1762, 164,2889, 65,1102,1214,   950,  15, 247,   0,5495
11:41:42,1750, 167,2922, 65,1114,1240,   955,  15, 247,   0,5510
11:41:52,1759, 164,2884, 65,1099,1207,   955,  15, 247,   0,5523
11:42:02,1744, 166,2895, 65,1108,1227,   960,  15, 247,   0,5535
11:42:12,1741, 166,2890, 65,1108,1227,   965,  15, 247,   0,5549
11:42:22,1730, 169,2923, 65,1120,1254,   965,  15, 247,   0,5565
11:42:32,1756, 164,2879, 65,1096,1201,   970,  15, 247,   0,5583
11:42:42,1756, 164,2879, 65,1096,1201,   975,  15, 247,   0,5599
11:42:52,1756, 164,2879, 65,1096,1201,   980,  15, 247,   0,5618
11:43:02,1759, 163,2867, 65,1096,1201,   980,  15, 247,   0,5636
11:43:12,1762, 164,2889, 65,1099,1207,   985,  15, 247,   0,5655
11:43:22,1741, 166,2890, 65,1108,1227,   990,  15, 247,   0,5673
11:43:32,1744, 166,2895, 65,1108,1227,   990,  15, 247,   0,5690
11:43:42,1744, 166,2895, 65,1108,1227,   995,  15, 247,   0,5706
11:43:52,1741, 166,2890, 65,1111,1234,  1000,  15, 247,   0,5720
11:44:02,1756, 163,2862, 65,1093,1194,  1000,  16, 247,   0,5736
11:44:12,1744, 166,2895, 65,1111,1234,  1005,  16, 247,   0,5752
11:44:22,1744, 165,2877, 65,1111,1234,  1010,  16, 247,   0,5768
11:44:32,1730, 168,2906, 65,1123,1261,  1010,  16, 247,   0,5786
11:44:42,1733, 169,2928, 65,1126,1267,  1015,  16, 247,   0,5804
11:44:52,1695, 173,2932, 65,1140,1299,  1020,  16, 247,   0,5823
11:45:02,1721, 170,2925, 65,1134,1285,  1020,  16, 247,   0,5841
11:45:12,1718, 170,2920, 65,1137,1292,  1025,  16, 247,   0,5860
11:45:22,1718, 170,2920, 65,1134,1285,  1030,  16, 247,   0,5879
11:45:32,1715, 170,2915, 65,1131,1279,  1035,  17, 247,   0,5897
11:45:42,1733, 168,2911, 65,1126,1267,  1035,  17, 247,   0,5917
11:45:52,1733, 168,2911, 65,1123,1261,  1040,  17, 247,   0,5937
11:46:02,1730, 168,2906, 65,1120,1254,  1045,  17, 247,   0,5957
11:46:12,1736, 168,2916, 65,1126,1267,  1045,  17, 247,   0,5975
11:46:22,1715, 170,2915, 65,1134,1285,  1050,  17, 247,   0,5992
11:46:32,1697, 172,2918, 65,1140,1299,  1055,  17, 247,   0,6010
11:46:42,1683, 174,2928, 65,1152,1327,  1060,  17, 247,   0,6024
11:46:52,1700, 173,2941, 65,1146,1313,  1060,  17, 247,   0,6041
11:47:02,1736, 167,2899, 65,1126,1267,  1065,  17, 247,   0,6054
11:47:12,1739, 167,2904, 65,1126,1267,  1070,  17, 247,   0,6072
11:47:22,1739, 167,2904, 65,1126,1267,  1070,  17, 247,   0,6088
11:47:32,1736, 167,2899, 65,1126,1267,  1075,  17, 247,   0,6102
11:47:42,1736, 167,2899, 65,1126,1267,  1080,  17, 247,   0,6120
11:47:51,1739, 167,2904, 65,1129,1274,  1080,  17, 247,   0,6136
11:48:01,1736, 167,2899, 65,1129,1274,  1085,  17, 247,   0,6154
11:48:11,1730, 166,2871, 65,1120,1254,  1090,  17, 247,   0,6170
11:48:21,1741, 164,2855, 65,1108,1227,  1095,  17, 247,   0,6183
11:48:31,1750, 165,2887, 65,1114,1240,  1095,  17, 247,   0,6196
11:48:41,1736, 167,2899, 65,1126,1267,  1100,  17, 247,   0,6213
11:48:51,1733, 167,2894, 65,1120,1254,  1105,  17, 247,   0,6228
11:49:01,1736, 167,2899, 65,1123,1261,  1105,  17, 247,   0,6243
11:49:11,1733, 167,2894, 65,1123,1261,  1110,  17, 247,   0,6257
11:49:21,1750, 165,2887, 65,1114,1240,  1115,  17, 247,   0,6271
11:49:31,1747, 164,2865, 65,1114,1240,  1115,  17, 247,   0,6288
11:49:41,1750, 165,2887, 65,1114,1240,  1120,  17, 247,   0,6304
11:49:51,1736, 167,2899, 65,1126,1267,  1125,  17, 247,   0,6320
11:50:01,1747, 164,2865, 65,1111,1234,  1130,  17, 247,   0,6335
11:50:11,1744, 164,2860, 65,1111,1234,  1130,  17, 247,   0,6350
11:50:21,1747, 164,2865, 65,1111,1234,  1135,  17, 247,   0,6365
11:50:31,1744, 164,2860, 65,1108,1227,  1140,  17, 247,   0,6378
11:50:41,1733, 166,2876, 65,1123,1261,  1140,  17, 247,   0,6390
11:50:52,1718, 169,2903, 65,1134,1285,  1145,  17, 247,   0,6406
11:51:02,1712, 169,2893, 65,1134,1285,  1150,  17, 247,   0,6424
11:51:12,1695, 171,2898, 65,1137,1292,  1155,  17, 247,   0,6443
11:51:22,1692, 171,2893, 65,1143,1306,  1155,  17, 247,   0,6455
11:51:32,1677, 173,2901, 65,1149,1320,  1160,  17, 247,   0,6472
11:51:42,1715, 168,2881, 65,1134,1285,  1165,  17, 247,   0,6490
11:51:52,1718, 169,2903, 65,1134,1285,  1165,  17, 247,   0,6509
11:52:02,1712, 168,2876, 65,1131,1279,  1170,  17, 247,   0,6528
11:52:12,1718, 168,2886, 65,1134,1285,  1175,  17, 247,   0,6544
11:52:22,1736, 166,2881, 65,1123,1261,  1180,  17, 247,   0,6562
11:52:32,1736, 166,2881, 65,1123,1261,  1180,  17, 247,   0,6582
11:52:42,1736, 166,2881, 65,1129,1274,  1185,  17, 247,   0,6600
11:52:52,1718, 168,2886, 65,1134,1285,  1190,  17, 247,   0,6617
11:53:02,1736, 166,2881, 65,1123,1261,  1190,  17, 247,   0,6632
11:53:12,1730, 165,2854, 65,1120,1254,  1195,  17, 247,   0,6652
11:53:22,1733, 166,2876, 65,1126,1267,  1200,  17, 247,   0,6672
11:53:32,1712, 168,2876, 65,1131,1279,  1200,  17, 247,   0,6688
11:53:42,1709, 167,2854, 65,1129,1274,  1205,  17, 247,   0,6699
11:53:52,1680, 173,2906, 65,1152,1327,  1210,  17, 247,   0,6715
11:54:02,1677, 173,2901, 65,1149,1320,  1215,  17, 247,   0,6729
11:54:12,1636, 177,2895, 65,1161,1347,  1215,  17, 247,   0,6747
11:54:22,1595, 181,2886, 65,1170,1368,  1220,  17, 247,   0,6766
11:54:32,1621, 179,2901, 65,1170,1368,  1225,  17, 247,   0,6781
11:54:42,1645, 177,2911, 65,1167,1361,  1230,  17, 247,   0,6801
11:54:52,1665, 175,2913, 65,1158,1340,  1230,  17, 247,   0,6818
11:55:02,1659, 175,2903, 65,1158,1340,  1235,  17, 247,   0,6837
11:55:12,1680, 173,2906, 65,1149,1320,  1240,  17, 247,   0,6856
11:55:22,1697, 170,2884, 65,1140,1299,  1245,  17, 247,   0,6871
11:55:32,1715, 167,2864, 65,1134,1285,  1245,  17, 247,   0,6881
11:55:42,1724, 165,2844, 65,1120,1254,  1250,  17, 247,   0,6901
11:55:52,1712, 168,2876, 65,1137,1292,  1255,  17, 247,   0,6921
11:56:02,1712, 168,2876, 65,1129,1274,  1255,  17, 247,   0,6939
11:56:12,1680, 173,2906, 65,1149,1320,  1260,  17, 247,   0,6958
11:56:22,1642, 176,2889, 65,1161,1347,  1265,  17, 247,   0,6973
11:56:32,1656, 174,2881, 65,1155,1334,  1270,  17, 247,   0,6990
11:56:41,1680, 172,2889, 65,1149,1320,  1270,  17, 247,   0,7001
11:56:51,1662, 174,2891, 65,1161,1347,  1275,  17, 247,   0,7015
11:57:01,1680, 172,2889, 65,1149,1320,  1280,  17, 247,   0,7032
11:57:11,1697, 170,2884, 65,1143,1306,  1285,  17, 247,   0,7048
11:57:21,1695, 170,2881, 65,1143,1306,  1285,  17, 247,   0,7064
11:57:31,1697, 170,2884, 65,1143,1306,  1290,  17, 247,   0,7083
11:57:41,1712, 168,2876, 65,1131,1279,  1295,  17, 247,   0,7098
11:57:51,1712, 168,2876, 65,1129,1274,  1295,  17, 247,   0,7111
11:58:01,1712, 168,2876, 65,1134,1285,  1300,  17, 247,   0,7124
11:58:11,1712, 168,2876, 65,1134,1285,  1305,  17, 247,   0,7139
11:58:21,1706, 168,2866, 65,1126,1267,  1310,  17, 247,   0,7153
11:58:31,1656, 175,2898, 65,1158,1340,  1310,  17, 247,   0,7172
11:58:41,1674, 173,2896, 65,1146,1313,  1315,  17, 247,   0,7192
11:58:51,1651, 174,2872, 65,1149,1320,  1320,  17, 247,   0,7211
11:59:01,1668, 172,2868, 65,1143,1306,  1320,  17, 247,   0,7229
11:59:11,1686, 170,2866, 65,1131,1279,  1325,  17, 247,   0,7246
11:59:21,1700, 168,2856, 65,1123,1261,  1330,  17, 247,   0,7265
11:59:31,1706, 167,2849, 65,1126,1267,  1335,  17, 247,   0,7282
11:59:41,1706, 168,2866, 65,1126,1267,  1335,  17, 247,   0,7301
11:59:51,1721, 165,2839, 65,1114,1240,  1340,  17, 247,   0,7321
12:00:01,1721, 165,2839, 65,1114,1240,  1345,  17, 247,   0,7339
12:00:11,1709, 168,2871, 65,1126,1267,  1345,  17, 247,   0,7357
12:00:21,1706, 168,2866, 65,1126,1267,  1350,  17, 247,   0,7374
12:00:31,1703, 168,2861, 65,1126,1267,  1355,  17, 247,   0,7390
12:00:41,1700, 167,2839, 65,1123,1261,  1355,  17, 247,   0,7406
12:00:51,1706, 168,2866, 65,1126,1267,  1360,  17, 247,   0,7424
12:01:01,1724, 165,2844, 65,1114,1240,  1365,  17, 247,   0,7439
12:01:11,1715, 165,2829, 65,1111,1234,  1365,  17, 247,   0,7456
12:01:21,1703, 167,2844, 65,1126,1267,  1370,  17, 247,   0,7469
12:01:31,1686, 169,2849, 65,1131,1279,  1375,  17, 247,   0,7485
12:01:41,1624, 173,2809, 65,1129,1274,  1380,  17, 247,   0,7503
12:01:51,1422, 169,2403, 65,1035,1071,  1380,  17, 247,   0,7522
12:02:01,1278, 163,2083, 65, 961, 923,  1385,  17, 247,   0,7542
12:02:11,1231, 157,1932, 65, 909, 826,  1385,  17, 247,   0,7562
12:02:38,1,0,0,0,0,0,0
12:03:04,1,0,0,0,0,0,0
12:03:30,1,0,0,0,0,0,0
12:03:55,1,0,0,0,0,0,0

